KGM  128.2150 26.7567 OT04 128.2550 29.0525 3.63 254.446  69.999   0.864
KGM  128.2150 26.7567 GMZK 129.6510 28.4973 3.52 239.356  67.999  35.983
GMZK 129.6510 28.4973 TAS  130.9090 31.1946 3.55 322.754  90.994  21.815
GMZK 129.6510 28.4973 KYK  130.4100 30.3781 3.57 221.081  61.980  19.258
OT07 128.4610 29.7510 OT30 130.3310 28.1010 3.54 258.218  73.005 134.635
AMG  128.9210 27.8215 KYK  130.4100 30.3781 3.62 318.263  87.967  26.728
OT04 128.2550 29.0525 OT26 130.4990 28.8494 3.70 219.937  59.507  95.333
OT04 128.2550 29.0525 KYK  130.4100 30.3781 3.64 255.097  70.005  54.303
OT14 128.4990 28.6807 KYK  130.4100 30.3781 3.67 264.016  71.998  44.087
OT02 127.8730 28.7925 OT28 130.2290 28.5500 3.68 231.858  63.005  96.093
KGM  128.2150 26.7567 OT29 130.5910 28.3600 3.46 294.320  84.990  52.328
OT34 129.4000 27.3185 OT27 130.2110 28.9197 3.45 194.496  56.441  23.981
OT02 127.8730 28.7925 OT27 130.2110 28.9197 3.69 228.598  62.001  85.903
KGM  128.2150 26.7567 OT24 130.8400 29.4501 3.51 394.467 112.512  40.225
OT28 130.2290 28.5500 NOMT 131.0600 30.7369 3.43 255.433  74.470  18.170
OT17 128.4090 28.0396 OT24 130.8400 29.4501 3.67 284.272  77.501  56.063
OT04 128.2550 29.0525 OT30 130.3310 28.1010 3.55 228.867  64.506 116.939
KGM  128.2150 26.7567 OT33 129.4500 27.5472 3.55 150.507  42.432  54.132
KGM  128.2150 26.7567 OT14 128.4990 28.6807 3.68 215.037  58.498   7.413
OT28 130.2290 28.5500 TAS  130.9090 31.1946 3.45 300.437  87.008  12.474
OT11 128.6350 29.4318 OT34 129.4000 27.3185 3.62 245.935  67.994 162.052
OT04 128.2550 29.0525 OT34 129.4000 27.3185 3.59 222.676  61.992 149.381
KGM  128.2150 26.7567 OT20 130.1540 29.2781 3.54 338.279  95.505  33.865
OT27 130.2110 28.9197 TAS  130.9090 31.1946 3.48 261.015  75.004  14.778
OT20 130.1540 29.2781 TAS  130.9090 31.1946 3.45 224.538  65.008  18.694
OT01 127.7730 28.6329 OT34 129.4000 27.3185 3.61 216.441  60.006 131.914
KYK  130.4100 30.3781 OT25 130.5810 28.9975 3.62 153.933  42.499 173.771
KGM  128.2150 26.7567 OT28 130.2290 28.5500 3.49 280.989  80.490  44.532
KGM  128.2150 26.7567 OT06 128.3050 29.3225 3.60 284.480  79.000   1.758
OT34 129.4000 27.3185 OT28 130.2290 28.5500 3.46 158.962  45.996  30.657
OT34 129.4000 27.3185 KYK  130.4100 30.3781 3.55 353.116  99.497  15.957
OT29 130.5910 28.3600 TAS  130.9090 31.1946 3.45 315.713  91.511   5.510
OT28 130.2290 28.5500 KYK  130.4100 30.3781 3.60 203.394  56.498   4.913
OT25 130.5810 28.9975 TAS  130.9090 31.1946 3.53 245.602  69.497   7.315
OT21 130.5800 29.4695 TAS  130.9090 31.1946 3.49 193.842  55.494   9.314
OT14 128.4990 28.6807 OT20 130.1540 29.2781 3.67 174.381  47.497  67.287
OT13 128.6020 29.0207 OT24 130.8400 29.4501 3.62 222.742  61.497  77.120
OT03 128.1910 28.8611 KGM  128.2150 26.7567 3.67 233.215  63.494 179.411
OT01 127.7730 28.6329 KGM  128.2150 26.7567 3.63 212.434  58.506 168.052
AMG  128.9210 27.8215 OT21 130.5800 29.4695 3.52 244.263  69.492  41.213
OT28 130.2290 28.5500 MNTN 130.8700 30.4624 3.45 220.913  63.996  16.199
OT27 130.2110 28.9197 KYK  130.4100 30.3781 3.62 162.802  44.998   6.745
OT24 130.8400 29.4501 TAS  130.9090 31.1946 3.52 193.506  55.005   1.951
OT20 130.1540 29.2781 NOMT 131.0600 30.7369 3.40 183.816  54.000  28.162
OT16 127.9510 28.2012 OT20 130.1540 29.2781 3.67 246.087  66.999  60.464
OT14 128.4990 28.6807 OT34 129.4000 27.3185 3.65 175.069  47.977 149.361
OT13 128.6020 29.0207 OT34 129.4000 27.3185 3.58 204.294  57.002 157.236
OT10 128.8440 29.6621 NOMT 131.0600 30.7369 3.49 244.431  69.997  60.276
OT06 128.3050 29.3225 TAS  130.9090 31.1946 3.62 325.370  90.006  49.725
KYK  130.4100 30.3781 OT29 130.5910 28.3600 3.56 224.384  62.994 175.451
KYK  130.4100 30.3781 OT23 130.8810 29.5506 3.59 102.390  28.497 153.505
KGM  128.2150 26.7567 OT34 129.4000 27.3185 3.55 133.056  37.502  61.839
KGM  128.2150 26.7567 OT30 130.3310 28.1010 3.52 256.800  72.996  54.065
KGM  128.2150 26.7567 OT21 130.5800 29.4695 3.50 379.947 108.494  37.154
KGM  128.2150 26.7567 OT07 128.4610 29.7510 3.62 332.717  92.012   4.103
GMZK 129.6510 28.4973 MNTN 130.8700 30.4624 3.49 247.821  70.907  28.193
OT33 129.4500 27.5472 KYK  130.4100 30.3781 3.54 327.410  92.489  16.374
OT31 129.6990 27.9990 KYK  130.4100 30.3781 3.56 272.614  76.491  14.525
OT30 130.3310 28.1010 NOMT 131.0600 30.7369 3.44 300.620  87.491  13.438
OT11 128.6350 29.4318 OT29 130.5910 28.3600 3.57 224.778  62.998 121.429
OT07 128.4610 29.7510 OT33 129.4500 27.5472 3.62 262.679  72.503 158.169
OT02 127.8730 28.7925 OT19 129.6600 29.2404 3.73 181.072  48.506  73.658
KGM  128.2150 26.7567 TKRS 129.2090 29.1442 3.64 282.067  77.491  20.052
KGM  128.2150 26.7567 OT27 130.2110 28.9197 3.48 309.992  89.001  38.899
KGM  128.2150 26.7567 OT25 130.5810 28.9975 3.53 340.488  96.510  42.631
KGM  128.2150 26.7567 AMG  128.9210 27.8215 3.47 137.132  39.497  30.480
OT29 130.5910 28.3600 NOMT 131.0600 30.7369 3.47 267.360  77.005   9.670
OT17 128.4090 28.0396 OT27 130.2110 28.9197 3.63 201.591  55.504  60.639
OT11 128.6350 29.4318 OT27 130.2110 28.9197 3.63 163.481  44.999 109.932
OT07 128.4610 29.7510 OT28 130.2290 28.5500 3.69 217.460  58.996 127.312
OT06 128.3050 29.3225 OT30 130.3310 28.1010 3.69 239.806  65.006 123.882
OT02 127.8730 28.7925 KGM  128.2150 26.7567 3.62 228.114  62.980 171.404
OT01 127.7730 28.6329 OT33 129.4500 27.5472 3.61 204.049  56.508 125.736
OT01 127.7730 28.6329 OT24 130.8400 29.4501 3.59 312.143  86.996  72.396
AMG  128.9210 27.8215 NOMT 131.0600 30.7369 3.51 384.202 109.490  32.235
OT33 129.4500 27.5472 MNTN 130.8700 30.4624 3.55 351.478  99.008  22.844
OT16 127.9510 28.2012 OT34 129.4000 27.3185 3.64 173.145  47.502 124.060
OT04 128.2550 29.0525 OT24 130.8400 29.4501 3.67 255.146  69.503  79.427
OT04 128.2550 29.0525 OT17 128.4090 28.0396 3.91 113.273  29.000 172.287
OKED 128.6160 27.3855 OT27 130.2110 28.9197 3.48 231.212  66.478  42.291
KYK  130.4100 30.3781 TAS  130.9090 31.1946 3.53 102.368  29.013  27.710
KGM  128.2150 26.7567 OT13 128.6020 29.0207 3.62 253.763  70.004   8.538
OT21 130.5800 29.4695 OT29 130.5910 28.3600 3.57 122.976  34.495 179.488
OT20 130.1540 29.2781 MNTN 130.8700 30.4624 3.37 148.379  44.003  27.606
OT20 130.1540 29.2781 KYK  130.4100 30.3781 3.51 124.410  35.495  11.386
OT16 127.9510 28.2012 TKRS 129.2090 29.1442 3.67 161.354  44.002  49.331
OT16 127.9510 28.2012 OT24 130.8400 29.4501 3.59 314.099  87.493  63.166
OT13 128.6020 29.0207 OT33 129.4500 27.5472 3.63 183.277  50.503 152.797
OT11 128.6350 29.4318 TAS  130.9090 31.1946 3.62 293.316  81.004  47.659
OT11 128.6350 29.4318 OT30 130.3310 28.1010 3.58 221.783  62.003 131.276
OT07 128.4610 29.7510 AMG  128.9210 27.8215 3.68 218.517  59.444 168.030
OT06 128.3050 29.3225 OT29 130.5910 28.3600 3.61 247.299  68.504 115.002
OT03 128.1910 28.8611 KYK  130.4100 30.3781 3.61 272.847  75.497  51.415
OT01 127.7730 28.6329 OT30 130.3310 28.1010 3.73 257.563  68.996 102.623
OT01 127.7730 28.6329 OT27 130.2110 28.9197 3.56 240.155  67.497  81.812
OT01 127.7730 28.6329 OT19 129.6600 29.2404 3.70 195.892  53.001  69.444
OT30 130.3310 28.1010 KYK  130.4100 30.3781 3.48 252.511  72.498   1.722
OT26 130.4990 28.8494 TAS  130.9090 31.1946 3.48 262.968  75.500   8.555
OT25 130.5810 28.9975 NOMT 131.0600 30.7369 3.48 198.290  56.996  13.376
OT16 127.9510 28.2012 KGM  128.2150 26.7567 3.69 162.181  43.999 170.678
OT13 128.6020 29.0207 KYK  130.4100 30.3781 3.63 230.762  63.501  48.864
OT07 128.4610 29.7510 OT27 130.2110 28.9197 3.55 193.305  54.483 118.039
OT06 128.3050 29.3225 OT28 130.2290 28.5500 3.52 206.164  58.503 114.072
OT06 128.3050 29.3225 GMZK 129.6510 28.4973 3.72 160.013  43.003 124.536
OT02 127.8730 28.7925 OT11 128.6350 29.4318 3.80 102.597  26.999  46.135
OT02 127.8730 28.7925 OT07 128.4610 29.7510 3.96 120.666  30.502  28.161
OT01 127.7730 28.6329 OT11 128.6350 29.4318 3.75 122.008  32.501  43.262
KGM  128.2150 26.7567 OT19 129.6600 29.2404 3.64 309.753  85.004  26.973
AMG  128.9210 27.8215 OT28 130.2290 28.5500 3.49 151.657  43.505  57.530
OT34 129.4000 27.3185 OT26 130.4990 28.8494 3.53 201.094  56.999  32.216
OT34 129.4000 27.3185 OT20 130.1540 29.2781 3.42 229.415  67.002  18.628
OT33 129.4500 27.5472 OT25 130.5810 28.9975 3.55 195.321  55.005  34.361
OT28 130.2290 28.5500 OT24 130.8400 29.4501 3.47 116.202  33.497  30.701
OT24 130.8400 29.4501 NOMT 131.0600 30.7369 3.47 144.219  41.502   8.401
OT23 130.8810 29.5506 NOMT 131.0600 30.7369 3.50 132.637  37.896   7.427
OT17 128.4090 28.0396 OT28 130.2290 28.5500 3.60 187.217  52.005  71.987
OT16 127.9510 28.2012 OT12 128.6050 29.2506 3.74 132.709  35.503  28.633
OT13 128.6020 29.0207 OT30 130.3310 28.1010 3.60 197.517  54.942 120.654
OT13 128.6020 29.0207 OT28 130.2290 28.5500 3.64 167.186  45.981 107.791
OT07 128.4610 29.7510 KYK  130.4100 30.3781 3.68 200.335  54.498  69.213
OT05 128.0760 29.0927 OT30 130.3310 28.1010 3.57 246.414  68.946 115.949
OT04 128.2550 29.0525 OT33 129.4500 27.5472 3.61 203.906  56.499 144.614
OT04 128.2550 29.0525 GMZK 129.6510 28.4973 3.69 149.628  40.495 113.948
OT03 128.1910 28.8611 OT33 129.4500 27.5472 3.64 190.989  52.498 139.377
OT03 128.1910 28.8611 AMG  128.9210 27.8215 3.67 135.641  37.000 147.975
OT02 127.8730 28.7925 OT33 129.4500 27.5472 3.64 207.473  56.998 131.322
OT02 127.8730 28.7925 OT24 130.8400 29.4501 3.61 297.867  82.489  75.121
OT01 127.7730 28.6329 OT07 128.4610 29.7510 3.81 140.844  36.996  28.204
OKED 128.6160 27.3855 TKRS 129.2090 29.1442 3.64 203.416  55.945  16.487
OKED 128.6160 27.3855 KYK  130.4100 30.3781 3.62 375.013 103.509  27.392
KGM  128.2150 26.7567 OT26 130.4990 28.8494 3.46 323.125  93.497  43.614
OT34 129.4000 27.3185 GMZK 129.6510 28.4973 3.59 132.946  37.001  10.650
OT33 129.4500 27.5472 OT23 130.8810 29.5506 3.60 262.504  72.999  31.904
OT19 129.6600 29.2404 TAS  130.9090 31.1946 3.59 247.779  69.000  28.729
OT19 129.6600 29.2404 NOMT 131.0600 30.7369 3.54 213.951  60.387  38.816
OT17 128.4090 28.0396 OT33 129.4500 27.5472 3.69 116.181  31.468 117.770
OT16 127.9510 28.2012 OT19 129.6600 29.2404 3.72 202.820  54.507  54.993
OT13 128.6020 29.0207 TAS  130.9090 31.1946 3.62 327.902  90.506  42.132
OT13 128.6020 29.0207 OT25 130.5810 28.9975 3.74 192.869  51.500  90.286
OT12 128.6050 29.2506 OT31 129.6990 27.9990 3.61 175.139  48.475 142.112
OT06 128.3050 29.3225 OT33 129.4500 27.5472 3.57 226.475  63.492 150.039
OT06 128.3050 29.3225 OT27 130.2110 28.9197 3.74 190.787  50.999 103.070
OT06 128.3050 29.3225 AMG  128.9210 27.8215 3.72 176.941  47.501 159.934
OT03 128.1910 28.8611 OT28 130.2290 28.5500 3.71 202.054  54.506  99.337
OT02 127.8730 28.7925 OT20 130.1540 29.2781 3.52 228.681  65.003  75.838
OT01 127.7730 28.6329 OKED 128.6160 27.3855 3.66 161.174  44.001 148.862
OKED 128.6160 27.3855 OT20 130.1540 29.2781 3.61 258.373  71.492  35.368
GMZK 129.6510 28.4973 OT21 130.5800 29.4695 3.52 140.725  40.001  39.807
OT34 129.4000 27.3185 OT24 130.8400 29.4501 3.53 275.162  77.994  30.513
OT33 129.4500 27.5472 OT24 130.8400 29.4501 3.54 250.990  71.001  32.508
OT30 130.3310 28.1010 OT24 130.8400 29.4501 3.43 157.574  45.994  18.273
OT19 129.6600 29.2404 OT30 130.3310 28.1010 3.51 142.296  40.506 152.393
OT19 129.6600 29.2404 KYK  130.4100 30.3781 3.78 145.463  38.503  29.707
OT17 128.4090 28.0396 OT34 129.4000 27.3185 3.77 126.280  33.496 129.026
OT16 127.9510 28.2012 TAS  130.9090 31.1946 3.62 438.193 121.014  40.067
OT16 127.9510 28.2012 OT33 129.4500 27.5472 3.61 164.437  45.500 115.801
OT16 127.9510 28.2012 OT30 130.3310 28.1010 3.66 234.014  64.008  92.161
OT16 127.9510 28.2012 OT11 128.6350 29.4318 3.70 151.842  41.005  25.910
OT12 128.6050 29.2506 OT34 129.4000 27.3185 3.59 227.887  63.496 159.796
OT11 128.6350 29.4318 OT33 129.4500 27.5472 3.64 223.596  61.495 158.891
OT07 128.4610 29.7510 OT24 130.8400 29.4501 3.82 232.842  61.001  97.650
OT07 128.4610 29.7510 OT21 130.5800 29.4695 3.81 207.595  54.501  98.123
OT07 128.4610 29.7510 OT14 128.4990 28.6807 3.77 118.689  31.499 178.216
OT06 128.3050 29.3225 OT34 129.4000 27.3185 3.63 246.705  68.000 153.927
OT06 128.3050 29.3225 OT17 128.4090 28.0396 3.80 142.549  37.503 175.878
OT05 128.0760 29.0927 OT33 129.4500 27.5472 3.63 217.920  60.000 141.483
OT05 128.0760 29.0927 OT27 130.2110 28.9197 3.76 208.880  55.494  94.751
OT05 128.0760 29.0927 KGM  128.2150 26.7567 3.60 259.234  72.009 176.940
OT04 128.2550 29.0525 OT31 129.6990 27.9990 3.67 183.333  49.968 129.212
OT04 128.2550 29.0525 OT28 130.2290 28.5500 3.68 200.595  54.495 105.645
OT03 128.1910 28.8611 OT34 129.4000 27.3185 3.56 208.204  58.501 144.907
OT03 128.1910 28.8611 OT24 130.8400 29.4501 3.62 265.862  73.503  75.146
OT02 127.8730 28.7925 OT31 129.6990 27.9990 3.59 199.404  55.498 115.734
OT02 127.8730 28.7925 OT25 130.5810 28.9975 3.66 265.169  72.490  84.435
OT02 127.8730 28.7925 GMZK 129.6510 28.4973 3.81 176.966  46.497 100.229
OT01 127.7730 28.6329 MNTN 130.8700 30.4624 3.59 362.224 100.982  55.206
OT01 127.7730 28.6329 KYK  130.4100 30.3781 3.62 320.577  88.508  52.246
OKED 128.6160 27.3855 OT31 129.6990 27.9990 3.52 126.633  35.996  57.278
KYK  130.4100 30.3781 OT26 130.4990 28.8494 3.66 169.670  46.396 177.063
KYK  130.4100 30.3781 OT24 130.8400 29.4501 3.64 110.945  30.496 157.897
GMZK 129.6510 28.4973 OT24 130.8400 29.4501 3.48 156.767  44.996  47.366
AMG  128.9210 27.8215 OT27 130.2110 28.9197 3.51 175.488  49.997  45.785
AMG  128.9210 27.8215 OT24 130.8400 29.4501 3.49 260.348  74.492  45.656
OT34 129.4000 27.3185 OT30 130.3310 28.1010 3.51 126.256  36.001  46.409
OT33 129.4500 27.5472 OT28 130.2290 28.5500 3.46 134.943  39.001  34.379
OT33 129.4500 27.5472 OT21 130.5800 29.4695 3.48 240.053  69.001  27.176
OT31 129.6990 27.9990 OT25 130.5810 28.9975 3.51 140.395  39.999  37.773
OT31 129.6990 27.9990 OT23 130.8810 29.5506 3.51 207.128  58.994  33.596
OT31 129.6990 27.9990 OT21 130.5800 29.4695 3.45 184.322  53.473  27.638
OT30 130.3310 28.1010 MNTN 130.8700 30.4624 3.45 266.928  77.415  11.192
OT27 130.2110 28.9197 OT30 130.3310 28.1010 3.75  91.492  24.378 172.595
OT24 130.8400 29.4501 MNTN 130.8700 30.4624 3.51 112.248  31.998   1.475
OT21 130.5800 29.4695 MNTN 130.8700 30.4624 3.39 113.566  33.500  14.201
OT19 129.6600 29.2404 OT31 129.6990 27.9990 3.67 137.637  37.503 178.411
OT16 127.9510 28.2012 OT26 130.4990 28.8494 3.51 259.515  73.999  73.327
OT16 127.9510 28.2012 OT07 128.4610 29.7510 3.73 178.822  47.877  16.019
OT14 128.4990 28.6807 OKED 128.6160 27.3855 3.74 143.997  38.502 175.404
OT13 128.6020 29.0207 AMG  128.9210 27.8215 3.74 136.538  36.498 166.676
OT11 128.6350 29.4318 OT21 130.5800 29.4695 3.66 188.764  51.505  88.256
OT11 128.6350 29.4318 NOMT 131.0600 30.7369 3.59 274.941  76.500  57.651
OT11 128.6350 29.4318 GMZK 129.6510 28.4973 3.87 143.336  36.999 136.024
OT05 128.0760 29.0927 NOMT 131.0600 30.7369 3.57 340.942  95.448  56.952
OT04 128.2550 29.0525 OT21 130.5800 29.4695 3.63 230.696  63.500  77.879
OT04 128.2550 29.0525 AMG  128.9210 27.8215 3.69 151.250  40.956 154.265
OT03 128.1910 28.8611 TAS  130.9090 31.1946 3.61 368.285 101.990  44.717
OT02 127.8730 28.7925 OT34 129.4000 27.3185 3.58 221.909  62.003 137.039
OT02 127.8730 28.7925 OT30 130.3310 28.1010 3.56 252.703  71.004 107.068
OT01 127.7730 28.6329 TKRS 129.2090 29.1442 3.68 151.073  40.997  67.624
OKED 128.6160 27.3855 OT24 130.8400 29.4501 3.51 315.990  89.923  43.085
KGM  128.2150 26.7567 OT31 129.6990 27.9990 3.50 201.206  57.504  46.494
KGM  128.2150 26.7567 OT17 128.4090 28.0396 3.83 143.447  37.487   7.643
AMG  128.9210 27.8215 TKRS 129.2090 29.1442 3.78 149.277  39.502  10.808
OT34 129.4000 27.3185 OT19 129.6600 29.2404 3.67 214.509  58.497   6.755
OT33 129.4500 27.5472 NOMT 131.0600 30.7369 3.48 386.688 110.990  23.514
OT31 129.6990 27.9990 NOMT 131.0600 30.7369 3.48 331.005  94.980  23.206
OT27 130.2110 28.9197 MNTN 130.8700 30.4624 3.44 182.516  52.995  20.301
OT17 128.4090 28.0396 OT19 129.6600 29.2404 3.73 180.734  48.506  42.282
OT17 128.4090 28.0396 OT13 128.6020 29.0207 3.81 110.356  29.003   9.790
OT16 127.9510 28.2012 OT27 130.2110 28.9197 3.53 235.014  66.501  69.660
OT16 127.9510 28.2012 KYK  130.4100 30.3781 3.61 339.529  94.000  44.123
OT14 128.4990 28.6807 TAS  130.9090 31.1946 3.63 363.023 100.006  39.271
OT14 128.4990 28.6807 OT21 130.5800 29.4695 3.54 220.685  62.429  66.161
OT13 128.6020 29.0207 OKED 128.6160 27.3855 3.70 181.228  48.994 179.567
OT06 128.3050 29.3225 OT21 130.5800 29.4695 3.69 221.431  59.992  85.225
OT05 128.0760 29.0927 OT31 129.6990 27.9990 3.63 199.764  55.001 126.968
OT05 128.0760 29.0927 GMZK 129.6510 28.4973 3.68 167.349  45.451 112.845
OKED 128.6160 27.3855 OT26 130.4990 28.8494 3.47 246.082  70.999  48.319
OKED 128.6160 27.3855 OT25 130.5810 28.9975 3.51 262.978  75.008  46.752
OT20 130.1540 29.2781 OT30 130.3310 28.1010 3.56 131.596  36.996 172.422
OT17 128.4090 28.0396 TKRS 129.2090 29.1442 3.77 145.276  38.504  32.385
OT17 128.4090 28.0396 OT25 130.5810 28.9975 3.63 237.636  65.501  62.953
OT17 128.4090 28.0396 OT07 128.4610 29.7510 3.73 189.750  50.899   1.519
OT16 127.9510 28.2012 MNTN 130.8700 30.4624 3.62 378.385 104.469  47.820
OT14 128.4990 28.6807 OT31 129.6990 27.9990 3.73 139.803  37.501 122.426
OT14 128.4990 28.6807 NOMT 131.0600 30.7369 3.58 336.684  93.993  46.770
OT13 128.6020 29.0207 OT21 130.5800 29.4695 3.65 198.634  54.435  75.018
OT12 128.6050 29.2506 KYK  130.4100 30.3781 3.67 214.582  58.501  53.935
OT11 128.6350 29.4318 OT25 130.5810 28.9975 3.68 195.285  52.995 103.796
OT07 128.4610 29.7510 TAS  130.9090 31.1946 3.62 284.364  78.510  55.140
OT05 128.0760 29.0927 TAS  130.9090 31.1946 3.64 358.859  98.506  48.814
OT05 128.0760 29.0927 KYK  130.4100 30.3781 3.66 266.957  72.999  57.172
OT03 128.1910 28.8611 OT27 130.2110 28.9197 3.58 197.120  55.000  87.627
OT02 127.8730 28.7925 TAS  130.9090 31.1946 3.63 395.898 109.003  46.991
OT02 127.8730 28.7925 OT21 130.5800 29.4695 3.56 273.961  76.999  73.451
OT02 127.8730 28.7925 OT17 128.4090 28.0396 3.72  98.630  26.499 147.652
OT01 127.7730 28.6329 TAS  130.9090 31.1946 3.62 415.117 114.515  46.074
OT01 127.7730 28.6329 OT25 130.5810 28.9975 3.65 277.060  75.990  80.942
OKED 128.6160 27.3855 OT21 130.5800 29.4695 3.52 300.631  85.479  39.343
OKED 128.6160 27.3855 OT19 129.6600 29.2404 3.68 229.670  62.427  26.238
KGM  128.2150 26.7567 OT11 128.6350 29.4318 3.65 299.312  82.003   7.821
OT34 129.4000 27.3185 OT25 130.5810 28.9975 3.57 219.251  61.501  31.660
OT34 129.4000 27.3185 OT23 130.8810 29.5506 3.63 286.760  78.997  30.039
OT33 129.4500 27.5472 OT26 130.4990 28.8494 3.51 177.287  50.495  35.266
OT33 129.4500 27.5472 OT19 129.6600 29.2404 3.67 188.775  51.493   6.206
OT27 130.2110 28.9197 NOMT 131.0600 30.7369 3.43 217.517  63.435  21.960
OT25 130.5810 28.9975 MNTN 130.8700 30.4624 3.51 164.766  46.995   9.699
OT23 130.8810 29.5506 TAS  130.9090 31.1946 3.54 182.272  51.475   0.842
OT19 129.6600 29.2404 OT29 130.5910 28.3600 3.56 133.375  37.496 136.796
OT19 129.6600 29.2404 OT28 130.2290 28.5500 3.63  94.510  26.000 143.925
OT19 129.6600 29.2404 OT23 130.8810 29.5506 3.63 123.421  34.000  73.527
OT17 128.4090 28.0396 OT20 130.1540 29.2781 3.71 218.956  59.002  50.766
OT17 128.4090 28.0396 OT12 128.6050 29.2506 3.77 135.578  36.001   8.083
OT16 127.9510 28.2012 OT21 130.5800 29.4695 3.61 292.543  80.970  60.657
OT16 127.9510 28.2012 NOMT 131.0600 30.7369 3.60 412.195 114.499  46.262
OT14 128.4990 28.6807 GMZK 129.6510 28.4973 3.88 114.541  29.498  99.948
OT13 128.6020 29.0207 OT20 130.1540 29.2781 3.70 153.726  41.503  78.929
OT13 128.6020 29.0207 GMZK 129.6510 28.4973 3.68 117.778  31.996 119.256
OT07 128.4610 29.7510 OT34 129.4000 27.3185 3.61 284.826  79.009 160.947
OT05 128.0760 29.0927 OKED 128.6160 27.3855 3.71 196.472  53.000 164.237
OT03 128.1910 28.8611 OT19 129.6600 29.2404 3.82 149.098  39.000  73.269
OT02 127.8730 28.7925 TKRS 129.2090 29.1442 3.62 135.955  37.505  73.016
OKED 128.6160 27.3855 OT11 128.6350 29.4318 3.66 226.797  61.916   0.470
TKRS 129.2090 29.1442 NOMT 131.0600 30.7369 3.56 251.221  70.488  44.895
OT28 130.2290 28.5500 OT26 130.4990 28.8494 4.04  42.412  10.501  38.455
OT14 128.4990 28.6807 OT33 129.4500 27.5472 3.65 156.559  42.905 143.131
OT14 128.4990 28.6807 OT27 130.2110 28.9197 3.64 169.210  46.499  80.584
OT14 128.4990 28.6807 MNTN 130.8700 30.4624 3.61 302.957  83.991  48.743
OT14 128.4990 28.6807 AMG  128.9210 27.8215 3.80 103.843  27.313 156.388
OT12 128.6050 29.2506 GMZK 129.6510 28.4973 3.82 131.851  34.498 129.037
OT06 128.3050 29.3225 OT20 130.1540 29.2781 3.74 179.737  47.994  91.119
OT05 128.0760 29.0927 OT34 129.4000 27.3185 3.60 235.714  65.494 146.212
OT03 128.1910 28.8611 OT21 130.5800 29.4695 3.56 241.991  67.994  73.243
OT03 128.1910 28.8611 OKED 128.6160 27.3855 3.71 168.768  45.502 165.591
OT01 127.7730 28.6329 NOMT 131.0600 30.7369 3.57 394.441 110.426  52.955
OKED 128.6160 27.3855 OT28 130.2290 28.5500 3.50 204.546  58.442  50.509
MNTN 130.8700 30.4624 OT23 130.8810 29.5506 3.68 101.076  27.496 179.401
KGM  128.2150 26.7567 OT23 130.8810 29.5506 3.54 405.470 114.507  39.603
TKRS 129.2090 29.1442 KYK  130.4100 30.3781 3.66 179.439  49.000  40.045
OT31 129.6990 27.9990 OT26 130.4990 28.8494 3.50 122.591  34.996  39.566
OT26 130.4990 28.8494 NOMT 131.0600 30.7369 3.40 216.152  63.499  14.400
OT17 128.4090 28.0396 OT21 130.5800 29.4695 3.55 264.700  74.500  52.709
OT16 127.9510 28.2012 OT31 129.6990 27.9990 3.69 173.193  46.987  97.024
OT14 128.4990 28.6807 OT24 130.8400 29.4501 3.66 243.392  66.501  68.927
OT13 128.6020 29.0207 OT29 130.5910 28.3600 3.61 207.759  57.503 110.160
OT12 128.6050 29.2506 TAS  130.9090 31.1946 3.64 309.234  85.001  45.253
OT12 128.6050 29.2506 OT24 130.8400 29.4501 3.64 218.139  59.994  83.638
OT12 128.6050 29.2506 OT21 130.5800 29.4695 3.58 193.280  53.959  82.308
OT11 128.6350 29.4318 OT28 130.2290 28.5500 3.56 183.501  51.502 121.795
OT11 128.6350 29.4318 KYK  130.4100 30.3781 3.62 200.969  55.501  58.099
OT07 128.4610 29.7510 OT29 130.5910 28.3600 3.59 258.452  71.992 126.101
OT02 127.8730 28.7925 OT29 130.5910 28.3600 3.65 270.269  74.006  99.566
OT02 127.8730 28.7925 OKED 128.6160 27.3855 3.66 172.186  46.994 154.727
OT02 127.8730 28.7925 AMG  128.9210 27.8215 3.73 148.859  39.855 136.047
OT01 127.7730 28.6329 OT14 128.4990 28.6807 3.85  71.161  18.498  85.558
OT01 127.7730 28.6329 OT12 128.6050 29.2506 3.79 106.159  28.003  49.642
GMZK 129.6510 28.4973 NOMT 131.0600 30.7369 3.48 283.274  81.494  28.450
OT31 129.6990 27.9990 OT24 130.8400 29.4501 3.47 195.700  56.414  34.464
OT31 129.6990 27.9990 OT20 130.1540 29.2781 3.50 148.597  42.505  17.336
OT30 130.3310 28.1010 TAS  130.9090 31.1946 3.46 347.456 100.508   9.133
OT28 130.2290 28.5500 OT25 130.5810 28.9975 3.89  60.377  15.501  34.685
OT20 130.1540 29.2781 OT29 130.5910 28.3600 3.62 110.334  30.496 157.152
OT16 127.9510 28.2012 OT05 128.0760 29.0927 3.69  99.558  27.002   7.021
OT16 127.9510 28.2012 OT04 128.2550 29.0525 3.88  98.907  25.498  17.389
OT12 128.6050 29.2506 OT33 129.4500 27.5472 3.62 206.131  56.974 156.122
OT06 128.3050 29.3225 OT31 129.6990 27.9990 3.61 200.191  55.501 136.779
OT05 128.0760 29.0927 OT24 130.8400 29.4501 3.67 271.513  74.002  80.940
OT04 128.2550 29.0525 OT27 130.2110 28.9197 3.75 191.211  50.990  93.943
OT03 128.1910 28.8611 OT31 129.6990 27.9990 3.63 175.905  48.499 122.539
OT03 128.1910 28.8611 OT25 130.5810 28.9975 3.68 233.534  63.525  85.714
OT03 128.1910 28.8611 OT20 130.1540 29.2781 3.64 196.671  54.001  75.935
OT03 128.1910 28.8611 OT07 128.4610 29.7510 4.08 102.068  24.998  14.832
OT02 127.8730 28.7925 MNTN 130.8700 30.4624 3.59 344.275  95.979  56.749
OT01 127.7730 28.6329 OT31 129.6990 27.9990 3.66 201.491  55.007 109.949
KYK  130.4100 30.3781 OT21 130.5800 29.4695 3.71 102.053  27.483 170.685
AMG  128.9210 27.8215 TAS  130.9090 31.1946 3.61 420.630 116.486  26.792
AMG  128.9210 27.8215 OT25 130.5810 28.9975 3.50 208.434  59.502  50.907
TKRS 129.2090 29.1442 TAS  130.9090 31.1946 3.66 280.149  76.502  35.354
TKRS 129.2090 29.1442 OT34 129.4000 27.3185 3.57 203.205  56.968 174.644
TKRS 129.2090 29.1442 OT24 130.8400 29.4501 3.60 162.080  44.997  77.530
OT34 129.4000 27.3185 OT29 130.5910 28.3600 3.54 164.568  46.501  45.192
OT34 129.4000 27.3185 MNTN 130.8700 30.4624 3.52 376.775 106.947  22.015
OT33 129.4500 27.5472 TAS  130.9090 31.1946 3.57 428.375 119.993  18.959
OT33 129.4500 27.5472 OT27 130.2110 28.9197 3.46 169.449  49.002  25.972
OT31 129.6990 27.9990 TAS  130.9090 31.1946 3.52 373.117 105.999  18.023
OT30 130.3310 28.1010 OT21 130.5800 29.4695 3.45 153.614  44.500   9.055
OT29 130.5910 28.3600 OT24 130.8400 29.4501 3.73 123.233  33.003  11.296
OT28 130.2290 28.5500 OT21 130.5800 29.4695 3.58 107.514  29.998  18.490
OT17 128.4090 28.0396 TAS  130.9090 31.1946 3.59 425.328 118.509  34.090
OT17 128.4090 28.0396 OT11 128.6350 29.4318 3.80 155.866  40.996   8.075
OT16 127.9510 28.2012 OT29 130.5910 28.3600 3.51 259.612  74.006  85.492
OT16 127.9510 28.2012 OT25 130.5810 28.9975 3.65 271.965  74.491  70.442
OT13 128.6020 29.0207 NOMT 131.0600 30.7369 3.58 304.269  84.991  50.698
OT12 128.6050 29.2506 OKED 128.6160 27.3855 3.73 206.707  55.417 179.716
OT12 128.6050 29.2506 NOMT 131.0600 30.7369 3.59 288.524  80.458  54.572
OT12 128.6050 29.2506 AMG  128.9210 27.8215 3.71 161.375  43.497 168.881
OT07 128.4610 29.7510 NOMT 131.0600 30.7369 3.69 272.968  73.995  65.750
OT05 128.0760 29.0927 OT29 130.5910 28.3600 3.62 258.785  71.507 107.683
OT05 128.0760 29.0927 OT28 130.2290 28.5500 3.61 218.534  60.502 105.458
OT04 128.2550 29.0525 TAS  130.9090 31.1946 3.62 349.015  96.493  46.475
OT04 128.2550 29.0525 NOMT 131.0600 30.7369 3.56 329.059  92.484  54.741
OKED 128.6160 27.3855 GMZK 129.6510 28.4973 3.51 159.905  45.505  39.360
KGM  128.2150 26.7567 OT12 128.6050 29.2506 3.65 279.024  76.508   7.813
GMZK 129.6510 28.4973 OT25 130.5810 28.9975 3.55 106.408  29.999  58.378
OT33 129.4500 27.5472 OT30 130.3310 28.1010 3.60 106.293  29.501  54.530
OT30 130.3310 28.1010 OT23 130.8810 29.5506 3.53 169.400  48.002  18.351
OT21 130.5800 29.4695 NOMT 131.0600 30.7369 3.37 147.921  43.854  18.107
OT17 128.4090 28.0396 OT30 130.3310 28.1010 3.63 189.020  52.000  87.487
OT17 128.4090 28.0396 OT29 130.5910 28.3600 3.56 217.158  60.999  80.078
OT17 128.4090 28.0396 KYK  130.4100 30.3781 3.64 324.068  89.005  36.409
OT16 127.9510 28.2012 AMG  128.9210 27.8215 3.93 104.273  26.499 113.573
OT14 128.4990 28.6807 OT26 130.4990 28.8494 3.44 196.198  57.001  84.053
OT12 128.6050 29.2506 OT30 130.3310 28.1010 3.61 211.373  58.503 126.653
OT12 128.6050 29.2506 OT28 130.2290 28.5500 3.61 176.339  48.902 115.734
OT11 128.6350 29.4318 OT31 129.6990 27.9990 3.58 189.793  53.000 146.536
OT11 128.6350 29.4318 OT26 130.4990 28.8494 3.64 192.530  52.951 109.136
OT11 128.6350 29.4318 AMG  128.9210 27.8215 3.65 180.655  49.495 171.015
OT07 128.4610 29.7510 OT31 129.6990 27.9990 3.63 228.646  63.005 147.831
OT07 128.4610 29.7510 OT25 130.5810 28.9975 3.53 222.117  62.994 111.567
OT03 128.1910 28.8611 MNTN 130.8700 30.4624 3.57 314.269  88.006  54.961
OT03 128.1910 28.8611 GMZK 129.6510 28.4973 3.76 148.307  39.433 105.427
OT01 127.7730 28.6329 OT28 130.2290 28.5500 3.62 240.368  66.492  91.606
GMZK 129.6510 28.4973 OT26 130.4990 28.8494 3.52  91.576  26.001  64.575
AMG  128.9210 27.8215 OT30 130.3310 28.1010 3.60 142.131  39.503  77.084
TKRS 129.2090 29.1442 OT33 129.4500 27.5472 3.68 178.564  48.496 172.332
TKRS 129.2090 29.1442 OT28 130.2290 28.5500 3.79 119.334  31.503 123.251
OT34 129.4000 27.3185 OT21 130.5800 29.4695 3.51 264.938  75.502  25.596
OT33 129.4500 27.5472 OT29 130.5910 28.3600 3.59 143.965  40.158  51.005
OT17 128.4090 28.0396 GMZK 129.6510 28.4973 3.72 132.007  35.495  67.112
OT13 128.6020 29.0207 OT31 129.6990 27.9990 3.76 156.051  41.503 136.257
OT06 128.3050 29.3225 KYK  130.4100 30.3781 3.64 234.640  64.497  59.569
OT05 128.0760 29.0927 TKRS 129.2090 29.1442 4.09 110.390  26.997  86.761
TKRS 129.2090 29.1442 MNTN 130.8700 30.4624 3.65 217.128  59.503  47.299
OT33 129.4500 27.5472 GMZK 129.6510 28.4973 3.57 107.134  30.001  10.603
OT30 130.3310 28.1010 OT26 130.4990 28.8494 3.93  84.559  21.500  11.179
OT16 127.9510 28.2012 OT28 130.2290 28.5500 3.57 226.556  63.497  79.639
OT05 128.0760 29.0927 OT23 130.8810 29.5506 3.65 277.145  75.993  78.767
OT05 128.0760 29.0927 OT21 130.5800 29.4695 3.58 246.878  68.903  79.653
OT03 128.1910 28.8611 OT29 130.5910 28.3600 3.74 241.221  64.498 102.737
OT03 128.1910 28.8611 NOMT 131.0600 30.7369 3.58 346.637  96.934  52.440
OKED 128.6160 27.3855 OT30 130.3310 28.1010 3.63 186.778  51.497  64.484
TKRS 129.2090 29.1442 OT30 130.3310 28.1010 3.46 159.400  46.003 136.228
OT33 129.4500 27.5472 OT20 130.1540 29.2781 3.48 203.864  58.498  19.621
OT31 129.6990 27.9990 OT27 130.2110 28.9197 3.45 113.703  32.996  26.059
OT30 130.3310 28.1010 OT25 130.5810 28.9975 3.53 102.333  28.998  13.790
OT26 130.4990 28.8494 MNTN 130.8700 30.4624 3.41 182.369  53.496  11.277
OT19 129.6600 29.2404 OT26 130.4990 28.8494 3.49  92.495  26.503 117.736
OT16 127.9510 28.2012 OT23 130.8810 29.5506 3.53 322.582  91.513  61.682
OT14 128.4990 28.6807 OT28 130.2290 28.5500 3.70 169.769  45.896  94.482
OT12 128.6050 29.2506 OT29 130.5910 28.3600 3.57 217.552  61.007 116.503
OT12 128.6050 29.2506 OT25 130.5810 28.9975 3.77 194.333  51.506  97.821
OT07 128.4610 29.7510 OT26 130.4990 28.8494 3.44 221.762  64.503 116.285
OT06 128.3050 29.3225 OT24 130.8400 29.4501 3.68 246.495  67.001  86.092
OT06 128.3050 29.3225 NOMT 131.0600 30.7369 3.59 308.541  85.945  58.779
OT03 128.1910 28.8611 OT30 130.3310 28.1010 3.53 225.828  64.008 111.392
OT02 127.8730 28.7925 NOMT 131.0600 30.7369 3.57 376.127 105.505  54.261
OT02 127.8730 28.7925 KYK  130.4100 30.3781 3.60 302.178  84.008  53.819
OT34 129.4000 27.3185 NOMT 131.0600 30.7369 3.48 411.922 118.436  22.712
OT31 129.6990 27.9990 MNTN 130.8700 30.4624 3.51 295.834  84.403  22.360
OT07 128.4610 29.7510 GMZK 129.6510 28.4973 3.77 180.898  47.996 139.898
OT05 128.0760 29.0927 OT20 130.1540 29.2781 3.76 203.175  53.978  83.692
OT05 128.0760 29.0927 OT19 129.6600 29.2404 3.69 154.942  42.001  83.551
KGM  128.2150 26.7567 KYK  130.4100 30.3781 3.58 455.152 126.996  27.631
AMG  128.9210 27.8215 MNTN 130.8700 30.4624 3.54 348.761  98.437  32.472
OT17 128.4090 28.0396 NOMT 131.0600 30.7369 3.57 394.437 110.456  40.079
OT17 128.4090 28.0396 MNTN 130.8700 30.4624 3.54 359.609 101.470  41.103
OT16 127.9510 28.2012 GMZK 129.6510 28.4973 3.62 169.893  46.997  78.463
OT12 128.6050 29.2506 OT19 129.6600 29.2404 3.80 102.523  27.001  90.376
OT12 128.6050 29.2506 MNTN 130.8700 30.4624 3.59 256.771  71.504  57.902
OT11 128.6350 29.4318 MNTN 130.8700 30.4624 3.70 244.163  65.990  61.552
OT01 127.7730 28.6329 OT29 130.5910 28.3600 3.73 277.569  74.495  95.585
TKRS 129.2090 29.1442 OT31 129.6990 27.9990 3.67 135.673  36.998 159.194
OT04 128.2550 29.0525 OT29 130.5910 28.3600 3.68 240.876  65.509 108.019
OT02 127.8730 28.7925 OT26 130.4990 28.8494 3.61 256.426  70.993  87.961
OT19 129.6600 29.2404 MNTN 130.8700 30.4624 3.58 178.952  50.001  40.509
