KGM  128.2150 26.7567 OT04 128.2550 29.0525 3.44 254.446  74.010   0.864
KGM  128.2150 26.7567 GMZK 129.6510 28.4973 3.32 239.356  72.008  35.983
GMZK 129.6510 28.4973 TAS  130.9090 31.1946 3.36 322.754  96.001  21.815
GMZK 129.6510 28.4973 KYK  130.4100 30.3781 3.40 221.081  65.005  19.258
OT07 128.4610 29.7510 OT30 130.3310 28.1010 3.25 258.218  79.501 134.635
AMG  128.9210 27.8215 KYK  130.4100 30.3781 3.40 318.263  93.469  26.728
OT04 128.2550 29.0525 OT26 130.4990 28.8494 3.19 219.937  69.011  95.333
OT04 128.2550 29.0525 KYK  130.4100 30.3781 3.36 255.097  75.990  54.303
OT14 128.4990 28.6807 KYK  130.4100 30.3781 3.45 264.016  76.504  44.087
OT02 127.8730 28.7925 OT28 130.2290 28.5500 3.27 231.858  70.991  96.093
KGM  128.2150 26.7567 OT29 130.5910 28.3600 3.02 294.320  97.489  52.328
OT34 129.4000 27.3185 OT27 130.2110 28.9197 2.99 194.496  64.962  23.981
OT02 127.8730 28.7925 OT27 130.2110 28.9197 3.31 228.598  69.000  85.903
KGM  128.2150 26.7567 OT24 130.8400 29.4501 3.12 394.467 126.513  40.225
OT28 130.2290 28.5500 NOMT 131.0600 30.7369 2.97 255.433  85.975  18.170
OT17 128.4090 28.0396 OT24 130.8400 29.4501 3.29 284.272  86.510  56.063
OT04 128.2550 29.0525 OT30 130.3310 28.1010 3.20 228.867  71.499 116.939
KGM  128.2150 26.7567 OT33 129.4500 27.5472 3.04 150.507  49.444  54.132
KGM  128.2150 26.7567 OT14 128.4990 28.6807 3.39 215.037  63.508   7.413
OT28 130.2290 28.5500 TAS  130.9090 31.1946 3.08 300.437  97.513  12.474
OT11 128.6350 29.4318 OT34 129.4000 27.3185 3.26 245.935  75.510 162.052
OT04 128.2550 29.0525 OT34 129.4000 27.3185 3.28 222.676  67.993 149.381
KGM  128.2150 26.7567 OT20 130.1540 29.2781 3.33 338.279 101.494  33.865
OT27 130.2110 28.9197 TAS  130.9090 31.1946 3.18 261.015  82.003  14.778
OT20 130.1540 29.2781 TAS  130.9090 31.1946 3.25 224.538  69.004  18.694
OT01 127.7730 28.6329 OT34 129.4000 27.3185 3.26 216.441  66.495 131.914
KYK  130.4100 30.3781 OT25 130.5810 28.9975 3.02 153.933  51.005 173.771
KGM  128.2150 26.7567 OT28 130.2290 28.5500 3.02 280.989  93.012  44.532
KGM  128.2150 26.7567 OT06 128.3050 29.3225 3.43 284.480  83.011   1.758
OT34 129.4000 27.3185 OT28 130.2290 28.5500 2.79 158.962  56.996  30.657
OT34 129.4000 27.3185 KYK  130.4100 30.3781 3.22 353.116 109.493  15.957
OT29 130.5910 28.3600 TAS  130.9090 31.1946 2.98 315.713 105.944   5.510
OT28 130.2290 28.5500 KYK  130.4100 30.3781 3.08 203.394  65.994   4.913
OT25 130.5810 28.9975 TAS  130.9090 31.1946 3.05 245.602  80.499   7.315
OT21 130.5800 29.4695 TAS  130.9090 31.1946 3.10 193.842  62.510   9.314
OT14 128.4990 28.6807 OT20 130.1540 29.2781 3.32 174.381  52.492  67.287
OT13 128.6020 29.0207 OT24 130.8400 29.4501 3.20 222.742  69.498  77.120
OT03 128.1910 28.8611 KGM  128.2150 26.7567 3.40 233.215  68.492 179.411
OT01 127.7730 28.6329 KGM  128.2150 26.7567 3.32 212.434  64.005 168.052
AMG  128.9210 27.8215 OT21 130.5800 29.4695 3.24 244.263  75.460  41.213
OT27 130.2110 28.9197 KYK  130.4100 30.3781 3.22 162.802  50.497   6.745
OT24 130.8400 29.4501 TAS  130.9090 31.1946 3.02 193.506  63.990   1.951
OT20 130.1540 29.2781 NOMT 131.0600 30.7369 3.12 183.816  58.991  28.162
OT16 127.9510 28.2012 OT20 130.1540 29.2781 3.35 246.087  73.503  60.464
OT14 128.4990 28.6807 OT34 129.4000 27.3185 3.21 175.069  54.505 149.361
OT13 128.6020 29.0207 OT34 129.4000 27.3185 3.24 204.294  62.995 157.236
OT10 128.8440 29.6621 NOMT 131.0600 30.7369 3.28 244.431  74.499  60.276
OT06 128.3050 29.3225 TAS  130.9090 31.1946 3.35 325.370  97.010  49.725
KYK  130.4100 30.3781 OT29 130.5910 28.3600 2.99 224.384  74.995 175.451
KYK  130.4100 30.3781 OT23 130.8810 29.5506 3.10 102.390  32.990 153.505
KGM  128.2150 26.7567 OT34 129.4000 27.3185 2.99 133.056  44.500  61.839
KGM  128.2150 26.7567 OT30 130.3310 28.1010 2.99 256.800  86.001  54.065
KGM  128.2150 26.7567 OT21 130.5800 29.4695 3.22 379.947 117.996  37.154
KGM  128.2150 26.7567 OT07 128.4610 29.7510 3.41 332.717  97.514   4.103
GMZK 129.6510 28.4973 MNTN 130.8700 30.4624 3.24 247.821  76.441  28.193
OT33 129.4500 27.5472 KYK  130.4100 30.3781 3.29 327.410  99.486  16.374
OT31 129.6990 27.9990 KYK  130.4100 30.3781 3.27 272.614  83.496  14.525
OT11 128.6350 29.4318 OT29 130.5910 28.3600 3.12 224.778  71.998 121.429
OT07 128.4610 29.7510 OT33 129.4500 27.5472 3.35 262.679  78.505 158.169
OT02 127.8730 28.7925 OT19 129.6600 29.2404 3.32 181.072  54.507  73.658
KGM  128.2150 26.7567 TKRS 129.2090 29.1442 3.36 282.067  83.999  20.052
KGM  128.2150 26.7567 OT27 130.2110 28.9197 3.20 309.992  96.994  38.899
KGM  128.2150 26.7567 OT25 130.5810 28.9975 3.08 340.488 110.512  42.631
KGM  128.2150 26.7567 AMG  128.9210 27.8215 3.27 137.132  42.001  30.480
OT29 130.5910 28.3600 NOMT 131.0600 30.7369 2.95 267.360  90.508   9.670
OT17 128.4090 28.0396 OT27 130.2110 28.9197 3.28 201.591  61.498  60.639
OT11 128.6350 29.4318 OT27 130.2110 28.9197 3.30 163.481  49.495 109.932
OT07 128.4610 29.7510 OT28 130.2290 28.5500 3.25 217.460  66.993 127.312
OT06 128.3050 29.3225 OT30 130.3310 28.1010 3.15 239.806  76.008 123.882
OT02 127.8730 28.7925 KGM  128.2150 26.7567 3.38 228.114  67.489 171.404
OT01 127.7730 28.6329 OT33 129.4500 27.5472 3.29 204.049  62.002 125.736
OT01 127.7730 28.6329 OT24 130.8400 29.4501 3.23 312.143  96.489  72.396
AMG  128.9210 27.8215 NOMT 131.0600 30.7369 3.27 384.202 117.493  32.235
OT16 127.9510 28.2012 OT34 129.4000 27.3185 3.18 173.145  54.500 124.060
OT04 128.2550 29.0525 OT24 130.8400 29.4501 3.23 255.146  78.993  79.427
OT04 128.2550 29.0525 OT17 128.4090 28.0396 3.54 113.273  31.998 172.287
OKED 128.6160 27.3855 OT27 130.2110 28.9197 3.19 231.212  72.480  42.291
KYK  130.4100 30.3781 TAS  130.9090 31.1946 3.36 102.368  30.510  27.710
KGM  128.2150 26.7567 OT13 128.6020 29.0207 3.36 253.763  75.502   8.538
OT21 130.5800 29.4695 OT29 130.5910 28.3600 2.83 122.976  43.501 179.488
OT20 130.1540 29.2781 MNTN 130.8700 30.4624 3.12 148.379  47.496  27.606
OT20 130.1540 29.2781 KYK  130.4100 30.3781 3.23 124.410  38.505  11.386
OT16 127.9510 28.2012 TKRS 129.2090 29.1442 3.40 161.354  47.499  49.331
OT16 127.9510 28.2012 OT24 130.8400 29.4501 3.24 314.099  97.004  63.166
OT13 128.6020 29.0207 OT33 129.4500 27.5472 3.27 183.277  55.997 152.797
OT11 128.6350 29.4318 TAS  130.9090 31.1946 3.35 293.316  87.505  47.659
OT11 128.6350 29.4318 OT30 130.3310 28.1010 3.17 221.783  70.007 131.276
OT07 128.4610 29.7510 AMG  128.9210 27.8215 3.36 218.517  64.957 168.030
OT06 128.3050 29.3225 OT29 130.5910 28.3600 3.21 247.299  76.992 115.002
OT03 128.1910 28.8611 KYK  130.4100 30.3781 3.35 272.847  81.496  51.415
OT01 127.7730 28.6329 OT30 130.3310 28.1010 3.28 257.563  78.501 102.623
OT01 127.7730 28.6329 OT27 130.2110 28.9197 3.36 240.155  71.496  81.812
OT01 127.7730 28.6329 OT19 129.6600 29.2404 3.38 195.892  58.008  69.444
OT30 130.3310 28.1010 KYK  130.4100 30.3781 3.04 252.511  83.008   1.722
OT26 130.4990 28.8494 TAS  130.9090 31.1946 3.02 262.968  86.989   8.555
OT25 130.5810 28.9975 NOMT 131.0600 30.7369 2.98 198.290  66.496  13.376
OT16 127.9510 28.2012 KGM  128.2150 26.7567 3.38 162.181  47.997 170.678
OT13 128.6020 29.0207 KYK  130.4100 30.3781 3.37 230.762  68.496  48.864
OT07 128.4610 29.7510 OT27 130.2110 28.9197 3.36 193.305  57.480 118.039
OT06 128.3050 29.3225 OT28 130.2290 28.5500 3.27 206.164  63.009 114.072
OT06 128.3050 29.3225 GMZK 129.6510 28.4973 3.48 160.013  45.994 124.536
OT02 127.8730 28.7925 OT11 128.6350 29.4318 3.36 102.597  30.499  46.135
OT02 127.8730 28.7925 OT07 128.4610 29.7510 3.55 120.666  34.000  28.161
OT01 127.7730 28.6329 OT11 128.6350 29.4318 3.34 122.008  36.497  43.262
KGM  128.2150 26.7567 OT19 129.6600 29.2404 3.35 309.753  92.491  26.973
AMG  128.9210 27.8215 OT28 130.2290 28.5500 3.06 151.657  49.496  57.530
OT34 129.4000 27.3185 OT26 130.4990 28.8494 2.79 201.094  71.999  32.216
OT34 129.4000 27.3185 OT20 130.1540 29.2781 3.10 229.415  74.005  18.628
OT33 129.4500 27.5472 OT25 130.5810 28.9975 2.89 195.321  67.492  34.361
OT28 130.2290 28.5500 OT24 130.8400 29.4501 2.73 116.202  42.503  30.701
OT24 130.8400 29.4501 NOMT 131.0600 30.7369 2.97 144.219  48.493   8.401
OT23 130.8810 29.5506 NOMT 131.0600 30.7369 2.89 132.637  45.927   7.427
OT17 128.4090 28.0396 OT28 130.2290 28.5500 3.23 187.217  57.998  71.987
OT16 127.9510 28.2012 OT12 128.6050 29.2506 3.40 132.709  38.998  28.633
OT13 128.6020 29.0207 OT30 130.3310 28.1010 3.19 197.517  61.976 120.654
OT13 128.6020 29.0207 OT28 130.2290 28.5500 3.28 167.186  50.987 107.791
OT07 128.4610 29.7510 KYK  130.4100 30.3781 3.37 200.335  59.500  69.213
OT05 128.0760 29.0927 OT30 130.3310 28.1010 3.27 246.414  75.471 115.949
OT04 128.2550 29.0525 OT33 129.4500 27.5472 3.29 203.906  61.996 144.614
OT04 128.2550 29.0525 GMZK 129.6510 28.4973 3.44 149.628  43.497 113.948
OT03 128.1910 28.8611 OT33 129.4500 27.5472 3.24 190.989  59.002 139.377
OT03 128.1910 28.8611 AMG  128.9210 27.8215 3.43 135.641  39.499 147.975
OT02 127.8730 28.7925 OT33 129.4500 27.5472 3.29 207.473  63.004 131.322
OT02 127.8730 28.7925 OT24 130.8400 29.4501 3.27 297.867  91.007  75.121
OT01 127.7730 28.6329 OT07 128.4610 29.7510 3.52 140.844  40.001  28.204
OKED 128.6160 27.3855 TKRS 129.2090 29.1442 3.42 203.416  59.478  16.487
OKED 128.6160 27.3855 KYK  130.4100 30.3781 3.38 375.013 110.983  27.392
KGM  128.2150 26.7567 OT26 130.4990 28.8494 3.11 323.125 103.999  43.614
OT34 129.4000 27.3185 GMZK 129.6510 28.4973 3.13 132.946  42.502  10.650
OT33 129.4500 27.5472 OT23 130.8810 29.5506 2.93 262.504  89.500  31.904
OT19 129.6600 29.2404 TAS  130.9090 31.1946 3.39 247.779  73.005  28.729
OT19 129.6600 29.2404 NOMT 131.0600 30.7369 3.27 213.951  65.428  38.816
OT17 128.4090 28.0396 OT33 129.4500 27.5472 3.23 116.181  35.980 117.770
OT16 127.9510 28.2012 OT19 129.6600 29.2404 3.35 202.820  60.507  54.993
OT13 128.6020 29.0207 TAS  130.9090 31.1946 3.36 327.902  97.503  42.132
OT13 128.6020 29.0207 OT25 130.5810 28.9975 3.21 192.869  60.009  90.286
OT12 128.6050 29.2506 OT31 129.6990 27.9990 3.37 175.139  51.970 142.112
OT06 128.3050 29.3225 OT33 129.4500 27.5472 3.33 226.475  67.990 150.039
OT06 128.3050 29.3225 OT27 130.2110 28.9197 3.38 190.787  56.496 103.070
OT06 128.3050 29.3225 AMG  128.9210 27.8215 3.37 176.941  52.505 159.934
OT03 128.1910 28.8611 OT28 130.2290 28.5500 3.26 202.054  61.999  99.337
OT02 127.8730 28.7925 OT20 130.1540 29.2781 3.36 228.681  67.999  75.838
OT01 127.7730 28.6329 OKED 128.6160 27.3855 3.39 161.174  47.502 148.862
OKED 128.6160 27.3855 OT20 130.1540 29.2781 3.31 258.373  78.011  35.368
GMZK 129.6510 28.4973 OT21 130.5800 29.4695 3.13 140.725  45.003  39.807
OT19 129.6600 29.2404 OT30 130.3310 28.1010 3.09 142.296  46.006 152.393
OT19 129.6600 29.2404 KYK  130.4100 30.3781 3.42 145.463  42.496  29.707
OT17 128.4090 28.0396 OT34 129.4000 27.3185 3.16 126.280  40.000 129.026
OT16 127.9510 28.2012 TAS  130.9090 31.1946 3.35 438.193 130.999  40.067
OT16 127.9510 28.2012 OT33 129.4500 27.5472 3.22 164.437  51.004 115.801
OT16 127.9510 28.2012 OT30 130.3310 28.1010 3.23 234.014  72.495  92.161
OT16 127.9510 28.2012 OT11 128.6350 29.4318 3.45 151.842  43.997  25.910
OT12 128.6050 29.2506 OT34 129.4000 27.3185 3.28 227.887  69.499 159.796
OT11 128.6350 29.4318 OT33 129.4500 27.5472 3.31 223.596  67.490 158.891
OT07 128.4610 29.7510 OT24 130.8400 29.4501 3.23 232.842  71.998  97.650
OT07 128.4610 29.7510 OT21 130.5800 29.4695 3.35 207.595  62.006  98.123
OT07 128.4610 29.7510 OT14 128.4990 28.6807 3.44 118.689  34.503 178.216
OT06 128.3050 29.3225 OT34 129.4000 27.3185 3.31 246.705  74.511 153.927
OT06 128.3050 29.3225 OT17 128.4090 28.0396 3.39 142.549  42.000 175.878
OT05 128.0760 29.0927 OT33 129.4500 27.5472 3.30 217.920  65.996 141.483
OT05 128.0760 29.0927 OT27 130.2110 28.9197 3.40 208.880  61.508  94.751
OT05 128.0760 29.0927 KGM  128.2150 26.7567 3.39 259.234  76.493 176.940
OT04 128.2550 29.0525 OT31 129.6990 27.9990 3.37 183.333  54.482 129.212
OT04 128.2550 29.0525 OT28 130.2290 28.5500 3.37 200.595  59.506 105.645
OT03 128.1910 28.8611 OT34 129.4000 27.3185 3.25 208.204  64.004 144.907
OT03 128.1910 28.8611 OT24 130.8400 29.4501 3.24 265.862  82.006  75.146
OT02 127.8730 28.7925 OT31 129.6990 27.9990 3.38 199.404  58.995 115.734
OT02 127.8730 28.7925 OT25 130.5810 28.9975 3.32 265.169  79.991  84.435
OT02 127.8730 28.7925 GMZK 129.6510 28.4973 3.44 176.966  51.503 100.229
OT01 127.7730 28.6329 MNTN 130.8700 30.4624 3.39 362.224 106.977  55.206
OT01 127.7730 28.6329 KYK  130.4100 30.3781 3.39 320.577  94.510  52.246
OKED 128.6160 27.3855 OT31 129.6990 27.9990 3.13 126.633  40.497  57.278
KYK  130.4100 30.3781 OT26 130.4990 28.8494 3.06 169.670  55.430 177.063
KYK  130.4100 30.3781 OT24 130.8400 29.4501 3.04 110.945  36.495 157.897
GMZK 129.6510 28.4973 OT24 130.8400 29.4501 3.04 156.767  51.500  47.366
AMG  128.9210 27.8215 OT27 130.2110 28.9197 3.22 175.488  54.499  45.785
OT34 129.4000 27.3185 OT30 130.3310 28.1010 2.91 126.256  43.447  46.409
OT33 129.4500 27.5472 OT28 130.2290 28.5500 2.84 134.943  47.498  34.379
OT33 129.4500 27.5472 OT21 130.5800 29.4695 2.98 240.053  80.501  27.176
OT31 129.6990 27.9990 OT25 130.5810 28.9975 2.84 140.395  49.505  37.773
OT31 129.6990 27.9990 OT23 130.8810 29.5506 2.88 207.128  71.994  33.596
OT31 129.6990 27.9990 OT21 130.5800 29.4695 2.95 184.322  62.482  27.638
OT27 130.2110 28.9197 OT30 130.3310 28.1010 2.74  91.492  33.428 172.595
OT24 130.8400 29.4501 MNTN 130.8700 30.4624 2.95 112.248  37.999   1.475
OT21 130.5800 29.4695 MNTN 130.8700 30.4624 3.07 113.566  37.004  14.201
OT19 129.6600 29.2404 OT31 129.6990 27.9990 3.20 137.637  42.998 178.411
OT16 127.9510 28.2012 OT26 130.4990 28.8494 3.20 259.515  80.997  73.327
OT16 127.9510 28.2012 OT07 128.4610 29.7510 3.41 178.822  52.509  16.019
OT14 128.4990 28.6807 OKED 128.6160 27.3855 3.39 143.997  42.502 175.404
OT13 128.6020 29.0207 AMG  128.9210 27.8215 3.46 136.538  39.496 166.676
OT11 128.6350 29.4318 OT21 130.5800 29.4695 3.28 188.764  57.497  88.256
OT11 128.6350 29.4318 NOMT 131.0600 30.7369 3.29 274.941  83.493  57.651
OT11 128.6350 29.4318 GMZK 129.6510 28.4973 3.37 143.336  42.495 136.024
OT05 128.0760 29.0927 NOMT 131.0600 30.7369 3.31 340.942 102.973  56.952
OT04 128.2550 29.0525 OT21 130.5800 29.4695 3.30 230.696  69.993  77.879
OT04 128.2550 29.0525 AMG  128.9210 27.8215 3.40 151.250  44.472 154.265
OT03 128.1910 28.8611 TAS  130.9090 31.1946 3.33 368.285 110.497  44.717
OT02 127.8730 28.7925 OT34 129.4000 27.3185 3.31 221.909  67.002 137.039
OT02 127.8730 28.7925 OT30 130.3310 28.1010 3.27 252.703  77.398 107.068
OT01 127.7730 28.6329 TKRS 129.2090 29.1442 3.39 151.073  44.499  67.624
OKED 128.6160 27.3855 OT24 130.8400 29.4501 3.14 315.990 100.474  43.085
KGM  128.2150 26.7567 OT31 129.6990 27.9990 3.14 201.206  63.997  46.494
KGM  128.2150 26.7567 OT17 128.4090 28.0396 3.37 143.447  42.518   7.643
AMG  128.9210 27.8215 TKRS 129.2090 29.1442 3.43 149.277  43.496  10.808
OT34 129.4000 27.3185 OT19 129.6600 29.2404 3.23 214.509  66.494   6.755
OT27 130.2110 28.9197 MNTN 130.8700 30.4624 3.09 182.516  59.009  20.301
OT17 128.4090 28.0396 OT31 129.6990 27.9990 3.38 126.895  37.499  91.730
OT17 128.4090 28.0396 OT19 129.6600 29.2404 3.48 180.734  51.995  42.282
OT17 128.4090 28.0396 OT13 128.6020 29.0207 3.34 110.356  33.001   9.790
OT16 127.9510 28.2012 OT27 130.2110 28.9197 3.31 235.014  71.001  69.660
OT16 127.9510 28.2012 KYK  130.4100 30.3781 3.41 339.529  99.510  44.123
OT14 128.4990 28.6807 TAS  130.9090 31.1946 3.36 363.023 108.010  39.271
OT14 128.4990 28.6807 OT21 130.5800 29.4695 3.27 220.685  67.447  66.161
OT13 128.6020 29.0207 OKED 128.6160 27.3855 3.36 181.228  54.001 179.567
OT06 128.3050 29.3225 OT21 130.5800 29.4695 3.33 221.431  66.496  85.225
OT05 128.0760 29.0927 OT31 129.6990 27.9990 3.36 199.764  59.507 126.968
OT05 128.0760 29.0927 GMZK 129.6510 28.4973 3.42 167.349  48.961 112.845
OT03 128.1910 28.8611 OT17 128.4090 28.0396 3.54  93.517  26.417 166.742
OT01 127.7730 28.6329 OT17 128.4090 28.0396 3.30  90.630  27.497 136.360
OKED 128.6160 27.3855 OT26 130.4990 28.8494 3.06 246.082  80.498  48.319
OKED 128.6160 27.3855 OT25 130.5810 28.9975 3.08 262.978  85.493  46.752
OT20 130.1540 29.2781 OT30 130.3310 28.1010 2.83 131.596  46.500 172.422
OT17 128.4090 28.0396 TKRS 129.2090 29.1442 3.46 145.276  41.999  32.385
OT17 128.4090 28.0396 OT25 130.5810 28.9975 3.21 237.636  74.007  62.953
OT17 128.4090 28.0396 OT07 128.4610 29.7510 3.48 189.750  54.448   1.519
OT16 127.9510 28.2012 MNTN 130.8700 30.4624 3.38 378.385 111.948  47.820
OT14 128.4990 28.6807 OT31 129.6990 27.9990 3.33 139.803  41.995 122.426
OT14 128.4990 28.6807 NOMT 131.0600 30.7369 3.35 336.684 100.503  46.770
OT13 128.6020 29.0207 OT21 130.5800 29.4695 3.21 198.634  61.938  75.018
OT12 128.6050 29.2506 KYK  130.4100 30.3781 3.33 214.582  64.497  53.935
OT11 128.6350 29.4318 OT25 130.5810 28.9975 3.23 195.285  60.497 103.796
OT07 128.4610 29.7510 TAS  130.9090 31.1946 3.35 284.364  85.012  55.140
OT05 128.0760 29.0927 TAS  130.9090 31.1946 3.35 358.859 106.994  48.814
OT05 128.0760 29.0927 KYK  130.4100 30.3781 3.38 266.957  79.005  57.172
OT03 128.1910 28.8611 OT27 130.2110 28.9197 3.37 197.120  58.493  87.627
OT02 127.8730 28.7925 TAS  130.9090 31.1946 3.37 395.898 117.512  46.991
OT02 127.8730 28.7925 OT21 130.5800 29.4695 3.30 273.961  82.993  73.451
OT02 127.8730 28.7925 OT17 128.4090 28.0396 3.40  98.630  29.000 147.652
OT01 127.7730 28.6329 TAS  130.9090 31.1946 3.36 415.117 123.510  46.074
OT01 127.7730 28.6329 OT25 130.5810 28.9975 3.26 277.060  84.988  80.942
OKED 128.6160 27.3855 OT21 130.5800 29.4695 3.23 300.631  92.959  39.343
OKED 128.6160 27.3855 OT19 129.6600 29.2404 3.38 229.670  67.950  26.238
KGM  128.2150 26.7567 OT11 128.6350 29.4318 3.40 299.312  88.007   7.821
OT34 129.4000 27.3185 OT25 130.5810 28.9975 2.87 219.251  76.501  31.660
OT34 129.4000 27.3185 OT23 130.8810 29.5506 2.97 286.760  96.487  30.039
OT33 129.4500 27.5472 OT26 130.4990 28.8494 2.84 177.287  62.491  35.266
OT33 129.4500 27.5472 OT19 129.6600 29.2404 3.28 188.775  57.501   6.206
OT27 130.2110 28.9197 NOMT 131.0600 30.7369 3.07 217.517  70.968  21.960
OT25 130.5810 28.9975 MNTN 130.8700 30.4624 2.97 164.766  55.495   9.699
OT23 130.8810 29.5506 TAS  130.9090 31.1946 3.04 182.272  59.978   0.842
OT19 129.6600 29.2404 OT29 130.5910 28.3600 3.03 133.375  44.004 136.796
OT19 129.6600 29.2404 OT28 130.2290 28.5500 3.10  94.510  30.497 143.925
OT19 129.6600 29.2404 OT23 130.8810 29.5506 3.16 123.421  38.996  73.527
OT17 128.4090 28.0396 OT20 130.1540 29.2781 3.37 218.956  64.991  50.766
OT17 128.4090 28.0396 OT12 128.6050 29.2506 3.39 135.578  40.005   8.083
OT16 127.9510 28.2012 OT21 130.5800 29.4695 3.29 292.543  88.973  60.657
OT16 127.9510 28.2012 NOMT 131.0600 30.7369 3.41 412.195 120.985  46.262
OT14 128.4990 28.6807 GMZK 129.6510 28.4973 3.42 114.541  33.501  99.948
OT13 128.6020 29.0207 OT20 130.1540 29.2781 3.42 153.726  45.002  78.929
OT13 128.6020 29.0207 GMZK 129.6510 28.4973 3.41 117.778  34.499 119.256
OT07 128.4610 29.7510 OT34 129.4000 27.3185 3.29 284.826  86.494 160.947
OT05 128.0760 29.0927 OKED 128.6160 27.3855 3.39 196.472  58.008 164.237
OT03 128.1910 28.8611 OT19 129.6600 29.2404 3.39 149.098  43.995  73.269
OT02 127.8730 28.7925 TKRS 129.2090 29.1442 3.40 135.955  39.999  73.016
OKED 128.6160 27.3855 OT11 128.6350 29.4318 3.44 226.797  65.929   0.470
TKRS 129.2090 29.1442 NOMT 131.0600 30.7369 3.31 251.221  75.966  44.895
OT28 130.2290 28.5500 OT30 130.3310 28.1010 2.74  50.762  18.499 168.578
OT28 130.2290 28.5500 OT26 130.4990 28.8494 2.74  42.412  15.501  38.455
OT27 130.2110 28.9197 OT24 130.8400 29.4501 2.89  84.861  29.333  45.999
OT16 127.9510 28.2012 OT06 128.3050 29.3225 3.44 128.992  37.498  15.457
OT14 128.4990 28.6807 OT33 129.4500 27.5472 3.27 156.559  47.951 143.131
OT14 128.4990 28.6807 OT27 130.2110 28.9197 3.22 169.210  52.501  80.584
OT14 128.4990 28.6807 OT25 130.5810 28.9975 3.20 206.210  64.501  79.698
OT14 128.4990 28.6807 MNTN 130.8700 30.4624 3.38 302.957  89.500  48.743
OT14 128.4990 28.6807 AMG  128.9210 27.8215 3.42 103.843  30.372 156.388
OT12 128.6050 29.2506 GMZK 129.6510 28.4973 3.38 131.851  38.998 129.037
OT07 128.4610 29.7510 OT13 128.6020 29.0207 3.49  82.091  23.501 170.395
OT06 128.3050 29.3225 OT20 130.1540 29.2781 3.52 179.737  51.004  91.119
OT05 128.0760 29.0927 OT34 129.4000 27.3185 3.27 235.714  71.996 146.212
OT05 128.0760 29.0927 OT11 128.6350 29.4318 3.48  66.040  18.999  55.174
OT04 128.2550 29.0525 OT23 130.8810 29.5506 3.24 261.075  80.504  77.154
OT03 128.1910 28.8611 OT21 130.5800 29.4695 3.25 241.991  74.505  73.243
OT03 128.1910 28.8611 OKED 128.6160 27.3855 3.41 168.768  49.507 165.591
OT01 127.7730 28.6329 OT05 128.0760 29.0927 3.37  58.915  17.498  30.046
OT01 127.7730 28.6329 NOMT 131.0600 30.7369 3.36 394.441 117.498  52.955
OKED 128.6160 27.3855 OT28 130.2290 28.5500 3.12 204.546  65.455  50.509
MNTN 130.8700 30.4624 OT23 130.8810 29.5506 2.93 101.076  34.497 179.401
KGM  128.2150 26.7567 OT23 130.8810 29.5506 3.22 405.470 126.001  39.603
KGM  128.2150 26.7567 OKED 128.6160 27.3855 3.27  80.197  24.503  29.598
TKRS 129.2090 29.1442 KYK  130.4100 30.3781 3.52 179.439  51.006  40.045
OT31 129.6990 27.9990 OT26 130.4990 28.8494 2.79 122.591  44.003  39.566
OT26 130.4990 28.8494 NOMT 131.0600 30.7369 2.94 216.152  73.496  14.400
OT19 129.6600 29.2404 OT21 130.5800 29.4695 3.15  92.893  29.499  73.911
OT17 128.4090 28.0396 OT21 130.5800 29.4695 3.35 264.700  78.991  52.709
OT16 127.9510 28.2012 OT31 129.6990 27.9990 3.46 173.193  49.984  97.024
OT16 127.9510 28.2012 OKED 128.6160 27.3855 3.38 111.626  32.996 143.923
OT14 128.4990 28.6807 OT24 130.8400 29.4501 3.27 243.392  74.500  68.927
OT14 128.4990 28.6807 OT23 130.8810 29.5506 3.22 251.092  78.003  66.846
OT13 128.6020 29.0207 OT29 130.5910 28.3600 3.12 207.759  66.504 110.160
OT12 128.6050 29.2506 TAS  130.9090 31.1946 3.34 309.234  92.502  45.253
OT12 128.6050 29.2506 OT24 130.8400 29.4501 3.28 218.139  66.506  83.638
OT12 128.6050 29.2506 OT21 130.5800 29.4695 3.33 193.280  57.972  82.308
OT11 128.6350 29.4318 OT28 130.2290 28.5500 3.22 183.501  57.006 121.795
OT11 128.6350 29.4318 KYK  130.4100 30.3781 3.35 200.969  60.009  58.099
OT07 128.4610 29.7510 OT29 130.5910 28.3600 3.15 258.452  81.996 126.101
OT02 127.8730 28.7925 OT29 130.5910 28.3600 3.12 270.269  86.514  99.566
OT02 127.8730 28.7925 OT14 128.4990 28.6807 3.78  62.442  16.502 101.296
OT02 127.8730 28.7925 OT04 128.2550 29.0525 3.25  47.103  14.502  52.189
OT02 127.8730 28.7925 OKED 128.6160 27.3855 3.41 172.186  50.494 154.727
OT02 127.8730 28.7925 AMG  128.9210 27.8215 3.43 148.859  43.399 136.047
OT01 127.7730 28.6329 OT20 130.1540 29.2781 3.37 242.882  72.008  72.306
OT01 127.7730 28.6329 OT14 128.4990 28.6807 3.31  71.161  21.499  85.558
OT01 127.7730 28.6329 OT13 128.6020 29.0207 3.27  91.592  28.001  61.815
OT01 127.7730 28.6329 OT12 128.6050 29.2506 3.37 106.159  31.501  49.642
GMZK 129.6510 28.4973 NOMT 131.0600 30.7369 3.11 283.274  90.997  28.450
OT31 129.6990 27.9990 OT29 130.5910 28.3600 2.76  96.350  34.947  65.257
OT31 129.6990 27.9990 OT24 130.8400 29.4501 2.90 195.700  67.436  34.464
OT31 129.6990 27.9990 OT20 130.1540 29.2781 3.13 148.597  47.505  17.336
OT30 130.3310 28.1010 TAS  130.9090 31.1946 3.02 347.456 115.014   9.133
OT28 130.2290 28.5500 OT25 130.5810 28.9975 2.57  60.377  23.502  34.685
OT27 130.2110 28.9197 OT28 130.2290 28.5500 2.83  41.011  14.502 177.579
OT20 130.1540 29.2781 OT29 130.5910 28.3600 2.83 110.334  39.001 157.152
OT20 130.1540 29.2781 OT28 130.2290 28.5500 2.95  81.023  27.484 174.852
OT19 129.6600 29.2404 OT24 130.8400 29.4501 3.12 116.945  37.494  78.249
OT16 127.9510 28.2012 OT13 128.6020 29.0207 3.41 110.901  32.515  34.864
OT16 127.9510 28.2012 OT05 128.0760 29.0927 3.32  99.558  29.996   7.021
OT16 127.9510 28.2012 OT04 128.2550 29.0525 3.47  98.907  28.503  17.389
OT12 128.6050 29.2506 OT33 129.4500 27.5472 3.30 206.131  62.483 156.122
OT06 128.3050 29.3225 OT31 129.6990 27.9990 3.34 200.191  59.991 136.779
OT05 128.0760 29.0927 OT24 130.8400 29.4501 3.25 271.513  83.491  80.940
OT04 128.2550 29.0525 OT27 130.2110 28.9197 3.45 191.211  55.488  93.943
OT04 128.2550 29.0525 OT07 128.4610 29.7510 3.48  79.978  23.002  14.470
OT03 128.1910 28.8611 OT31 129.6990 27.9990 3.38 175.905  51.997 122.539
OT03 128.1910 28.8611 OT25 130.5810 28.9975 3.27 233.534  71.517  85.714
OT03 128.1910 28.8611 OT20 130.1540 29.2781 3.36 196.671  58.498  75.935
OT03 128.1910 28.8611 OT07 128.4610 29.7510 3.46 102.068  29.499  14.832
OT02 127.8730 28.7925 MNTN 130.8700 30.4624 3.36 344.275 102.493  56.749
OT01 127.7730 28.6329 OT31 129.6990 27.9990 3.39 201.491  59.507 109.949
OT01 127.7730 28.6329 OT06 128.3050 29.3225 3.42  92.353  27.004  34.019
KYK  130.4100 30.3781 OT21 130.5800 29.4695 3.09 102.053  33.002 170.685
AMG  128.9210 27.8215 TAS  130.9090 31.1946 3.41 420.630 123.497  26.792
TKRS 129.2090 29.1442 TAS  130.9090 31.1946 3.46 280.149  80.991  35.354
TKRS 129.2090 29.1442 OT34 129.4000 27.3185 3.25 203.205  62.467 174.644
TKRS 129.2090 29.1442 OT24 130.8400 29.4501 3.18 162.080  51.001  77.530
OT34 129.4000 27.3185 OT29 130.5910 28.3600 3.11 164.568  53.001  45.192
OT33 129.4500 27.5472 OT27 130.2110 28.9197 3.03 169.449  55.998  25.972
OT30 130.3310 28.1010 OT21 130.5800 29.4695 2.82 153.614  54.492   9.055
OT29 130.5910 28.3600 OT24 130.8400 29.4501 3.20 123.233  38.498  11.296
OT28 130.2290 28.5500 OT29 130.5910 28.3600 2.95  41.297  13.999 120.571
OT28 130.2290 28.5500 OT21 130.5800 29.4695 2.83 107.514  38.004  18.490
OT25 130.5810 28.9975 OT24 130.8400 29.4501 3.21  56.127  17.501  26.584
OT17 128.4090 28.0396 TAS  130.9090 31.1946 3.44 425.328 123.498  34.090
OT17 128.4090 28.0396 OT11 128.6350 29.4318 3.43 155.866  45.495   8.075
OT16 127.9510 28.2012 OT29 130.5910 28.3600 3.18 259.612  81.511  85.492
OT16 127.9510 28.2012 OT25 130.5810 28.9975 3.22 271.965  84.487  70.442
OT14 128.4990 28.6807 TKRS 129.2090 29.1442 3.32  86.201  25.972  53.247
OT13 128.6020 29.0207 OT19 129.6600 29.2404 3.47 105.811  30.490  76.439
OT13 128.6020 29.0207 NOMT 131.0600 30.7369 3.36 304.269  90.475  50.698
OT12 128.6050 29.2506 OKED 128.6160 27.3855 3.42 206.707  60.441 179.716
OT12 128.6050 29.2506 NOMT 131.0600 30.7369 3.32 288.524  86.983  54.572
OT06 128.3050 29.3225 OT23 130.8810 29.5506 3.28 251.221  76.498  83.595
OT05 128.0760 29.0927 OT29 130.5910 28.3600 3.21 258.785  80.493 107.683
OT05 128.0760 29.0927 OT28 130.2290 28.5500 3.41 218.534  63.992 105.458
OT05 128.0760 29.0927 OT17 128.4090 28.0396 3.56 121.179  34.001 164.318
OT04 128.2550 29.0525 TAS  130.9090 31.1946 3.34 349.015 104.496  46.475
OT04 128.2550 29.0525 NOMT 131.0600 30.7369 3.34 329.059  98.491  54.741
OT02 127.8730 28.7925 OT16 127.9510 28.2012 3.47  65.983  18.999 173.283
OT01 127.7730 28.6329 OT21 130.5800 29.4695 3.28 288.664  87.954  70.589
OKED 128.6160 27.3855 GMZK 129.6510 28.4973 3.40 159.905  47.003  39.360
KGM  128.2150 26.7567 OT12 128.6050 29.2506 3.38 279.024  82.478   7.813
GMZK 129.6510 28.4973 OT25 130.5810 28.9975 2.88 106.408  36.999  58.378
TKRS 129.2090 29.1442 OT21 130.5800 29.4695 3.17 138.014  43.483  74.524
OT33 129.4500 27.5472 OT30 130.3310 28.1010 2.83 106.293  37.506  54.530
OT31 129.6990 27.9990 OT30 130.3310 28.1010 3.01  63.174  20.967  79.545
OT30 130.3310 28.1010 OT23 130.8810 29.5506 2.87 169.400  59.004  18.351
OT27 130.2110 28.9197 OT25 130.5810 28.9975 2.86  37.112  12.999  76.476
OT21 130.5800 29.4695 OT25 130.5810 28.9975 2.75  52.317  18.997 179.883
OT21 130.5800 29.4695 NOMT 131.0600 30.7369 3.06 147.921  48.403  18.107
OT17 128.4090 28.0396 OT30 130.3310 28.1010 3.12 189.020  60.486  87.487
OT17 128.4090 28.0396 OT29 130.5910 28.3600 3.10 217.158  70.006  80.078
OT16 127.9510 28.2012 AMG  128.9210 27.8215 3.42 104.273  30.498 113.573
OT14 128.4990 28.6807 OT30 130.3310 28.1010 3.13 190.681  60.959 109.255
OT14 128.4990 28.6807 OT26 130.4990 28.8494 3.19 196.198  61.504  84.053
OT14 128.4990 28.6807 OT19 129.6600 29.2404 3.35 129.048  38.499  60.990
OT12 128.6050 29.2506 OT30 130.3310 28.1010 3.15 211.373  66.996 126.653
OT12 128.6050 29.2506 OT28 130.2290 28.5500 3.27 176.339  53.959 115.734
OT11 128.6350 29.4318 OT31 129.6990 27.9990 3.39 189.793  56.003 146.536
OT11 128.6350 29.4318 OT26 130.4990 28.8494 3.18 192.530  60.449 109.136
OT11 128.6350 29.4318 AMG  128.9210 27.8215 3.44 180.655  52.501 171.015
OT07 128.4610 29.7510 OT31 129.6990 27.9990 3.36 228.646  68.009 147.831
OT07 128.4610 29.7510 OT25 130.5810 28.9975 3.24 222.117  68.491 111.567
OT07 128.4610 29.7510 OT19 129.6600 29.2404 3.36 129.284  38.500 115.667
OT03 128.1910 28.8611 MNTN 130.8700 30.4624 3.38 314.269  93.007  54.961
OT03 128.1910 28.8611 GMZK 129.6510 28.4973 3.41 148.307  43.454 105.427
OT01 127.7730 28.6329 OT28 130.2290 28.5500 3.29 240.368  72.994  91.606
OT01 127.7730 28.6329 OT04 128.2550 29.0525 3.22  66.111  20.499  45.180
AMG  128.9210 27.8215 OT30 130.3310 28.1010 2.99 142.131  47.504  77.084
TKRS 129.2090 29.1442 OT33 129.4500 27.5472 3.34 178.564  53.494 172.332
TKRS 129.2090 29.1442 OT28 130.2290 28.5500 3.14 119.334  38.004 123.251
TAS  130.9090 31.1946 NOMT 131.0600 30.7369 3.10  52.749  16.999 164.101
OT34 129.4000 27.3185 OT31 129.6990 27.9990 2.94  80.950  27.497  21.253
OT33 129.4500 27.5472 OT29 130.5910 28.3600 2.92 143.965  49.303  51.005
OT31 129.6990 27.9990 OT28 130.2290 28.5500 2.72  80.197  29.495  40.286
OT17 128.4090 28.0396 OT23 130.8810 29.5506 3.23 293.732  90.995  54.655
OT17 128.4090 28.0396 GMZK 129.6510 28.4973 3.43 132.007  38.497  67.112
OT14 128.4990 28.6807 OT11 128.6350 29.4318 3.37  84.294  24.998   8.994
OT13 128.6020 29.0207 OT31 129.6990 27.9990 3.29 156.051  47.487 136.257
OT11 128.6350 29.4318 OT19 129.6600 29.2404 3.51 101.795  29.001 101.779
OT05 128.0760 29.0927 TKRS 129.2090 29.1442 3.62 110.390  30.503  86.761
OT05 128.0760 29.0927 OT14 128.4990 28.6807 3.52  61.537  17.502 137.804
OT01 127.7730 28.6329 OT16 127.9510 28.2012 3.39  50.924  15.000 159.929
GMZK 129.6510 28.4973 OT19 129.6600 29.2404 3.36  82.367  24.499   0.580
AMG  128.9210 27.8215 OT31 129.6990 27.9990 3.23  79.033  24.499  75.406
TKRS 129.2090 29.1442 MNTN 130.8700 30.4624 3.29 217.128  65.996  47.299
OT33 129.4500 27.5472 GMZK 129.6510 28.4973 3.15 107.134  34.000  10.603
OT30 130.3310 28.1010 OT26 130.4990 28.8494 2.60  84.559  32.498  11.179
OT27 130.2110 28.9197 OT29 130.5910 28.3600 2.73  72.328  26.503 148.962
OT27 130.2110 28.9197 OT23 130.8810 29.5506 2.95  95.578  32.399  42.814
OT26 130.4990 28.8494 OT24 130.8400 29.4501 2.70  74.398  27.504  26.419
OT21 130.5800 29.4695 OT23 130.8810 29.5506 2.78  30.537  11.000  72.806
OT20 130.1540 29.2781 OT26 130.4990 28.8494 2.77  58.170  21.000 144.687
OT17 128.4090 28.0396 OT14 128.4990 28.6807 3.33  71.594  21.500   7.042
OT16 127.9510 28.2012 OT28 130.2290 28.5500 3.21 226.556  70.490  79.639
OT16 127.9510 28.2012 OT14 128.4990 28.6807 3.36  75.529  22.499  45.155
OT11 128.6350 29.4318 OT20 130.1540 29.2781 3.45 148.530  43.002  96.215
OT06 128.3050 29.3225 OT19 129.6600 29.2404 3.52 131.975  37.504  93.624
OT05 128.0760 29.0927 OT23 130.8810 29.5506 3.26 277.145  84.988  78.767
OT05 128.0760 29.0927 OT21 130.5800 29.4695 3.36 246.878  73.454  79.653
OT03 128.1910 28.8611 OT29 130.5910 28.3600 3.11 241.221  77.488 102.737
GMZK 129.6510 28.4973 OT28 130.2290 28.5500 2.84  56.806  20.002  83.960
TKRS 129.2090 29.1442 OT30 130.3310 28.1010 3.10 159.400  51.502 136.228
OT33 129.4500 27.5472 OT20 130.1540 29.2781 3.16 203.864  64.494  19.621
OT30 130.3310 28.1010 OT25 130.5810 28.9975 2.69 102.333  38.000  13.790
OT26 130.4990 28.8494 OT21 130.5800 29.4695 2.77  69.184  24.967   6.538
OT26 130.4990 28.8494 MNTN 130.8700 30.4624 2.92 182.369  62.498  11.277
OT20 130.1540 29.2781 OT24 130.8400 29.4501 3.02  69.263  22.935  73.856
OT19 129.6600 29.2404 OT26 130.4990 28.8494 3.08  92.495  30.002 117.736
OT16 127.9510 28.2012 OT23 130.8810 29.5506 3.23 322.582  99.994  61.682
OT16 127.9510 28.2012 OT03 128.1910 28.8611 3.49  76.815  21.997  17.749
OT14 128.4990 28.6807 OT28 130.2290 28.5500 3.21 169.769  52.937  94.482
OT12 128.6050 29.2506 OT29 130.5910 28.3600 3.13 217.552  69.505 116.503
OT12 128.6050 29.2506 OT25 130.5810 28.9975 3.24 194.333  59.998  97.821
OT07 128.4610 29.7510 OT26 130.4990 28.8494 3.29 221.762  67.507 116.285
OT07 128.4610 29.7510 OT23 130.8810 29.5506 3.29 235.346  71.490  94.820
OT06 128.3050 29.3225 OT24 130.8400 29.4501 3.33 246.495  74.000  86.092
OT06 128.3050 29.3225 OT14 128.4990 28.6807 3.42  73.603  21.503 165.072
OT06 128.3050 29.3225 NOMT 131.0600 30.7369 3.32 308.541  92.962  58.779
OT05 128.0760 29.0927 OT26 130.4990 28.8494 3.23 237.671  73.491  95.930
OT03 128.1910 28.8611 OT30 130.3310 28.1010 3.23 225.828  69.997 111.392
OT03 128.1910 28.8611 OT11 128.6350 29.4318 3.42  76.585  22.380  34.207
OT02 127.8730 28.7925 OT13 128.6020 29.0207 3.28  75.489  23.001  70.250
OT02 127.8730 28.7925 OT06 128.3050 29.3225 3.29  72.283  21.944  35.536
OT02 127.8730 28.7925 NOMT 131.0600 30.7369 3.33 376.127 112.985  54.261
OT02 127.8730 28.7925 KYK  130.4100 30.3781 3.38 302.178  89.508  53.819
OT01 127.7730 28.6329 GMZK 129.6510 28.4973 3.42 184.386  53.961  94.228
OKED 128.6160 27.3855 AMG  128.9210 27.8215 3.35  56.958  17.002  31.903
MNTN 130.8700 30.4624 TAS  130.9090 31.1946 3.13  81.267  25.997   2.623
KYK  130.4100 30.3781 NOMT 131.0600 30.7369 3.02  73.995  24.502  57.314
AMG  128.9210 27.8215 OT19 129.6600 29.2404 3.39 173.082  50.996  24.518
OT33 129.4500 27.5472 OT31 129.6990 27.9990 3.01  55.746  18.502  26.030
OT13 128.6020 29.0207 OT27 130.2110 28.9197 3.38 157.232  46.505  93.695
OT13 128.6020 29.0207 OT23 130.8810 29.5506 3.20 229.130  71.491  74.595
OT11 128.6350 29.4318 OT23 130.8810 29.5506 3.23 218.228  67.484  85.991
OT07 128.4610 29.7510 GMZK 129.6510 28.4973 3.32 180.898  54.504 139.898
OT05 128.0760 29.0927 OT25 130.5810 28.9975 3.32 244.212  73.491  91.871
OT05 128.0760 29.0927 OT20 130.1540 29.2781 3.39 203.175  60.004  83.692
OT05 128.0760 29.0927 OT19 129.6600 29.2404 3.44 154.942  45.002  83.551
OT03 128.1910 28.8611 TKRS 129.2090 29.1442 3.30 104.008  31.498  72.195
OT03 128.1910 28.8611 OT23 130.8810 29.5506 3.26 272.518  83.492  73.064
OT03 128.1910 28.8611 OT12 128.6050 29.2506 3.48  59.083  16.998  42.957
OKED 128.6160 27.3855 TAS  130.9090 31.1946 3.41 477.377 139.993  27.275
GMZK 129.6510 28.4973 OT27 130.2110 28.9197 3.00  71.981  24.002  49.295
TKRS 129.2090 29.1442 OT25 130.5810 28.9975 3.17 134.620  42.494  96.606
OT19 129.6600 29.2404 OT25 130.5810 28.9975 3.12  93.622  29.997 106.489
OT17 128.4090 28.0396 OT26 130.4990 28.8494 3.17 223.502  70.505  65.833
OT16 127.9510 28.2012 GMZK 129.6510 28.4973 3.43 169.893  49.503  78.463
OT12 128.6050 29.2506 OT19 129.6600 29.2404 3.42 102.523  30.004  90.376
OT12 128.6050 29.2506 MNTN 130.8700 30.4624 3.34 256.771  76.993  57.902
OT07 128.4610 29.7510 MNTN 130.8700 30.4624 3.41 245.204  71.992  70.643
OT04 128.2550 29.0525 MNTN 130.8700 30.4624 3.32 297.344  89.508  57.653
OT03 128.1910 28.8611 OT26 130.4990 28.8494 3.31 225.183  67.993  89.776
OT01 127.7730 28.6329 OT29 130.5910 28.3600 3.19 277.569  87.012  95.585
OT01 127.7730 28.6329 AMG  128.9210 27.8215 3.43 144.167  41.970 128.318
OT26 130.4990 28.8494 OT29 130.5910 28.3600 2.79  54.988  19.716 170.518
OT26 130.4990 28.8494 OT23 130.8810 29.5506 2.73  86.151  31.500  25.467
OT05 128.0760 29.0927 AMG  128.9210 27.8215 3.48 163.397  46.994 149.365
OKED 128.6160 27.3855 NOMT 131.0600 30.7369 3.26 441.159 135.491  32.069
GMZK 129.6510 28.4973 OT30 130.3310 28.1010 3.07  79.825  26.002 123.219
AMG  128.9210 27.8215 OT33 129.4500 27.5472 3.10  60.378  19.502 120.103
OT11 128.6350 29.4318 TKRS 129.2090 29.1442 3.47  64.239  18.502 119.609
OT11 128.6350 29.4318 OT24 130.8400 29.4501 3.24 213.970  65.999  88.918
OT07 128.4610 29.7510 TKRS 129.2090 29.1442 3.47  98.913  28.497 132.657
OT07 128.4610 29.7510 OKED 128.6160 27.3855 3.45 262.606  76.008 176.664
OT06 128.3050 29.3225 OT25 130.5810 28.9975 3.28 224.356  68.506  98.686
OT06 128.3050 29.3225 MNTN 130.8700 30.4624 3.33 278.119  83.494  62.348
OT05 128.0760 29.0927 MNTN 130.8700 30.4624 3.32 309.909  93.459  59.983
OT19 129.6600 29.2404 OT27 130.2110 28.9197 3.14  64.354  20.502 123.394
OT12 128.6050 29.2506 OT27 130.2110 28.9197 3.38 160.564  47.434 102.815
OT04 128.2550 29.0525 OT25 130.5810 28.9975 3.29 226.726  68.998  90.979
AMG  128.9210 27.8215 OT34 129.4000 27.3185 2.92  73.118  24.998 139.555
TKRS 129.2090 29.1442 OT27 130.2110 28.9197 3.49 100.736  28.872 104.060
OT04 128.2550 29.0525 OT19 129.6600 29.2404 3.37 138.314  40.994  81.000
OT27 130.2110 28.9197 OT21 130.5800 29.4695 2.95  70.731  24.001  30.419
OT13 128.6020 29.0207 MNTN 130.8700 30.4624 3.35 271.445  80.980  53.380
OT25 130.5810 28.9975 OT29 130.5910 28.3600 3.14  70.661  22.496 179.197
