KGM  128.2150 26.7567 OT04 128.2550 29.0525 3.64 254.446  69.884   0.864
KGM  128.2150 26.7567 GMZK 129.6510 28.4973 3.55 239.356  67.367  35.983
GMZK 129.6510 28.4973 TAS  130.9090 31.1946 3.55 322.754  90.865  21.815
GMZK 129.6510 28.4973 KYK  130.4100 30.3781 3.60 221.081  61.343  19.258
OT07 128.4610 29.7510 OT30 130.3310 28.1010 3.57 258.218  72.371 134.635
AMG  128.9210 27.8215 KYK  130.4100 30.3781 3.64 318.263  87.363  26.728
OT04 128.2550 29.0525 OT26 130.4990 28.8494 3.70 219.937  59.378  95.333
OT04 128.2550 29.0525 KYK  130.4100 30.3781 3.68 255.097  69.376  54.303
OT14 128.4990 28.6807 KYK  130.4100 30.3781 3.67 264.016  71.880  44.087
OT02 127.8730 28.7925 OT28 130.2290 28.5500 3.75 231.858  61.878  96.093
KGM  128.2150 26.7567 OT29 130.5910 28.3600 3.51 294.320  83.876  52.328
OT34 129.4000 27.3185 OT27 130.2110 28.9197 3.48 194.496  55.874  23.981
OT02 127.8730 28.7925 OT27 130.2110 28.9197 3.69 228.598  61.867  85.903
KGM  128.2150 26.7567 OT24 130.8400 29.4501 3.54 394.467 111.368  40.225
OT28 130.2290 28.5500 NOMT 131.0600 30.7369 3.48 255.433  73.316  18.170
OT17 128.4090 28.0396 OT24 130.8400 29.4501 3.70 284.272  76.872  56.063
OT04 128.2550 29.0525 OT30 130.3310 28.1010 3.58 228.867  63.876 116.939
KGM  128.2150 26.7567 OT33 129.4500 27.5472 3.60 150.507  41.773  54.132
KGM  128.2150 26.7567 OT14 128.4990 28.6807 3.72 215.037  57.868   7.413
OT28 130.2290 28.5500 TAS  130.9090 31.1946 3.48 300.437  86.382  12.474
OT11 128.6350 29.4318 OT34 129.4000 27.3185 3.65 245.935  67.379 162.052
OT04 128.2550 29.0525 OT34 129.4000 27.3185 3.60 222.676  61.872 149.381
KGM  128.2150 26.7567 OT20 130.1540 29.2781 3.58 338.279  94.386  33.865
OT27 130.2110 28.9197 TAS  130.9090 31.1946 3.51 261.015  74.384  14.778
OT20 130.1540 29.2781 TAS  130.9090 31.1946 3.49 224.538  64.374  18.694
OT01 127.7730 28.6329 OT34 129.4000 27.3185 3.62 216.441  59.873 131.914
KYK  130.4100 30.3781 OT25 130.5810 28.9975 3.68 153.933  41.875 173.771
KGM  128.2150 26.7567 OT28 130.2290 28.5500 3.54 280.989  79.375  44.532
KGM  128.2150 26.7567 OT06 128.3050 29.3225 3.61 284.480  78.869   1.758
OT34 129.4000 27.3185 OT28 130.2290 28.5500 3.50 158.962  45.379  30.657
OT34 129.4000 27.3185 KYK  130.4100 30.3781 3.59 353.116  98.388  15.957
OT29 130.5910 28.3600 TAS  130.9090 31.1946 3.47 315.713  90.879   5.510
OT28 130.2290 28.5500 KYK  130.4100 30.3781 3.64 203.394  55.877   4.913
OT25 130.5810 28.9975 TAS  130.9090 31.1946 3.57 245.602  68.873   7.315
OT21 130.5800 29.4695 TAS  130.9090 31.1946 3.53 193.842  54.882   9.314
OT14 128.4990 28.6807 OT20 130.1540 29.2781 3.68 174.381  47.387  67.287
OT13 128.6020 29.0207 OT24 130.8400 29.4501 3.66 222.742  60.875  77.120
OT03 128.1910 28.8611 KGM  128.2150 26.7567 3.68 233.215  63.374 179.411
OT01 127.7730 28.6329 KGM  128.2150 26.7567 3.64 212.434  58.377 168.052
AMG  128.9210 27.8215 OT21 130.5800 29.4695 3.55 244.263  68.845  41.213
OT28 130.2290 28.5500 MNTN 130.8700 30.4624 3.49 220.913  63.371  16.199
OT27 130.2110 28.9197 KYK  130.4100 30.3781 3.63 162.802  44.874   6.745
OT24 130.8400 29.4501 TAS  130.9090 31.1946 3.56 193.506  54.371   1.951
OT20 130.1540 29.2781 NOMT 131.0600 30.7369 3.44 183.816  53.373  28.162
OT16 127.9510 28.2012 OT20 130.1540 29.2781 3.71 246.087  66.367  60.464
OT14 128.4990 28.6807 OT34 129.4000 27.3185 3.66 175.069  47.872 149.361
OT13 128.6020 29.0207 OT34 129.4000 27.3185 3.62 204.294  56.373 157.236
OT10 128.8440 29.6621 NOMT 131.0600 30.7369 3.50 244.431  69.877  60.276
OT06 128.3050 29.3225 TAS  130.9090 31.1946 3.62 325.370  89.881  49.725
KYK  130.4100 30.3781 OT29 130.5910 28.3600 3.60 224.384  62.381 175.451
KYK  130.4100 30.3781 OT23 130.8810 29.5506 3.67 102.390  27.876 153.505
KGM  128.2150 26.7567 OT34 129.4000 27.3185 3.66 133.056  36.374  61.839
KGM  128.2150 26.7567 OT30 130.3310 28.1010 3.57 256.800  71.872  54.065
KGM  128.2150 26.7567 OT21 130.5800 29.4695 3.56 379.947 106.877  37.154
KGM  128.2150 26.7567 OT07 128.4610 29.7510 3.64 332.717  91.381   4.103
GMZK 129.6510 28.4973 MNTN 130.8700 30.4624 3.55 247.821  69.789  28.193
OT33 129.4500 27.5472 KYK  130.4100 30.3781 3.58 327.410  91.379  16.374
OT31 129.6990 27.9990 KYK  130.4100 30.3781 3.59 272.614  75.874  14.525
OT30 130.3310 28.1010 NOMT 131.0600 30.7369 3.46 300.620  86.884  13.438
OT11 128.6350 29.4318 OT29 130.5910 28.3600 3.60 224.778  62.369 121.429
OT07 128.4610 29.7510 OT33 129.4500 27.5472 3.65 262.679  71.868 158.169
OT02 127.8730 28.7925 OT19 129.6600 29.2404 3.74 181.072  48.376  73.658
KGM  128.2150 26.7567 TKRS 129.2090 29.1442 3.67 282.067  76.878  20.052
KGM  128.2150 26.7567 OT27 130.2110 28.9197 3.55 309.992  87.371  38.899
KGM  128.2150 26.7567 OT25 130.5810 28.9975 3.57 340.488  95.375  42.631
KGM  128.2150 26.7567 AMG  128.9210 27.8215 3.53 137.132  38.870  30.480
OT29 130.5910 28.3600 NOMT 131.0600 30.7369 3.48 267.360  76.872   9.670
OT17 128.4090 28.0396 OT27 130.2110 28.9197 3.67 201.591  54.870  60.639
OT11 128.6350 29.4318 OT27 130.2110 28.9197 3.68 163.481  44.376 109.932
OT07 128.4610 29.7510 OT28 130.2290 28.5500 3.72 217.460  58.379 127.312
OT06 128.3050 29.3225 OT30 130.3310 28.1010 3.72 239.806  64.377 123.882
OT02 127.8730 28.7925 KGM  128.2150 26.7567 3.63 228.114  62.859 171.404
OT01 127.7730 28.6329 OT33 129.4500 27.5472 3.62 204.049  56.383 125.736
OT01 127.7730 28.6329 OT24 130.8400 29.4501 3.59 312.143  86.875  72.396
AMG  128.9210 27.8215 NOMT 131.0600 30.7369 3.55 384.202 108.379  32.235
OT33 129.4500 27.5472 MNTN 130.8700 30.4624 3.59 351.478  97.877  22.844
OT16 127.9510 28.2012 OT34 129.4000 27.3185 3.65 173.145  47.372 124.060
OT04 128.2550 29.0525 OT24 130.8400 29.4501 3.70 255.146  68.884  79.427
OT04 128.2550 29.0525 OT17 128.4090 28.0396 3.92 113.273  28.874 172.287
OKED 128.6160 27.3855 OT27 130.2110 28.9197 3.54 231.212  65.370  42.291
KYK  130.4100 30.3781 TAS  130.9090 31.1946 3.54 102.368  28.878  27.710
KGM  128.2150 26.7567 OT13 128.6020 29.0207 3.66 253.763  69.372   8.538
OT21 130.5800 29.4695 OT29 130.5910 28.3600 3.58 122.976  34.380 179.488
OT20 130.1540 29.2781 MNTN 130.8700 30.4624 3.42 148.379  43.373  27.606
OT20 130.1540 29.2781 KYK  130.4100 30.3781 3.57 124.410  34.878  11.386
OT16 127.9510 28.2012 TKRS 129.2090 29.1442 3.68 161.354  43.870  49.331
OT16 127.9510 28.2012 OT24 130.8400 29.4501 3.62 314.099  86.864  63.166
OT13 128.6020 29.0207 OT33 129.4500 27.5472 3.64 183.277  50.379 152.797
OT11 128.6350 29.4318 TAS  130.9090 31.1946 3.65 293.316  80.383  47.659
OT11 128.6350 29.4318 OT30 130.3310 28.1010 3.61 221.783  61.368 131.276
OT07 128.4610 29.7510 AMG  128.9210 27.8215 3.71 218.517  58.820 168.030
OT06 128.3050 29.3225 OT29 130.5910 28.3600 3.64 247.299  67.883 115.002
OT03 128.1910 28.8611 KYK  130.4100 30.3781 3.64 272.847  74.876  51.415
OT01 127.7730 28.6329 OT30 130.3310 28.1010 3.77 257.563  68.374 102.623
OT01 127.7730 28.6329 OT27 130.2110 28.9197 3.59 240.155  66.877  81.812
OT01 127.7730 28.6329 OT19 129.6600 29.2404 3.70 195.892  52.872  69.444
OT30 130.3310 28.1010 KYK  130.4100 30.3781 3.51 252.511  71.879   1.722
OT26 130.4990 28.8494 TAS  130.9090 31.1946 3.54 262.968  74.369   8.555
OT25 130.5810 28.9975 NOMT 131.0600 30.7369 3.52 198.290  56.380  13.376
OT16 127.9510 28.2012 KGM  128.2150 26.7567 3.70 162.181  43.880 170.678
OT13 128.6020 29.0207 KYK  130.4100 30.3781 3.64 230.762  63.379  48.864
OT07 128.4610 29.7510 OT27 130.2110 28.9197 3.56 193.305  54.345 118.039
OT06 128.3050 29.3225 OT28 130.2290 28.5500 3.53 206.164  58.370 114.072
OT06 128.3050 29.3225 GMZK 129.6510 28.4973 3.73 160.013  42.887 124.536
OT02 127.8730 28.7925 OT11 128.6350 29.4318 3.75 102.597  27.374  46.135
OT02 127.8730 28.7925 OT07 128.4610 29.7510 3.97 120.666  30.372  28.161
OT01 127.7730 28.6329 OT11 128.6350 29.4318 3.83 122.008  31.873  43.262
KGM  128.2150 26.7567 OT19 129.6600 29.2404 3.67 309.753  84.378  26.973
AMG  128.9210 27.8215 OT28 130.2290 28.5500 3.54 151.657  42.877  57.530
OT34 129.4000 27.3185 OT26 130.4990 28.8494 3.57 201.094  56.376  32.216
OT34 129.4000 27.3185 OT20 130.1540 29.2781 3.46 229.415  66.382  18.628
OT33 129.4500 27.5472 OT25 130.5810 28.9975 3.59 195.321  54.377  34.361
OT28 130.2290 28.5500 OT24 130.8400 29.4501 3.48 116.202  33.372  30.701
OT24 130.8400 29.4501 NOMT 131.0600 30.7369 3.53 144.219  40.878   8.401
OT23 130.8810 29.5506 NOMT 131.0600 30.7369 3.61 132.637  36.742   7.427
OT17 128.4090 28.0396 OT28 130.2290 28.5500 3.64 187.217  51.377  71.987
OT16 127.9510 28.2012 OT12 128.6050 29.2506 3.75 132.709  35.380  28.633
OT13 128.6020 29.0207 OT30 130.3310 28.1010 3.64 197.517  54.323 120.654
OT13 128.6020 29.0207 OT28 130.2290 28.5500 3.69 167.186  45.332 107.791
OT07 128.4610 29.7510 KYK  130.4100 30.3781 3.65 200.335  54.871  69.213
OT05 128.0760 29.0927 OT30 130.3310 28.1010 3.61 246.414  68.334 115.949
OT04 128.2550 29.0525 OT33 129.4500 27.5472 3.62 203.906  56.374 144.614
OT04 128.2550 29.0525 GMZK 129.6510 28.4973 3.75 149.628  39.880 113.948
OT03 128.1910 28.8611 OT33 129.4500 27.5472 3.68 190.989  51.871 139.377
OT03 128.1910 28.8611 AMG  128.9210 27.8215 3.68 135.641  36.879 147.975
OT02 127.8730 28.7925 OT33 129.4500 27.5472 3.65 207.473  56.873 131.322
OT02 127.8730 28.7925 OT24 130.8400 29.4501 3.62 297.867  82.375  75.121
OT01 127.7730 28.6329 OT07 128.4610 29.7510 3.82 140.844  36.880  28.204
OKED 128.6160 27.3855 TKRS 129.2090 29.1442 3.64 203.416  55.837  16.487
OKED 128.6160 27.3855 KYK  130.4100 30.3781 3.65 375.013 102.856  27.392
KGM  128.2150 26.7567 OT26 130.4990 28.8494 3.50 323.125  92.374  43.614
OT34 129.4000 27.3185 GMZK 129.6510 28.4973 3.65 132.946  36.374  10.650
OT33 129.4500 27.5472 OT23 130.8810 29.5506 3.63 262.504  72.375  31.904
OT19 129.6600 29.2404 TAS  130.9090 31.1946 3.60 247.779  68.866  28.729
OT19 129.6600 29.2404 NOMT 131.0600 30.7369 3.58 213.951  59.763  38.816
OT17 128.4090 28.0396 OT33 129.4500 27.5472 3.71 116.181  31.333 117.770
OT16 127.9510 28.2012 OT19 129.6600 29.2404 3.73 202.820  54.375  54.993
OT13 128.6020 29.0207 TAS  130.9090 31.1946 3.65 327.902  89.885  42.132
OT13 128.6020 29.0207 OT25 130.5810 28.9975 3.75 192.869  51.377  90.286
OT12 128.6050 29.2506 OT31 129.6990 27.9990 3.62 175.139  48.354 142.112
OT06 128.3050 29.3225 OT33 129.4500 27.5472 3.57 226.475  63.367 150.039
OT06 128.3050 29.3225 OT27 130.2110 28.9197 3.75 190.787  50.877 103.070
OT06 128.3050 29.3225 AMG  128.9210 27.8215 3.73 176.941  47.374 159.934
OT03 128.1910 28.8611 OT28 130.2290 28.5500 3.75 202.054  53.881  99.337
OT02 127.8730 28.7925 OT20 130.1540 29.2781 3.53 228.681  64.874  75.838
OT01 127.7730 28.6329 OKED 128.6160 27.3855 3.67 161.174  43.881 148.862
OKED 128.6160 27.3855 OT20 130.1540 29.2781 3.64 258.373  70.884  35.368
GMZK 129.6510 28.4973 OT21 130.5800 29.4695 3.57 140.725  39.375  39.807
OT34 129.4000 27.3185 OT24 130.8400 29.4501 3.56 275.162  77.380  30.513
OT33 129.4500 27.5472 OT24 130.8400 29.4501 3.57 250.990  70.384  32.508
OT30 130.3310 28.1010 OT24 130.8400 29.4501 3.47 157.574  45.371  18.273
OT19 129.6600 29.2404 OT30 130.3310 28.1010 3.52 142.296  40.379 152.393
OT19 129.6600 29.2404 KYK  130.4100 30.3781 3.84 145.463  37.871  29.707
OT17 128.4090 28.0396 OT34 129.4000 27.3185 3.84 126.280  32.877 129.026
OT16 127.9510 28.2012 TAS  130.9090 31.1946 3.62 438.193 120.881  40.067
OT16 127.9510 28.2012 OT33 129.4500 27.5472 3.66 164.437  44.879 115.801
OT16 127.9510 28.2012 OT30 130.3310 28.1010 3.69 234.014  63.367  92.161
OT16 127.9510 28.2012 OT11 128.6350 29.4318 3.72 151.842  40.869  25.910
OT12 128.6050 29.2506 OT34 129.4000 27.3185 3.62 227.887  62.883 159.796
OT11 128.6350 29.4318 OT33 129.4500 27.5472 3.64 223.596  61.377 158.891
OT07 128.4610 29.7510 OT24 130.8400 29.4501 3.83 232.842  60.874  97.650
OT07 128.4610 29.7510 OT21 130.5800 29.4695 3.89 207.595  53.380  98.123
OT07 128.4610 29.7510 OT14 128.4990 28.6807 3.78 118.689  31.374 178.216
OT06 128.3050 29.3225 OT34 129.4000 27.3185 3.63 246.705  67.869 153.927
OT06 128.3050 29.3225 OT17 128.4090 28.0396 3.87 142.549  36.872 175.878
OT05 128.0760 29.0927 OT33 129.4500 27.5472 3.67 217.920  59.379 141.483
OT05 128.0760 29.0927 OT27 130.2110 28.9197 3.77 208.880  55.376  94.751
OT05 128.0760 29.0927 KGM  128.2150 26.7567 3.63 259.234  71.375 176.940
OT04 128.2550 29.0525 OT31 129.6990 27.9990 3.68 183.333  49.819 129.212
OT04 128.2550 29.0525 OT28 130.2290 28.5500 3.72 200.595  53.880 105.645
OT03 128.1910 28.8611 OT34 129.4000 27.3185 3.57 208.204  58.369 144.907
OT03 128.1910 28.8611 OT24 130.8400 29.4501 3.62 265.862  73.382  75.146
OT02 127.8730 28.7925 OT31 129.6990 27.9990 3.60 199.404  55.375 115.734
OT02 127.8730 28.7925 OT25 130.5810 28.9975 3.69 265.169  71.881  84.435
OT02 127.8730 28.7925 GMZK 129.6510 28.4973 3.86 176.966  45.870 100.229
OT01 127.7730 28.6329 MNTN 130.8700 30.4624 3.61 362.224 100.367  55.206
OT01 127.7730 28.6329 KYK  130.4100 30.3781 3.63 320.577  88.386  52.246
OKED 128.6160 27.3855 OT31 129.6990 27.9990 3.58 126.633  35.372  57.278
KYK  130.4100 30.3781 OT26 130.4990 28.8494 3.71 169.670  45.770 177.063
KYK  130.4100 30.3781 OT24 130.8400 29.4501 3.65 110.945  30.371 157.897
GMZK 129.6510 28.4973 OT24 130.8400 29.4501 3.53 156.767  44.372  47.366
AMG  128.9210 27.8215 OT27 130.2110 28.9197 3.55 175.488  49.378  45.785
AMG  128.9210 27.8215 OT24 130.8400 29.4501 3.50 260.348  74.385  45.656
OT34 129.4000 27.3185 OT30 130.3310 28.1010 3.57 126.256  35.376  46.409
OT33 129.4500 27.5472 OT28 130.2290 28.5500 3.52 134.943  38.380  34.379
OT33 129.4500 27.5472 OT21 130.5800 29.4695 3.54 240.053  67.869  27.176
OT31 129.6990 27.9990 OT25 130.5810 28.9975 3.57 140.395  39.370  37.773
OT31 129.6990 27.9990 OT23 130.8810 29.5506 3.55 207.128  58.379  33.596
OT31 129.6990 27.9990 OT21 130.5800 29.4695 3.49 184.322  52.829  27.638
OT30 130.3310 28.1010 MNTN 130.8700 30.4624 3.48 266.928  76.792  11.192
OT24 130.8400 29.4501 MNTN 130.8700 30.4624 3.58 112.248  31.372   1.475
OT21 130.5800 29.4695 MNTN 130.8700 30.4624 3.40 113.566  33.372  14.201
OT19 129.6600 29.2404 OT31 129.6990 27.9990 3.73 137.637  36.870 178.411
OT16 127.9510 28.2012 OT26 130.4990 28.8494 3.54 259.515  73.372  73.327
OT16 127.9510 28.2012 OT07 128.4610 29.7510 3.74 178.822  47.750  16.019
OT14 128.4990 28.6807 OKED 128.6160 27.3855 3.80 143.997  37.874 175.404
OT13 128.6020 29.0207 AMG  128.9210 27.8215 3.81 136.538  35.874 166.676
OT11 128.6350 29.4318 OT21 130.5800 29.4695 3.71 188.764  50.880  88.256
OT11 128.6350 29.4318 NOMT 131.0600 30.7369 3.60 274.941  76.373  57.651
OT11 128.6350 29.4318 GMZK 129.6510 28.4973 3.94 143.336  36.370 136.024
OT05 128.0760 29.0927 NOMT 131.0600 30.7369 3.60 340.942  94.811  56.952
OT04 128.2550 29.0525 OT21 130.5800 29.4695 3.67 230.696  62.877  77.879
OT04 128.2550 29.0525 AMG  128.9210 27.8215 3.75 151.250  40.323 154.265
OT03 128.1910 28.8611 TAS  130.9090 31.1946 3.63 368.285 101.372  44.717
OT02 127.8730 28.7925 OT34 129.4000 27.3185 3.59 221.909  61.882 137.039
OT02 127.8730 28.7925 OT30 130.3310 28.1010 3.59 252.703  70.371 107.068
OT01 127.7730 28.6329 TKRS 129.2090 29.1442 3.74 151.073  40.361  67.624
OKED 128.6160 27.3855 OT24 130.8400 29.4501 3.54 315.990  89.288  43.085
KGM  128.2150 26.7567 OT31 129.6990 27.9990 3.54 201.206  56.870  46.494
AMG  128.9210 27.8215 TKRS 129.2090 29.1442 3.79 149.277  39.377  10.808
OT34 129.4000 27.3185 OT19 129.6600 29.2404 3.71 214.509  57.882   6.755
OT33 129.4500 27.5472 NOMT 131.0600 30.7369 3.54 386.688 109.388  23.514
OT31 129.6990 27.9990 NOMT 131.0600 30.7369 3.55 331.005  93.372  23.206
OT27 130.2110 28.9197 MNTN 130.8700 30.4624 3.48 182.516  52.372  20.301
OT17 128.4090 28.0396 OT19 129.6600 29.2404 3.74 180.734  48.376  42.282
OT17 128.4090 28.0396 OT13 128.6020 29.0207 3.82 110.356  28.874   9.790
OT16 127.9510 28.2012 OT27 130.2110 28.9197 3.57 235.014  65.886  69.660
OT16 127.9510 28.2012 KYK  130.4100 30.3781 3.62 339.529  93.870  44.123
OT14 128.4990 28.6807 TAS  130.9090 31.1946 3.63 363.023  99.869  39.271
OT14 128.4990 28.6807 OT21 130.5800 29.4695 3.57 220.685  61.799  66.161
OT13 128.6020 29.0207 OKED 128.6160 27.3855 3.71 181.228  48.875 179.567
OT06 128.3050 29.3225 OT21 130.5800 29.4695 3.70 221.431  59.879  85.225
OT05 128.0760 29.0927 OT31 129.6990 27.9990 3.67 199.764  54.372 126.968
OT05 128.0760 29.0927 GMZK 129.6510 28.4973 3.69 167.349  45.327 112.845
OKED 128.6160 27.3855 OT26 130.4990 28.8494 3.50 246.082  70.369  48.319
OKED 128.6160 27.3855 OT25 130.5810 28.9975 3.56 262.978  73.870  46.752
OT20 130.1540 29.2781 OT30 130.3310 28.1010 3.62 131.596  36.373 172.422
OT17 128.4090 28.0396 TKRS 129.2090 29.1442 3.79 145.276  38.372  32.385
OT17 128.4090 28.0396 OT25 130.5810 28.9975 3.66 237.636  64.875  62.953
OT17 128.4090 28.0396 OT07 128.4610 29.7510 3.74 189.750  50.776   1.519
OT16 127.9510 28.2012 MNTN 130.8700 30.4624 3.66 378.385 103.327  47.820
OT14 128.4990 28.6807 OT31 129.6990 27.9990 3.74 139.803  37.370 122.426
OT14 128.4990 28.6807 NOMT 131.0600 30.7369 3.61 336.684  93.368  46.770
OT13 128.6020 29.0207 OT21 130.5800 29.4695 3.66 198.634  54.316  75.018
OT12 128.6050 29.2506 KYK  130.4100 30.3781 3.71 214.582  57.870  53.935
OT11 128.6350 29.4318 OT25 130.5810 28.9975 3.73 195.285  52.369 103.796
OT07 128.4610 29.7510 TAS  130.9090 31.1946 3.65 284.364  77.865  55.140
OT05 128.0760 29.0927 TAS  130.9090 31.1946 3.65 358.859  98.371  48.814
OT05 128.0760 29.0927 KYK  130.4100 30.3781 3.69 266.957  72.366  57.172
OT03 128.1910 28.8611 OT27 130.2110 28.9197 3.59 197.120  54.878  87.627
OT02 127.8730 28.7925 TAS  130.9090 31.1946 3.65 395.898 108.376  46.991
OT02 127.8730 28.7925 OT21 130.5800 29.4695 3.59 273.961  76.376  73.451
OT02 127.8730 28.7925 OT17 128.4090 28.0396 3.67  98.630  26.875 147.652
OT01 127.7730 28.6329 TAS  130.9090 31.1946 3.63 415.117 114.389  46.074
OT01 127.7730 28.6329 OT25 130.5810 28.9975 3.70 277.060  74.881  80.942
OKED 128.6160 27.3855 OT21 130.5800 29.4695 3.54 300.631  84.828  39.343
OKED 128.6160 27.3855 OT19 129.6600 29.2404 3.72 229.670  61.789  26.238
KGM  128.2150 26.7567 OT11 128.6350 29.4318 3.66 299.312  81.869   7.821
OT34 129.4000 27.3185 OT25 130.5810 28.9975 3.63 219.251  60.383  31.660
OT34 129.4000 27.3185 OT23 130.8810 29.5506 3.68 286.760  77.882  30.039
OT33 129.4500 27.5472 OT26 130.4990 28.8494 3.52 177.287  50.380  35.266
OT33 129.4500 27.5472 OT19 129.6600 29.2404 3.67 188.775  51.381   6.206
OT27 130.2110 28.9197 NOMT 131.0600 30.7369 3.46 217.517  62.830  21.960
OT25 130.5810 28.9975 MNTN 130.8700 30.4624 3.55 164.766  46.374   9.699
OT23 130.8810 29.5506 TAS  130.9090 31.1946 3.55 182.272  51.330   0.842
OT19 129.6600 29.2404 OT29 130.5910 28.3600 3.62 133.375  36.874 136.796
OT19 129.6600 29.2404 OT28 130.2290 28.5500 3.65  94.510  25.872 143.925
OT19 129.6600 29.2404 OT23 130.8810 29.5506 3.64 123.421  33.879  73.527
OT17 128.4090 28.0396 OT20 130.1540 29.2781 3.72 218.956  58.875  50.766
OT17 128.4090 28.0396 OT12 128.6050 29.2506 3.83 135.578  35.371   8.083
OT16 127.9510 28.2012 OT21 130.5800 29.4695 3.64 292.543  80.347  60.657
OT16 127.9510 28.2012 NOMT 131.0600 30.7369 3.62 412.195 113.866  46.262
OT14 128.4990 28.6807 GMZK 129.6510 28.4973 3.90 114.541  29.377  99.948
OT13 128.6020 29.0207 OT20 130.1540 29.2781 3.71 153.726  41.380  78.929
OT13 128.6020 29.0207 GMZK 129.6510 28.4973 3.69 117.778  31.875 119.256
OT07 128.4610 29.7510 OT34 129.4000 27.3185 3.66 284.826  77.885 160.947
OT05 128.0760 29.0927 OKED 128.6160 27.3855 3.72 196.472  52.872 164.237
OT03 128.1910 28.8611 OT19 129.6600 29.2404 3.88 149.098  38.378  73.269
OT02 127.8730 28.7925 TKRS 129.2090 29.1442 3.64 135.955  37.371  73.016
OKED 128.6160 27.3855 OT11 128.6350 29.4318 3.70 226.797  61.280   0.470
TKRS 129.2090 29.1442 NOMT 131.0600 30.7369 3.60 251.221  69.842  44.895
OT34 129.4000 27.3185 TAS  130.9090 31.1946 3.56 453.951 127.371  18.484
OT14 128.4990 28.6807 OT33 129.4500 27.5472 3.66 156.559  42.776 143.131
OT14 128.4990 28.6807 OT27 130.2110 28.9197 3.69 169.210  45.869  80.584
OT14 128.4990 28.6807 MNTN 130.8700 30.4624 3.61 302.957  83.875  48.743
OT14 128.4990 28.6807 AMG  128.9210 27.8215 3.82 103.843  27.163 156.388
OT12 128.6050 29.2506 GMZK 129.6510 28.4973 3.89 131.851  33.877 129.037
OT06 128.3050 29.3225 OT20 130.1540 29.2781 3.75 179.737  47.879  91.119
OT05 128.0760 29.0927 OT34 129.4000 27.3185 3.61 235.714  65.367 146.212
OT03 128.1910 28.8611 OT21 130.5800 29.4695 3.59 241.991  67.369  73.243
OT03 128.1910 28.8611 OKED 128.6160 27.3855 3.72 168.768  45.380 165.591
OT01 127.7730 28.6329 NOMT 131.0600 30.7369 3.59 394.441 109.842  52.955
OKED 128.6160 27.3855 OT28 130.2290 28.5500 3.54 204.546  57.814  50.509
KGM  128.2150 26.7567 OT23 130.8810 29.5506 3.59 405.470 112.881  39.603
TKRS 129.2090 29.1442 KYK  130.4100 30.3781 3.67 179.439  48.880  40.045
OT31 129.6990 27.9990 OT26 130.4990 28.8494 3.57 122.591  34.378  39.566
OT26 130.4990 28.8494 NOMT 131.0600 30.7369 3.44 216.152  62.871  14.400
OT17 128.4090 28.0396 OT21 130.5800 29.4695 3.58 264.700  73.877  52.709
OT16 127.9510 28.2012 OT31 129.6990 27.9990 3.70 173.193  46.834  97.024
OT14 128.4990 28.6807 OT24 130.8400 29.4501 3.72 243.392  65.375  68.927
OT13 128.6020 29.0207 OT29 130.5910 28.3600 3.65 207.759  56.874 110.160
OT12 128.6050 29.2506 TAS  130.9090 31.1946 3.66 309.234  84.375  45.253
OT12 128.6050 29.2506 OT24 130.8400 29.4501 3.64 218.139  59.879  83.638
OT12 128.6050 29.2506 OT21 130.5800 29.4695 3.62 193.280  53.348  82.308
OT11 128.6350 29.4318 OT28 130.2290 28.5500 3.61 183.501  50.874 121.795
OT11 128.6350 29.4318 KYK  130.4100 30.3781 3.66 200.969  54.880  58.099
OT07 128.4610 29.7510 OT29 130.5910 28.3600 3.62 258.452  71.376 126.101
OT02 127.8730 28.7925 OT29 130.5910 28.3600 3.71 270.269  72.868  99.566
OT02 127.8730 28.7925 OKED 128.6160 27.3855 3.67 172.186  46.879 154.727
OT02 127.8730 28.7925 AMG  128.9210 27.8215 3.79 148.859  39.235 136.047
OT01 127.7730 28.6329 OT12 128.6050 29.2506 3.81 106.159  27.878  49.642
GMZK 129.6510 28.4973 NOMT 131.0600 30.7369 3.52 283.274  80.384  28.450
OT31 129.6990 27.9990 OT24 130.8400 29.4501 3.51 195.700  55.771  34.464
OT30 130.3310 28.1010 TAS  130.9090 31.1946 3.48 347.456  99.872   9.133
OT28 130.2290 28.5500 OT25 130.5810 28.9975 4.06  60.377  14.875  34.685
OT20 130.1540 29.2781 OT29 130.5910 28.3600 3.63 110.334  30.378 157.152
OT16 127.9510 28.2012 OT05 128.0760 29.0927 3.64  99.558  27.374   7.021
OT12 128.6050 29.2506 OT33 129.4500 27.5472 3.66 206.131  56.366 156.122
OT06 128.3050 29.3225 OT31 129.6990 27.9990 3.65 200.191  54.877 136.779
OT05 128.0760 29.0927 OT24 130.8400 29.4501 3.70 271.513  73.382  80.940
OT04 128.2550 29.0525 OT27 130.2110 28.9197 3.80 191.211  50.345  93.943
OT03 128.1910 28.8611 OT31 129.6990 27.9990 3.64 175.905  48.379 122.539
OT03 128.1910 28.8611 OT25 130.5810 28.9975 3.71 233.534  62.873  85.714
OT03 128.1910 28.8611 OT20 130.1540 29.2781 3.65 196.671  53.882  75.935
OT02 127.8730 28.7925 MNTN 130.8700 30.4624 3.61 344.275  95.367  56.749
OT01 127.7730 28.6329 OT31 129.6990 27.9990 3.67 201.491  54.872 109.949
AMG  128.9210 27.8215 TAS  130.9090 31.1946 3.63 420.630 115.876  26.792
AMG  128.9210 27.8215 OT25 130.5810 28.9975 3.54 208.434  58.880  50.907
TKRS 129.2090 29.1442 TAS  130.9090 31.1946 3.67 280.149  76.376  35.354
TKRS 129.2090 29.1442 OT34 129.4000 27.3185 3.58 203.205  56.841 174.644
TKRS 129.2090 29.1442 OT24 130.8400 29.4501 3.61 162.080  44.873  77.530
OT34 129.4000 27.3185 OT29 130.5910 28.3600 3.55 164.568  46.370  45.192
OT34 129.4000 27.3185 MNTN 130.8700 30.4624 3.58 376.775 105.333  22.015
OT33 129.4500 27.5472 TAS  130.9090 31.1946 3.59 428.375 119.391  18.959
OT33 129.4500 27.5472 OT27 130.2110 28.9197 3.50 169.449  48.373  25.972
OT31 129.6990 27.9990 TAS  130.9090 31.1946 3.56 373.117 104.867  18.023
OT30 130.3310 28.1010 OT21 130.5800 29.4695 3.50 153.614  43.877   9.055
OT29 130.5910 28.3600 OT24 130.8400 29.4501 3.75 123.233  32.871  11.296
OT28 130.2290 28.5500 OT21 130.5800 29.4695 3.60 107.514  29.873  18.490
OT17 128.4090 28.0396 TAS  130.9090 31.1946 3.61 425.328 117.885  34.090
OT17 128.4090 28.0396 OT11 128.6350 29.4318 3.86 155.866  40.380   8.075
OT16 127.9510 28.2012 OT25 130.5810 28.9975 3.71 271.965  73.365  70.442
OT13 128.6020 29.0207 NOMT 131.0600 30.7369 3.59 304.269  84.873  50.698
OT12 128.6050 29.2506 OKED 128.6160 27.3855 3.74 206.707  55.284 179.716
OT12 128.6050 29.2506 NOMT 131.0600 30.7369 3.59 288.524  80.324  54.572
OT12 128.6050 29.2506 AMG  128.9210 27.8215 3.72 161.375  43.380 168.881
OT07 128.4610 29.7510 NOMT 131.0600 30.7369 3.72 272.968  73.378  65.750
OT05 128.0760 29.0927 OT29 130.5910 28.3600 3.68 258.785  70.379 107.683
OT05 128.0760 29.0927 OT28 130.2290 28.5500 3.65 218.534  59.872 105.458
OT04 128.2550 29.0525 NOMT 131.0600 30.7369 3.58 329.059  91.890  54.741
OKED 128.6160 27.3855 GMZK 129.6510 28.4973 3.56 159.905  44.879  39.360
KGM  128.2150 26.7567 OT12 128.6050 29.2506 3.65 279.024  76.382   7.813
GMZK 129.6510 28.4973 OT25 130.5810 28.9975 3.62 106.408  29.378  58.378
OT33 129.4500 27.5472 OT30 130.3310 28.1010 3.62 106.293  29.379  54.530
OT30 130.3310 28.1010 OT23 130.8810 29.5506 3.54 169.400  47.880  18.351
OT21 130.5800 29.4695 NOMT 131.0600 30.7369 3.42 147.921  43.226  18.107
OT17 128.4090 28.0396 OT30 130.3310 28.1010 3.68 189.020  51.364  87.487
OT17 128.4090 28.0396 OT29 130.5910 28.3600 3.57 217.158  60.880  80.078
OT17 128.4090 28.0396 KYK  130.4100 30.3781 3.65 324.068  88.883  36.409
OT12 128.6050 29.2506 OT30 130.3310 28.1010 3.65 211.373  57.879 126.653
OT12 128.6050 29.2506 OT28 130.2290 28.5500 3.61 176.339  48.807 115.734
OT11 128.6350 29.4318 OT31 129.6990 27.9990 3.62 189.793  52.371 146.536
OT11 128.6350 29.4318 OT26 130.4990 28.8494 3.68 192.530  52.318 109.136
OT11 128.6350 29.4318 AMG  128.9210 27.8215 3.66 180.655  49.373 171.015
OT07 128.4610 29.7510 OT31 129.6990 27.9990 3.64 228.646  62.867 147.831
OT07 128.4610 29.7510 OT25 130.5810 28.9975 3.56 222.117  62.375 111.567
OT03 128.1910 28.8611 MNTN 130.8700 30.4624 3.58 314.269  87.883  54.961
OT03 128.1910 28.8611 GMZK 129.6510 28.4973 3.82 148.307  38.814 105.427
OT01 127.7730 28.6329 OT28 130.2290 28.5500 3.68 240.368  65.371  91.606
GMZK 129.6510 28.4973 OT26 130.4990 28.8494 3.54  91.576  25.876  64.575
TKRS 129.2090 29.1442 OT33 129.4500 27.5472 3.73 178.564  47.872 172.332
TKRS 129.2090 29.1442 OT28 130.2290 28.5500 3.80 119.334  31.379 123.251
OT34 129.4000 27.3185 OT21 130.5800 29.4695 3.54 264.938  74.884  25.596
OT33 129.4500 27.5472 OT29 130.5910 28.3600 3.64 143.965  39.529  51.005
OT17 128.4090 28.0396 GMZK 129.6510 28.4973 3.79 132.007  34.876  67.112
OT06 128.3050 29.3225 KYK  130.4100 30.3781 3.67 234.640  63.882  59.569
TKRS 129.2090 29.1442 MNTN 130.8700 30.4624 3.69 217.128  58.874  47.299
OT33 129.4500 27.5472 GMZK 129.6510 28.4973 3.71 107.134  28.877  10.603
OT30 130.3310 28.1010 OT26 130.4990 28.8494 4.05  84.559  20.874  11.179
OT16 127.9510 28.2012 OT28 130.2290 28.5500 3.60 226.556  62.880  79.639
OT05 128.0760 29.0927 OT23 130.8810 29.5506 3.68 277.145  75.373  78.767
OT05 128.0760 29.0927 OT21 130.5800 29.4695 3.62 246.878  68.293  79.653
OT03 128.1910 28.8611 OT29 130.5910 28.3600 3.78 241.221  63.883 102.737
OT03 128.1910 28.8611 NOMT 131.0600 30.7369 3.60 346.637  96.315  52.440
OKED 128.6160 27.3855 OT30 130.3310 28.1010 3.71 186.778  50.372  64.484
TKRS 129.2090 29.1442 OT30 130.3310 28.1010 3.47 159.400  45.871 136.228
OT33 129.4500 27.5472 OT20 130.1540 29.2781 3.52 203.864  57.883  19.621
OT31 129.6990 27.9990 OT27 130.2110 28.9197 3.51 113.703  32.376  26.059
OT30 130.3310 28.1010 OT25 130.5810 28.9975 3.48 102.333  29.372  13.790
OT26 130.4990 28.8494 MNTN 130.8700 30.4624 3.45 182.369  52.876  11.277
OT16 127.9510 28.2012 OT23 130.8810 29.5506 3.55 322.582  90.868  61.682
OT14 128.4990 28.6807 OT28 130.2290 28.5500 3.75 169.769  45.272  94.482
OT12 128.6050 29.2506 OT29 130.5910 28.3600 3.57 217.552  60.871 116.503
OT12 128.6050 29.2506 OT25 130.5810 28.9975 3.82 194.333  50.873  97.821
OT07 128.4610 29.7510 OT26 130.4990 28.8494 3.42 221.762  64.881 116.285
OT06 128.3050 29.3225 OT24 130.8400 29.4501 3.71 246.495  66.369  86.092
OT06 128.3050 29.3225 NOMT 131.0600 30.7369 3.60 308.541  85.825  58.779
OT03 128.1910 28.8611 OT30 130.3310 28.1010 3.54 225.828  63.874 111.392
OT02 127.8730 28.7925 KYK  130.4100 30.3781 3.62 302.178  83.382  53.819
OT34 129.4000 27.3185 NOMT 131.0600 30.7369 3.53 411.922 116.824  22.712
OT31 129.6990 27.9990 MNTN 130.8700 30.4624 3.55 295.834  83.287  22.360
OT07 128.4610 29.7510 GMZK 129.6510 28.4973 3.82 180.898  47.380 139.898
OT05 128.0760 29.0927 OT20 130.1540 29.2781 3.81 203.175  53.369  83.692
KGM  128.2150 26.7567 KYK  130.4100 30.3781 3.62 455.152 125.872  27.631
AMG  128.9210 27.8215 MNTN 130.8700 30.4624 3.58 348.761  97.311  32.472
OT17 128.4090 28.0396 NOMT 131.0600 30.7369 3.59 394.437 109.871  40.079
OT17 128.4090 28.0396 MNTN 130.8700 30.4624 3.58 359.609 100.337  41.103
OT16 127.9510 28.2012 GMZK 129.6510 28.4973 3.62 169.893  46.880  78.463
OT12 128.6050 29.2506 OT19 129.6600 29.2404 3.82 102.523  26.874  90.376
OT12 128.6050 29.2506 MNTN 130.8700 30.4624 3.60 256.771  71.385  57.902
OT11 128.6350 29.4318 MNTN 130.8700 30.4624 3.71 244.163  65.848  61.552
OT01 127.7730 28.6329 OT29 130.5910 28.3600 3.78 277.569  73.373  95.585
TKRS 129.2090 29.1442 OT31 129.6990 27.9990 3.73 135.673  36.373 159.194
OT04 128.2550 29.0525 OT29 130.5910 28.3600 3.74 240.876  64.371 108.019
OT02 127.8730 28.7925 OT26 130.4990 28.8494 3.62 256.426  70.875  87.961
OT19 129.6600 29.2404 MNTN 130.8700 30.4624 3.59 178.952  49.875  40.509
