KGM  128.2150 26.7567 OT04 128.2550 29.0525 3.56 254.446  71.494   0.864
KGM  128.2150 26.7567 GMZK 129.6510 28.4973 3.42 239.356  70.008  35.983
GMZK 129.6510 28.4973 TAS  130.9090 31.1946 3.51 322.754  92.005  21.815
GMZK 129.6510 28.4973 KYK  130.4100 30.3781 3.51 221.081  62.986  19.258
OT07 128.4610 29.7510 OT30 130.3310 28.1010 3.42 258.218  75.502 134.635
AMG  128.9210 27.8215 KYK  130.4100 30.3781 3.56 318.263  89.475  26.728
OT04 128.2550 29.0525 OT26 130.4990 28.8494 3.52 219.937  62.500  95.333
OT04 128.2550 29.0525 KYK  130.4100 30.3781 3.52 255.097  72.491  54.303
OT14 128.4990 28.6807 KYK  130.4100 30.3781 3.57 264.016  73.996  44.087
OT02 127.8730 28.7925 OT28 130.2290 28.5500 3.51 231.858  66.000  96.093
KGM  128.2150 26.7567 OT29 130.5910 28.3600 3.27 294.320  90.006  52.328
OT34 129.4000 27.3185 OT27 130.2110 28.9197 3.22 194.496  60.459  23.981
OT02 127.8730 28.7925 OT27 130.2110 28.9197 3.54 228.598  64.503  85.903
KGM  128.2150 26.7567 OT24 130.8400 29.4501 3.34 394.467 117.998  40.225
OT28 130.2290 28.5500 NOMT 131.0600 30.7369 3.21 255.433  79.475  18.170
OT17 128.4090 28.0396 OT24 130.8400 29.4501 3.45 284.272  82.493  56.063
OT04 128.2550 29.0525 OT30 130.3310 28.1010 3.39 228.867  67.492 116.939
KGM  128.2150 26.7567 OT33 129.4500 27.5472 3.28 150.507  45.942  54.132
KGM  128.2150 26.7567 OT14 128.4990 28.6807 3.58 215.037  59.999   7.413
OT28 130.2290 28.5500 TAS  130.9090 31.1946 3.28 300.437  91.513  12.474
OT11 128.6350 29.4318 OT34 129.4000 27.3185 3.44 245.935  71.493 162.052
OT04 128.2550 29.0525 OT34 129.4000 27.3185 3.45 222.676  64.506 149.381
KGM  128.2150 26.7567 OT20 130.1540 29.2781 3.42 338.279  98.999  33.865
OT27 130.2110 28.9197 TAS  130.9090 31.1946 3.33 261.015  78.501  14.778
OT20 130.1540 29.2781 TAS  130.9090 31.1946 3.38 224.538  66.490  18.694
OT01 127.7730 28.6329 OT34 129.4000 27.3185 3.49 216.441  62.000 131.914
KYK  130.4100 30.3781 OT25 130.5810 28.9975 3.35 153.933  46.005 173.771
KGM  128.2150 26.7567 OT28 130.2290 28.5500 3.27 280.989  86.008  44.532
KGM  128.2150 26.7567 OT06 128.3050 29.3225 3.51 284.480  81.002   1.758
OT34 129.4000 27.3185 OT28 130.2290 28.5500 3.21 158.962  49.505  30.657
OT34 129.4000 27.3185 KYK  130.4100 30.3781 3.39 353.116 104.011  15.957
OT29 130.5910 28.3600 TAS  130.9090 31.1946 3.29 315.713  95.991   5.510
OT28 130.2290 28.5500 KYK  130.4100 30.3781 3.33 203.394  61.006   4.913
OT25 130.5810 28.9975 TAS  130.9090 31.1946 3.25 245.602  75.500   7.315
OT21 130.5800 29.4695 TAS  130.9090 31.1946 3.29 193.842  59.008   9.314
OT14 128.4990 28.6807 OT20 130.1540 29.2781 3.56 174.381  49.007  67.287
OT13 128.6020 29.0207 OT24 130.8400 29.4501 3.48 222.742  64.006  77.120
OT03 128.1910 28.8611 KGM  128.2150 26.7567 3.56 233.215  65.491 179.411
OT01 127.7730 28.6329 KGM  128.2150 26.7567 3.48 212.434  60.992 168.052
AMG  128.9210 27.8215 OT21 130.5800 29.4695 3.37 244.263  72.460  41.213
OT28 130.2290 28.5500 MNTN 130.8700 30.4624 3.22 220.913  68.500  16.199
OT27 130.2110 28.9197 KYK  130.4100 30.3781 3.43 162.802  47.506   6.745
OT24 130.8400 29.4501 TAS  130.9090 31.1946 3.28 193.506  58.996   1.951
OT20 130.1540 29.2781 NOMT 131.0600 30.7369 3.25 183.816  56.507  28.162
OT16 127.9510 28.2012 OT20 130.1540 29.2781 3.52 246.087  69.991  60.464
OT14 128.4990 28.6807 OT34 129.4000 27.3185 3.47 175.069  50.496 149.361
OT13 128.6020 29.0207 OT34 129.4000 27.3185 3.43 204.294  59.492 157.236
OT10 128.8440 29.6621 NOMT 131.0600 30.7369 3.42 244.431  71.492  60.276
OT06 128.3050 29.3225 TAS  130.9090 31.1946 3.50 325.370  92.989  49.725
KYK  130.4100 30.3781 OT29 130.5910 28.3600 3.45 224.384  65.001 175.451
KYK  130.4100 30.3781 OT23 130.8810 29.5506 3.36 102.390  30.488 153.505
KGM  128.2150 26.7567 OT34 129.4000 27.3185 3.29 133.056  40.504  61.839
KGM  128.2150 26.7567 OT30 130.3310 28.1010 3.34 256.800  77.001  54.065
KGM  128.2150 26.7567 OT21 130.5800 29.4695 3.38 379.947 112.510  37.154
KGM  128.2150 26.7567 OT07 128.4610 29.7510 3.54 332.717  93.988   4.103
GMZK 129.6510 28.4973 MNTN 130.8700 30.4624 3.35 247.821  73.954  28.193
OT33 129.4500 27.5472 KYK  130.4100 30.3781 3.41 327.410  95.987  16.374
OT31 129.6990 27.9990 KYK  130.4100 30.3781 3.41 272.614  79.992  14.525
OT30 130.3310 28.1010 NOMT 131.0600 30.7369 3.29 300.620  91.513  13.438
OT11 128.6350 29.4318 OT29 130.5910 28.3600 3.41 224.778  65.995 121.429
OT07 128.4610 29.7510 OT33 129.4500 27.5472 3.48 262.679  75.504 158.169
OT02 127.8730 28.7925 OT19 129.6600 29.2404 3.59 181.072  50.494  73.658
KGM  128.2150 26.7567 TKRS 129.2090 29.1442 3.53 282.067  79.996  20.052
KGM  128.2150 26.7567 OT27 130.2110 28.9197 3.32 309.992  93.512  38.899
KGM  128.2150 26.7567 OT25 130.5810 28.9975 3.29 340.488 103.492  42.631
KGM  128.2150 26.7567 AMG  128.9210 27.8215 3.35 137.132  40.996  30.480
OT29 130.5910 28.3600 NOMT 131.0600 30.7369 3.30 267.360  80.994   9.670
OT17 128.4090 28.0396 OT27 130.2110 28.9197 3.51 201.591  57.499  60.639
OT11 128.6350 29.4318 OT27 130.2110 28.9197 3.48 163.481  47.004 109.932
OT07 128.4610 29.7510 OT28 130.2290 28.5500 3.48 217.460  62.506 127.312
OT06 128.3050 29.3225 OT30 130.3310 28.1010 3.45 239.806  69.509 123.882
OT02 127.8730 28.7925 KGM  128.2150 26.7567 3.48 228.114  65.494 171.404
OT01 127.7730 28.6329 OT33 129.4500 27.5472 3.49 204.049  58.500 125.736
OT01 127.7730 28.6329 OT24 130.8400 29.4501 3.47 312.143  89.981  72.396
AMG  128.9210 27.8215 NOMT 131.0600 30.7369 3.43 384.202 112.012  32.235
OT16 127.9510 28.2012 OT34 129.4000 27.3185 3.46 173.145  49.999 124.060
OT04 128.2550 29.0525 OT24 130.8400 29.4501 3.49 255.146  73.003  79.427
OT04 128.2550 29.0525 OT17 128.4090 28.0396 3.65 113.273  31.000 172.287
OKED 128.6160 27.3855 OT27 130.2110 28.9197 3.33 231.212  69.496  42.291
KYK  130.4100 30.3781 TAS  130.9090 31.1946 3.47 102.368  29.501  27.710
KGM  128.2150 26.7567 OT13 128.6020 29.0207 3.55 253.763  71.503   8.538
OT21 130.5800 29.4695 OT29 130.5910 28.3600 3.37 122.976  36.502 179.488
OT20 130.1540 29.2781 MNTN 130.8700 30.4624 3.23 148.379  45.995  27.606
OT20 130.1540 29.2781 KYK  130.4100 30.3781 3.41 124.410  36.505  11.386
OT16 127.9510 28.2012 TKRS 129.2090 29.1442 3.55 161.354  45.503  49.331
OT16 127.9510 28.2012 OT24 130.8400 29.4501 3.45 314.099  90.990  63.166
OT13 128.6020 29.0207 OT33 129.4500 27.5472 3.46 183.277  53.001 152.797
OT11 128.6350 29.4318 TAS  130.9090 31.1946 3.51 293.316  83.494  47.659
OT11 128.6350 29.4318 OT30 130.3310 28.1010 3.39 221.783  65.500 131.276
OT07 128.4610 29.7510 AMG  128.9210 27.8215 3.56 218.517  61.450 168.030
OT06 128.3050 29.3225 OT29 130.5910 28.3600 3.43 247.299  71.994 115.002
OT03 128.1910 28.8611 KYK  130.4100 30.3781 3.52 272.847  77.491  51.415
OT01 127.7730 28.6329 OT30 130.3310 28.1010 3.48 257.563  73.991 102.623
OT01 127.7730 28.6329 OT27 130.2110 28.9197 3.51 240.155  68.498  81.812
OT01 127.7730 28.6329 OT19 129.6600 29.2404 3.59 195.892  54.505  69.444
OT30 130.3310 28.1010 KYK  130.4100 30.3781 3.32 252.511  75.989   1.722
OT26 130.4990 28.8494 TAS  130.9090 31.1946 3.29 262.968  80.002   8.555
OT25 130.5810 28.9975 NOMT 131.0600 30.7369 3.20 198.290  62.004  13.376
OT16 127.9510 28.2012 KGM  128.2150 26.7567 3.53 162.181  45.996 170.678
OT13 128.6020 29.0207 KYK  130.4100 30.3781 3.55 230.762  65.003  48.864
OT07 128.4610 29.7510 OT27 130.2110 28.9197 3.48 193.305  55.484 118.039
OT06 128.3050 29.3225 OT28 130.2290 28.5500 3.41 206.164  60.494 114.072
OT06 128.3050 29.3225 GMZK 129.6510 28.4973 3.68 160.013  43.494 124.536
OT02 127.8730 28.7925 OT11 128.6350 29.4318 3.60 102.597  28.499  46.135
OT02 127.8730 28.7925 OT07 128.4610 29.7510 3.71 120.666  32.498  28.161
OT01 127.7730 28.6329 OT11 128.6350 29.4318 3.59 122.008  34.004  43.262
KGM  128.2150 26.7567 OT19 129.6600 29.2404 3.56 309.753  87.009  26.973
AMG  128.9210 27.8215 OT28 130.2290 28.5500 3.26 151.657  46.506  57.530
OT34 129.4000 27.3185 OT26 130.4990 28.8494 3.30 201.094  60.993  32.216
OT34 129.4000 27.3185 OT20 130.1540 29.2781 3.25 229.415  70.502  18.628
OT33 129.4500 27.5472 OT25 130.5810 28.9975 3.26 195.321  60.006  34.361
OT28 130.2290 28.5500 OT24 130.8400 29.4501 3.23 116.202  35.998  30.701
OT24 130.8400 29.4501 NOMT 131.0600 30.7369 3.20 144.219  44.998   8.401
OT23 130.8810 29.5506 NOMT 131.0600 30.7369 3.16 132.637  41.907   7.427
OT17 128.4090 28.0396 OT28 130.2290 28.5500 3.37 187.217  55.505  71.987
OT16 127.9510 28.2012 OT12 128.6050 29.2506 3.54 132.709  37.499  28.633
OT13 128.6020 29.0207 OT30 130.3310 28.1010 3.38 197.517  58.454 120.654
OT13 128.6020 29.0207 OT28 130.2290 28.5500 3.48 167.186  47.973 107.791
OT07 128.4610 29.7510 KYK  130.4100 30.3781 3.58 200.335  56.006  69.213
OT05 128.0760 29.0927 OT30 130.3310 28.1010 3.45 246.414  71.466 115.949
OT04 128.2550 29.0525 OT33 129.4500 27.5472 3.49 203.906  58.493 144.614
OT04 128.2550 29.0525 GMZK 129.6510 28.4973 3.61 149.628  41.506 113.948
OT03 128.1910 28.8611 OT33 129.4500 27.5472 3.47 190.989  54.993 139.377
OT03 128.1910 28.8611 AMG  128.9210 27.8215 3.57 135.641  38.005 147.975
OT02 127.8730 28.7925 OT33 129.4500 27.5472 3.52 207.473  59.008 131.322
OT02 127.8730 28.7925 OT24 130.8400 29.4501 3.46 297.867  85.989  75.121
OT01 127.7730 28.6329 OT07 128.4610 29.7510 3.66 140.844  38.503  28.204
OKED 128.6160 27.3855 TKRS 129.2090 29.1442 3.54 203.416  57.446  16.487
OKED 128.6160 27.3855 KYK  130.4100 30.3781 3.54 375.013 106.026  27.392
KGM  128.2150 26.7567 OT26 130.4990 28.8494 3.25 323.125  99.515  43.614
OT34 129.4000 27.3185 GMZK 129.6510 28.4973 3.37 132.946  39.497  10.650
OT33 129.4500 27.5472 OT23 130.8810 29.5506 3.32 262.504  78.996  31.904
OT19 129.6600 29.2404 TAS  130.9090 31.1946 3.54 247.779  69.994  28.729
OT19 129.6600 29.2404 NOMT 131.0600 30.7369 3.48 213.951  61.410  38.816
OT17 128.4090 28.0396 OT33 129.4500 27.5472 3.52 116.181  32.969 117.770
OT16 127.9510 28.2012 OT19 129.6600 29.2404 3.56 202.820  57.004  54.993
OT13 128.6020 29.0207 TAS  130.9090 31.1946 3.53 327.902  92.995  42.132
OT13 128.6020 29.0207 OT25 130.5810 28.9975 3.51 192.869  54.995  90.286
OT12 128.6050 29.2506 OT31 129.6990 27.9990 3.50 175.139  49.983 142.112
OT06 128.3050 29.3225 OT33 129.4500 27.5472 3.48 226.475  65.004 150.039
OT06 128.3050 29.3225 OT27 130.2110 28.9197 3.60 190.787  52.996 103.070
OT06 128.3050 29.3225 AMG  128.9210 27.8215 3.58 176.941  49.494 159.934
OT03 128.1910 28.8611 OT28 130.2290 28.5500 3.55 202.054  56.997  99.337
OT02 127.8730 28.7925 OT20 130.1540 29.2781 3.46 228.681  65.997  75.838
OT01 127.7730 28.6329 OKED 128.6160 27.3855 3.58 161.174  44.996 148.862
OKED 128.6160 27.3855 OT20 130.1540 29.2781 3.47 258.373  74.502  35.368
GMZK 129.6510 28.4973 OT21 130.5800 29.4695 3.31 140.725  42.502  39.807
OT34 129.4000 27.3185 OT24 130.8400 29.4501 3.26 275.162  84.509  30.513
OT33 129.4500 27.5472 OT24 130.8400 29.4501 3.30 250.990  76.012  32.508
OT30 130.3310 28.1010 OT24 130.8400 29.4501 3.22 157.574  48.997  18.273
OT19 129.6600 29.2404 OT30 130.3310 28.1010 3.35 142.296  42.502 152.393
OT19 129.6600 29.2404 KYK  130.4100 30.3781 3.64 145.463  39.995  29.707
OT17 128.4090 28.0396 OT34 129.4000 27.3185 3.46 126.280  36.497 129.026
OT16 127.9510 28.2012 TAS  130.9090 31.1946 3.53 438.193 123.993  40.067
OT16 127.9510 28.2012 OT33 129.4500 27.5472 3.39 164.437  48.506 115.801
OT16 127.9510 28.2012 OT30 130.3310 28.1010 3.49 234.014  66.995  92.161
OT16 127.9510 28.2012 OT11 128.6350 29.4318 3.57 151.842  42.478  25.910
OT12 128.6050 29.2506 OT34 129.4000 27.3185 3.45 227.887  65.997 159.796
OT11 128.6350 29.4318 OT33 129.4500 27.5472 3.47 223.596  64.493 158.891
OT07 128.4610 29.7510 OT24 130.8400 29.4501 3.58 232.842  65.003  97.650
OT07 128.4610 29.7510 OT21 130.5800 29.4695 3.58 207.595  58.004  98.123
OT07 128.4610 29.7510 OT14 128.4990 28.6807 3.60 118.689  32.997 178.216
OT06 128.3050 29.3225 OT34 129.4000 27.3185 3.47 246.705  70.994 153.927
OT06 128.3050 29.3225 OT17 128.4090 28.0396 3.61 142.549  39.498 175.878
OT05 128.0760 29.0927 OT33 129.4500 27.5472 3.46 217.920  63.001 141.483
OT05 128.0760 29.0927 OT27 130.2110 28.9197 3.63 208.880  57.495  94.751
OT05 128.0760 29.0927 KGM  128.2150 26.7567 3.53 259.234  73.500 176.940
OT04 128.2550 29.0525 OT31 129.6990 27.9990 3.56 183.333  51.469 129.212
OT04 128.2550 29.0525 OT28 130.2290 28.5500 3.49 200.595  57.494 105.645
OT03 128.1910 28.8611 OT34 129.4000 27.3185 3.47 208.204  60.001 144.907
OT03 128.1910 28.8611 OT24 130.8400 29.4501 3.47 265.862  76.507  75.146
OT02 127.8730 28.7925 OT31 129.6990 27.9990 3.50 199.404  57.005 115.734
OT02 127.8730 28.7925 OT25 130.5810 28.9975 3.54 265.169  74.991  84.435
OT02 127.8730 28.7925 GMZK 129.6510 28.4973 3.69 176.966  47.997 100.229
OT01 127.7730 28.6329 MNTN 130.8700 30.4624 3.53 362.224 102.497  55.206
OT01 127.7730 28.6329 KYK  130.4100 30.3781 3.56 320.577  89.999  52.246
OKED 128.6160 27.3855 OT31 129.6990 27.9990 3.29 126.633  38.502  57.278
KYK  130.4100 30.3781 OT26 130.4990 28.8494 3.37 169.670  50.407 177.063
KYK  130.4100 30.3781 OT24 130.8400 29.4501 3.31 110.945  33.498 157.897
GMZK 129.6510 28.4973 OT24 130.8400 29.4501 3.30 156.767  47.505  47.366
AMG  128.9210 27.8215 OT27 130.2110 28.9197 3.34 175.488  52.494  45.785
AMG  128.9210 27.8215 OT24 130.8400 29.4501 3.38 260.348  77.003  45.656
OT34 129.4000 27.3185 OT30 130.3310 28.1010 3.37 126.256  37.498  46.409
OT33 129.4500 27.5472 OT28 130.2290 28.5500 3.14 134.943  43.003  34.379
OT33 129.4500 27.5472 OT21 130.5800 29.4695 3.24 240.053  73.999  27.176
OT31 129.6990 27.9990 OT25 130.5810 28.9975 3.15 140.395  44.499  37.773
OT31 129.6990 27.9990 OT23 130.8810 29.5506 3.24 207.128  64.007  33.596
OT31 129.6990 27.9990 OT21 130.5800 29.4695 3.21 184.322  57.475  27.638
OT30 130.3310 28.1010 MNTN 130.8700 30.4624 3.24 266.928  82.436  11.192
OT27 130.2110 28.9197 OT30 130.3310 28.1010 3.34  91.492  27.393 172.595
OT24 130.8400 29.4501 MNTN 130.8700 30.4624 3.21 112.248  35.001   1.475
OT21 130.5800 29.4695 MNTN 130.8700 30.4624 3.20 113.566  35.500  14.201
OT19 129.6600 29.2404 OT31 129.6990 27.9990 3.40 137.637  40.505 178.411
OT16 127.9510 28.2012 OT26 130.4990 28.8494 3.33 259.515  78.003  73.327
OT16 127.9510 28.2012 OT07 128.4610 29.7510 3.62 178.822  49.412  16.019
OT14 128.4990 28.6807 OKED 128.6160 27.3855 3.56 143.997  40.505 175.404
OT13 128.6020 29.0207 AMG  128.9210 27.8215 3.59 136.538  38.001 166.676
OT11 128.6350 29.4318 OT21 130.5800 29.4695 3.50 188.764  53.994  88.256
OT11 128.6350 29.4318 NOMT 131.0600 30.7369 3.48 274.941  79.006  57.651
OT11 128.6350 29.4318 GMZK 129.6510 28.4973 3.67 143.336  39.003 136.024
OT05 128.0760 29.0927 NOMT 131.0600 30.7369 3.46 340.942  98.453  56.952
OT04 128.2550 29.0525 OT21 130.5800 29.4695 3.44 230.696  67.004  77.879
OT04 128.2550 29.0525 AMG  128.9210 27.8215 3.56 151.250  42.462 154.265
OT03 128.1910 28.8611 TAS  130.9090 31.1946 3.52 368.285 104.508  44.717
OT02 127.8730 28.7925 OT34 129.4000 27.3185 3.49 221.909  63.493 137.039
OT02 127.8730 28.7925 OT30 130.3310 28.1010 3.41 252.703  73.998 107.068
OT01 127.7730 28.6329 TKRS 129.2090 29.1442 3.56 151.073  42.496  67.624
OKED 128.6160 27.3855 OT24 130.8400 29.4501 3.33 315.990  94.920  43.085
KGM  128.2150 26.7567 OT31 129.6990 27.9990 3.27 201.206  61.493  46.494
KGM  128.2150 26.7567 OT17 128.4090 28.0396 3.59 143.447  40.004   7.643
AMG  128.9210 27.8215 TKRS 129.2090 29.1442 3.64 149.277  40.999  10.808
OT34 129.4000 27.3185 OT19 129.6600 29.2404 3.46 214.509  61.997   6.755
OT33 129.4500 27.5472 NOMT 131.0600 30.7369 3.31 386.688 117.001  23.514
OT31 129.6990 27.9990 NOMT 131.0600 30.7369 3.23 331.005 102.510  23.206
OT27 130.2110 28.9197 MNTN 130.8700 30.4624 3.23 182.516  56.507  20.301
OT17 128.4090 28.0396 OT31 129.6990 27.9990 3.58 126.895  35.495  91.730
OT17 128.4090 28.0396 OT19 129.6600 29.2404 3.65 180.734  49.503  42.282
OT17 128.4090 28.0396 OT13 128.6020 29.0207 3.62 110.356  30.502   9.790
OT16 127.9510 28.2012 OT27 130.2110 28.9197 3.46 235.014  67.982  69.660
OT16 127.9510 28.2012 KYK  130.4100 30.3781 3.56 339.529  95.507  44.123
OT14 128.4990 28.6807 TAS  130.9090 31.1946 3.54 363.023 102.491  39.271
OT14 128.4990 28.6807 OT21 130.5800 29.4695 3.42 220.685  64.434  66.161
OT13 128.6020 29.0207 OKED 128.6160 27.3855 3.55 181.228  51.007 179.567
OT06 128.3050 29.3225 OT21 130.5800 29.4695 3.52 221.431  62.996  85.225
OT05 128.0760 29.0927 OT31 129.6990 27.9990 3.54 199.764  56.494 126.968
OT05 128.0760 29.0927 GMZK 129.6510 28.4973 3.56 167.349  46.955 112.845
OT03 128.1910 28.8611 OT17 128.4090 28.0396 3.84  93.517  24.379 166.742
OT01 127.7730 28.6329 OT17 128.4090 28.0396 3.62  90.630  25.001 136.360
OKED 128.6160 27.3855 OT26 130.4990 28.8494 3.24 246.082  75.998  48.319
OKED 128.6160 27.3855 OT25 130.5810 28.9975 3.27 262.978  80.495  46.752
OT20 130.1540 29.2781 OT30 130.3310 28.1010 3.29 131.596  39.999 172.422
OT17 128.4090 28.0396 TKRS 129.2090 29.1442 3.68 145.276  39.499  32.385
OT17 128.4090 28.0396 OT25 130.5810 28.9975 3.42 237.636  69.505  62.953
OT17 128.4090 28.0396 OT07 128.4610 29.7510 3.65 189.750  51.929   1.519
OT16 127.9510 28.2012 MNTN 130.8700 30.4624 3.57 378.385 105.931  47.820
OT14 128.4990 28.6807 OT31 129.6990 27.9990 3.54 139.803  39.504 122.426
OT14 128.4990 28.6807 NOMT 131.0600 30.7369 3.49 336.684  96.499  46.770
OT13 128.6020 29.0207 OT21 130.5800 29.4695 3.46 198.634  57.442  75.018
OT12 128.6050 29.2506 KYK  130.4100 30.3781 3.55 214.582  60.497  53.935
OT11 128.6350 29.4318 OT25 130.5810 28.9975 3.52 195.285  55.494 103.796
OT07 128.4610 29.7510 TAS  130.9090 31.1946 3.51 284.364  80.992  55.140
OT05 128.0760 29.0927 TAS  130.9090 31.1946 3.54 358.859 101.487  48.814
OT05 128.0760 29.0927 KYK  130.4100 30.3781 3.49 266.957  76.492  57.172
OT03 128.1910 28.8611 OT27 130.2110 28.9197 3.52 197.120  56.000  87.627
OT02 127.8730 28.7925 TAS  130.9090 31.1946 3.54 395.898 111.994  46.991
OT02 127.8730 28.7925 OT21 130.5800 29.4695 3.45 273.961  79.501  73.451
OT02 127.8730 28.7925 OT17 128.4090 28.0396 3.65  98.630  27.000 147.652
OT01 127.7730 28.6329 TAS  130.9090 31.1946 3.52 415.117 117.998  46.074
OT01 127.7730 28.6329 OT25 130.5810 28.9975 3.48 277.060  79.501  80.942
OKED 128.6160 27.3855 OT21 130.5800 29.4695 3.38 300.631  88.970  39.343
OKED 128.6160 27.3855 OT19 129.6600 29.2404 3.54 229.670  64.934  26.238
KGM  128.2150 26.7567 OT11 128.6350 29.4318 3.56 299.312  84.006   7.821
OT34 129.4000 27.3185 OT25 130.5810 28.9975 3.32 219.251  66.000  31.660
OT34 129.4000 27.3185 OT23 130.8810 29.5506 3.22 286.760  89.001  30.039
OT33 129.4500 27.5472 OT26 130.4990 28.8494 3.25 177.287  54.500  35.266
OT33 129.4500 27.5472 OT19 129.6600 29.2404 3.50 188.775  53.997   6.206
OT27 130.2110 28.9197 NOMT 131.0600 30.7369 3.25 217.517  66.949  21.960
OT25 130.5810 28.9975 MNTN 130.8700 30.4624 3.23 164.766  50.995   9.699
OT23 130.8810 29.5506 TAS  130.9090 31.1946 3.29 182.272  55.469   0.842
OT19 129.6600 29.2404 OT29 130.5910 28.3600 3.38 133.375  39.495 136.796
OT19 129.6600 29.2404 OT28 130.2290 28.5500 3.44  94.510  27.498 143.925
OT19 129.6600 29.2404 OT23 130.8810 29.5506 3.48 123.421  35.496  73.527
OT17 128.4090 28.0396 OT20 130.1540 29.2781 3.56 218.956  61.504  50.766
OT17 128.4090 28.0396 OT12 128.6050 29.2506 3.62 135.578  37.504   8.083
OT16 127.9510 28.2012 OT21 130.5800 29.4695 3.46 292.543  84.477  60.657
OT16 127.9510 28.2012 NOMT 131.0600 30.7369 3.52 412.195 117.001  46.262
OT14 128.4990 28.6807 GMZK 129.6510 28.4973 3.69 114.541  30.999  99.948
OT13 128.6020 29.0207 OT20 130.1540 29.2781 3.62 153.726  42.501  78.929
OT13 128.6020 29.0207 GMZK 129.6510 28.4973 3.62 117.778  32.499 119.256
OT07 128.4610 29.7510 OT34 129.4000 27.3185 3.45 284.826  82.510 160.947
OT05 128.0760 29.0927 OKED 128.6160 27.3855 3.54 196.472  55.501 164.237
OT03 128.1910 28.8611 OT19 129.6600 29.2404 3.68 149.098  40.505  73.269
OT02 127.8730 28.7925 TKRS 129.2090 29.1442 3.53 135.955  38.503  73.016
OKED 128.6160 27.3855 OT11 128.6350 29.4318 3.58 226.797  63.440   0.470
TKRS 129.2090 29.1442 NOMT 131.0600 30.7369 3.52 251.221  71.471  44.895
OT28 130.2290 28.5500 OT30 130.3310 28.1010 3.28  50.762  15.500 168.578
OT28 130.2290 28.5500 OT26 130.4990 28.8494 3.26  42.412  13.002  38.455
OT27 130.2110 28.9197 OT24 130.8400 29.4501 3.23  84.861  26.297  45.999
OT16 127.9510 28.2012 OT06 128.3050 29.3225 3.74 128.992  34.499  15.457
OT14 128.4990 28.6807 OT33 129.4500 27.5472 3.45 156.559  45.432 143.131
OT14 128.4990 28.6807 OT27 130.2110 28.9197 3.45 169.210  49.004  80.584
OT14 128.4990 28.6807 OT25 130.5810 28.9975 3.44 206.210  59.997  79.698
OT14 128.4990 28.6807 MNTN 130.8700 30.4624 3.52 302.957  85.994  48.743
OT14 128.4990 28.6807 AMG  128.9210 27.8215 3.60 103.843  28.845 156.388
OT12 128.6050 29.2506 GMZK 129.6510 28.4973 3.61 131.851  36.504 129.037
OT07 128.4610 29.7510 OT13 128.6020 29.0207 3.73  82.091  22.002 170.395
OT06 128.3050 29.3225 OT20 130.1540 29.2781 3.67 179.737  49.001  91.119
OT05 128.0760 29.0927 OT34 129.4000 27.3185 3.47 235.714  68.007 146.212
OT05 128.0760 29.0927 OT11 128.6350 29.4318 3.57  66.040  18.499  55.174
OT04 128.2550 29.0525 OT23 130.8810 29.5506 3.48 261.075  75.000  77.154
OT03 128.1910 28.8611 OT21 130.5800 29.4695 3.46 241.991  70.000  73.243
OT03 128.1910 28.8611 OKED 128.6160 27.3855 3.59 168.768  46.997 165.591
OT01 127.7730 28.6329 OT05 128.0760 29.0927 3.68  58.915  16.001  30.046
OT01 127.7730 28.6329 NOMT 131.0600 30.7369 3.52 394.441 111.962  52.955
OKED 128.6160 27.3855 OT28 130.2290 28.5500 3.30 204.546  61.965  50.509
MNTN 130.8700 30.4624 OT23 130.8810 29.5506 3.26 101.076  30.995 179.401
KGM  128.2150 26.7567 OT23 130.8810 29.5506 3.32 405.470 121.983  39.603
KGM  128.2150 26.7567 OKED 128.6160 27.3855 3.41  80.197  23.497  29.598
TKRS 129.2090 29.1442 KYK  130.4100 30.3781 3.62 179.439  49.500  40.045
OT31 129.6990 27.9990 OT26 130.4990 28.8494 3.14 122.591  39.004  39.566
OT26 130.4990 28.8494 NOMT 131.0600 30.7369 3.18 216.152  67.994  14.400
OT19 129.6600 29.2404 OT21 130.5800 29.4695 3.64  92.893  25.499  73.911
OT17 128.4090 28.0396 OT21 130.5800 29.4695 3.46 264.700  76.503  52.709
OT16 127.9510 28.2012 OT31 129.6990 27.9990 3.61 173.193  47.976  97.024
OT16 127.9510 28.2012 OKED 128.6160 27.3855 3.60 111.626  30.999 143.923
OT14 128.4990 28.6807 OT24 130.8400 29.4501 3.40 243.392  71.502  68.927
OT14 128.4990 28.6807 OT23 130.8810 29.5506 3.46 251.092  72.507  66.846
OT13 128.6020 29.0207 OT29 130.5910 28.3600 3.43 207.759  60.501 110.160
OT12 128.6050 29.2506 TAS  130.9090 31.1946 3.53 309.234  87.503  45.253
OT12 128.6050 29.2506 OT24 130.8400 29.4501 3.49 218.139  62.504  83.638
OT12 128.6050 29.2506 OT21 130.5800 29.4695 3.45 193.280  55.975  82.308
OT11 128.6350 29.4318 OT28 130.2290 28.5500 3.40 183.501  54.003 121.795
OT11 128.6350 29.4318 KYK  130.4100 30.3781 3.46 200.969  58.000  58.099
OT07 128.4610 29.7510 OT29 130.5910 28.3600 3.42 258.452  75.505 126.101
OT02 127.8730 28.7925 OT29 130.5910 28.3600 3.46 270.269  78.000  99.566
OT02 127.8730 28.7925 OKED 128.6160 27.3855 3.55 172.186  48.503 154.727
OT02 127.8730 28.7925 AMG  128.9210 27.8215 3.60 148.859  41.396 136.047
OT01 127.7730 28.6329 OT20 130.1540 29.2781 3.47 242.882  69.995  72.306
OT01 127.7730 28.6329 OT14 128.4990 28.6807 3.65  71.161  19.501  85.558
OT01 127.7730 28.6329 OT13 128.6020 29.0207 3.59  91.592  25.499  61.815
OT01 127.7730 28.6329 OT12 128.6050 29.2506 3.54 106.159  29.997  49.642
GMZK 129.6510 28.4973 NOMT 131.0600 30.7369 3.26 283.274  87.001  28.450
OT31 129.6990 27.9990 OT29 130.5910 28.3600 3.33  96.350  28.934  65.257
OT31 129.6990 27.9990 OT24 130.8400 29.4501 3.21 195.700  60.928  34.464
OT31 129.6990 27.9990 OT20 130.1540 29.2781 3.27 148.597  45.498  17.336
OT30 130.3310 28.1010 TAS  130.9090 31.1946 3.31 347.456 105.003   9.133
OT28 130.2290 28.5500 OT25 130.5810 28.9975 3.26  60.377  18.498  34.685
OT27 130.2110 28.9197 OT28 130.2290 28.5500 3.28  41.011  12.500 177.579
OT20 130.1540 29.2781 OT29 130.5910 28.3600 3.29 110.334  33.495 157.152
OT20 130.1540 29.2781 OT28 130.2290 28.5500 3.31  81.023  24.486 174.852
OT19 129.6600 29.2404 OT24 130.8400 29.4501 3.49 116.945  33.499  78.249
OT16 127.9510 28.2012 OT05 128.0760 29.0927 3.49  99.558  28.502   7.021
OT16 127.9510 28.2012 OT04 128.2550 29.0525 3.73  98.907  26.502  17.389
OT12 128.6050 29.2506 OT33 129.4500 27.5472 3.49 206.131  58.996 156.122
OT06 128.3050 29.3225 OT31 129.6990 27.9990 3.48 200.191  57.493 136.779
OT05 128.0760 29.0927 OT24 130.8400 29.4501 3.50 271.513  77.509  80.940
OT04 128.2550 29.0525 OT27 130.2110 28.9197 3.58 191.211  53.471  93.943
OT04 128.2550 29.0525 OT07 128.4610 29.7510 3.81  79.978  21.003  14.470
OT03 128.1910 28.8611 OT31 129.6990 27.9990 3.52 175.905  50.001 122.539
OT03 128.1910 28.8611 OT25 130.5810 28.9975 3.49 233.534  66.979  85.714
OT03 128.1910 28.8611 OT20 130.1540 29.2781 3.51 196.671  56.000  75.935
OT03 128.1910 28.8611 OT07 128.4610 29.7510 3.78 102.068  27.002  14.832
OT02 127.8730 28.7925 MNTN 130.8700 30.4624 3.51 344.275  97.972  56.749
OT01 127.7730 28.6329 OT31 129.6990 27.9990 3.54 201.491  56.999 109.949
OT01 127.7730 28.6329 OT06 128.3050 29.3225 3.77  92.353  24.497  34.019
KYK  130.4100 30.3781 OT21 130.5800 29.4695 3.35 102.053  30.479 170.685
AMG  128.9210 27.8215 TAS  130.9090 31.1946 3.54 420.630 118.990  26.792
AMG  128.9210 27.8215 OT25 130.5810 28.9975 3.31 208.434  63.009  50.907
TKRS 129.2090 29.1442 TAS  130.9090 31.1946 3.57 280.149  78.495  35.354
TKRS 129.2090 29.1442 OT34 129.4000 27.3185 3.44 203.205  58.985 174.644
TKRS 129.2090 29.1442 OT24 130.8400 29.4501 3.41 162.080  47.503  77.530
OT34 129.4000 27.3185 OT29 130.5910 28.3600 3.36 164.568  48.993  45.192
OT34 129.4000 27.3185 MNTN 130.8700 30.4624 3.28 376.775 114.941  22.015
OT33 129.4500 27.5472 TAS  130.9090 31.1946 3.47 428.375 123.487  18.959
OT33 129.4500 27.5472 OT27 130.2110 28.9197 3.17 169.449  53.505  25.972
OT31 129.6990 27.9990 TAS  130.9090 31.1946 3.38 373.117 110.488  18.023
OT30 130.3310 28.1010 OT21 130.5800 29.4695 3.30 153.614  46.493   9.055
OT29 130.5910 28.3600 OT24 130.8400 29.4501 3.47 123.233  35.504  11.296
OT28 130.2290 28.5500 OT21 130.5800 29.4695 3.16 107.514  34.002  18.490
OT17 128.4090 28.0396 TAS  130.9090 31.1946 3.53 425.328 120.490  34.090
OT17 128.4090 28.0396 OT11 128.6350 29.4318 3.67 155.866  42.505   8.075
OT16 127.9510 28.2012 OT29 130.5910 28.3600 3.42 259.612  75.999  85.492
OT16 127.9510 28.2012 OT25 130.5810 28.9975 3.42 271.965  79.499  70.442
OT14 128.4990 28.6807 TKRS 129.2090 29.1442 3.68  86.201  23.443  53.247
OT13 128.6020 29.0207 NOMT 131.0600 30.7369 3.50 304.269  86.959  50.698
OT12 128.6050 29.2506 OKED 128.6160 27.3855 3.60 206.707  57.435 179.716
OT12 128.6050 29.2506 NOMT 131.0600 30.7369 3.50 288.524  82.459  54.572
OT12 128.6050 29.2506 AMG  128.9210 27.8215 3.59 161.375  45.001 168.881
OT07 128.4610 29.7510 NOMT 131.0600 30.7369 3.43 272.968  79.490  65.750
OT06 128.3050 29.3225 OT23 130.8810 29.5506 3.44 251.221  73.008  83.595
OT05 128.0760 29.0927 OT29 130.5910 28.3600 3.40 258.785  76.001 107.683
OT05 128.0760 29.0927 OT28 130.2290 28.5500 3.53 218.534  61.995 105.458
OT05 128.0760 29.0927 OT17 128.4090 28.0396 3.67 121.179  33.001 164.318
OT04 128.2550 29.0525 TAS  130.9090 31.1946 3.53 349.015  99.011  46.475
OT04 128.2550 29.0525 NOMT 131.0600 30.7369 3.50 329.059  94.017  54.741
OT02 127.8730 28.7925 OT16 127.9510 28.2012 3.57  65.983  18.498 173.283
OT01 127.7730 28.6329 OT21 130.5800 29.4695 3.46 288.664  83.453  70.589
OKED 128.6160 27.3855 GMZK 129.6510 28.4973 3.48 159.905  46.003  39.360
KGM  128.2150 26.7567 OT12 128.6050 29.2506 3.56 279.024  78.488   7.813
GMZK 129.6510 28.4973 OT25 130.5810 28.9975 3.22 106.408  33.005  58.378
TKRS 129.2090 29.1442 OT21 130.5800 29.4695 3.37 138.014  40.990  74.524
OT33 129.4500 27.5472 OT30 130.3310 28.1010 3.43 106.293  30.998  54.530
OT31 129.6990 27.9990 OT30 130.3310 28.1010 3.73  63.174  16.955  79.545
OT30 130.3310 28.1010 OT23 130.8810 29.5506 3.32 169.400  50.993  18.351
OT27 130.2110 28.9197 OT25 130.5810 28.9975 3.53  37.112  10.501  76.476
OT21 130.5800 29.4695 OT25 130.5810 28.9975 3.27  52.317  15.999 179.883
OT21 130.5800 29.4695 NOMT 131.0600 30.7369 3.16 147.921  46.870  18.107
OT17 128.4090 28.0396 OT30 130.3310 28.1010 3.44 189.020  55.012  87.487
OT17 128.4090 28.0396 OT29 130.5910 28.3600 3.42 217.158  63.496  80.078
OT17 128.4090 28.0396 KYK  130.4100 30.3781 3.56 324.068  91.005  36.409
OT16 127.9510 28.2012 AMG  128.9210 27.8215 3.72 104.273  28.000 113.573
OT14 128.4990 28.6807 OT30 130.3310 28.1010 3.41 190.681  55.935 109.255
OT14 128.4990 28.6807 OT26 130.4990 28.8494 3.35 196.198  58.497  84.053
OT14 128.4990 28.6807 OT19 129.6600 29.2404 3.54 129.048  36.495  60.990
OT12 128.6050 29.2506 OT30 130.3310 28.1010 3.38 211.373  62.499 126.653
OT12 128.6050 29.2506 OT28 130.2290 28.5500 3.43 176.339  51.426 115.734
OT11 128.6350 29.4318 OT31 129.6990 27.9990 3.52 189.793  53.995 146.536
OT11 128.6350 29.4318 OT26 130.4990 28.8494 3.38 192.530  56.962 109.136
OT11 128.6350 29.4318 AMG  128.9210 27.8215 3.54 180.655  51.004 171.015
OT07 128.4610 29.7510 OT31 129.6990 27.9990 3.55 228.646  64.498 147.831
OT07 128.4610 29.7510 OT25 130.5810 28.9975 3.42 222.117  65.004 111.567
OT07 128.4610 29.7510 OT19 129.6600 29.2404 3.64 129.284  35.498 115.667
OT03 128.1910 28.8611 MNTN 130.8700 30.4624 3.53 314.269  89.003  54.961
OT03 128.1910 28.8611 GMZK 129.6510 28.4973 3.62 148.307  40.969 105.427
OT01 127.7730 28.6329 OT28 130.2290 28.5500 3.43 240.368  69.997  91.606
OT01 127.7730 28.6329 OT04 128.2550 29.0525 3.57  66.111  18.498  45.180
GMZK 129.6510 28.4973 OT26 130.4990 28.8494 3.16  91.576  28.998  64.575
AMG  128.9210 27.8215 OT30 130.3310 28.1010 3.34 142.131  42.503  77.084
TKRS 129.2090 29.1442 OT33 129.4500 27.5472 3.50 178.564  51.004 172.332
TKRS 129.2090 29.1442 OT28 130.2290 28.5500 3.51 119.334  33.998 123.251
TAS  130.9090 31.1946 NOMT 131.0600 30.7369 3.20  52.749  16.500 164.101
OT34 129.4000 27.3185 OT31 129.6990 27.9990 3.30  80.950  24.501  21.253
OT34 129.4000 27.3185 OT21 130.5800 29.4695 3.25 264.938  81.494  25.596
OT33 129.4500 27.5472 OT29 130.5910 28.3600 3.37 143.965  42.707  51.005
OT31 129.6990 27.9990 OT28 130.2290 28.5500 3.09  80.197  25.996  40.286
OT17 128.4090 28.0396 OT23 130.8810 29.5506 3.43 293.732  85.511  54.655
OT17 128.4090 28.0396 GMZK 129.6510 28.4973 3.57 132.007  36.997  67.112
OT14 128.4990 28.6807 OT11 128.6350 29.4318 3.66  84.294  23.000   8.994
OT13 128.6020 29.0207 OT31 129.6990 27.9990 3.59 156.051  43.487 136.257
OT11 128.6350 29.4318 OT19 129.6600 29.2404 3.91 101.795  26.001 101.779
OT06 128.3050 29.3225 KYK  130.4100 30.3781 3.50 234.640  67.002  59.569
OT05 128.0760 29.0927 TKRS 129.2090 29.1442 3.87 110.390  28.502  86.761
GMZK 129.6510 28.4973 OT19 129.6600 29.2404 3.58  82.367  23.001   0.580
TKRS 129.2090 29.1442 MNTN 130.8700 30.4624 3.56 217.128  61.008  47.299
OT33 129.4500 27.5472 GMZK 129.6510 28.4973 3.35 107.134  31.999  10.603
OT30 130.3310 28.1010 OT26 130.4990 28.8494 3.32  84.559  25.500  11.179
OT27 130.2110 28.9197 OT29 130.5910 28.3600 3.29  72.328  21.997 148.962
OT27 130.2110 28.9197 OT23 130.8810 29.5506 3.31  95.578  28.867  42.814
OT26 130.4990 28.8494 OT24 130.8400 29.4501 3.38  74.398  21.998  26.419
OT20 130.1540 29.2781 OT26 130.4990 28.8494 3.32  58.170  17.500 144.687
OT16 127.9510 28.2012 OT28 130.2290 28.5500 3.41 226.556  66.497  79.639
OT16 127.9510 28.2012 OT14 128.4990 28.6807 3.51  75.529  21.500  45.155
OT11 128.6350 29.4318 OT20 130.1540 29.2781 3.67 148.530  40.504  96.215
OT06 128.3050 29.3225 OT19 129.6600 29.2404 3.72 131.975  35.496  93.624
OT05 128.0760 29.0927 OT23 130.8810 29.5506 3.44 277.145  80.495  78.767
OT05 128.0760 29.0927 OT21 130.5800 29.4695 3.48 246.878  70.922  79.653
OT03 128.1910 28.8611 OT29 130.5910 28.3600 3.42 241.221  70.491 102.737
OT03 128.1910 28.8611 NOMT 131.0600 30.7369 3.52 346.637  98.476  52.440
OKED 128.6160 27.3855 OT30 130.3310 28.1010 3.40 186.778  54.999  64.484
TKRS 129.2090 29.1442 OT30 130.3310 28.1010 3.36 159.400  47.497 136.228
OT33 129.4500 27.5472 OT20 130.1540 29.2781 3.32 203.864  61.497  19.621
OT31 129.6990 27.9990 OT27 130.2110 28.9197 3.12 113.703  36.502  26.059
OT30 130.3310 28.1010 OT25 130.5810 28.9975 3.25 102.333  31.497  13.790
OT26 130.4990 28.8494 OT21 130.5800 29.4695 3.30  69.184  20.958   6.538
OT26 130.4990 28.8494 MNTN 130.8700 30.4624 3.20 182.369  57.008  11.277
OT19 129.6600 29.2404 OT26 130.4990 28.8494 3.36  92.495  27.504 117.736
OT16 127.9510 28.2012 OT23 130.8810 29.5506 3.45 322.582  93.502  61.682
OT14 128.4990 28.6807 OT28 130.2290 28.5500 3.47 169.769  48.925  94.482
OT12 128.6050 29.2506 OT29 130.5910 28.3600 3.40 217.552  64.005 116.503
OT12 128.6050 29.2506 OT25 130.5810 28.9975 3.50 194.333  55.492  97.821
OT07 128.4610 29.7510 OT26 130.4990 28.8494 3.39 221.762  65.494 116.285
OT07 128.4610 29.7510 OT23 130.8810 29.5506 3.57 235.346  65.997  94.820
OT06 128.3050 29.3225 OT24 130.8400 29.4501 3.50 246.495  70.508  86.092
OT06 128.3050 29.3225 NOMT 131.0600 30.7369 3.49 308.541  88.458  58.779
OT05 128.0760 29.0927 OT26 130.4990 28.8494 3.60 237.671  66.001  95.930
OT03 128.1910 28.8611 OT30 130.3310 28.1010 3.42 225.828  65.997 111.392
OT03 128.1910 28.8611 OT11 128.6350 29.4318 3.76  76.585  20.347  34.207
OT02 127.8730 28.7925 OT13 128.6020 29.0207 3.68  75.489  20.502  70.250
OT02 127.8730 28.7925 NOMT 131.0600 30.7369 3.50 376.127 107.496  54.261
OT02 127.8730 28.7925 KYK  130.4100 30.3781 3.51 302.178  85.993  53.819
OT01 127.7730 28.6329 GMZK 129.6510 28.4973 3.73 184.386  49.460  94.228
MNTN 130.8700 30.4624 TAS  130.9090 31.1946 3.32  81.267  24.500   2.623
KYK  130.4100 30.3781 NOMT 131.0600 30.7369 3.15  73.995  23.498  57.314
AMG  128.9210 27.8215 OT19 129.6600 29.2404 3.57 173.082  48.496  24.518
OT34 129.4000 27.3185 NOMT 131.0600 30.7369 3.27 411.922 125.970  22.712
OT31 129.6990 27.9990 MNTN 130.8700 30.4624 3.27 295.834  90.441  22.360
OT13 128.6020 29.0207 OT27 130.2110 28.9197 3.62 157.232  43.494  93.695
OT13 128.6020 29.0207 OT23 130.8810 29.5506 3.42 229.130  66.997  74.595
OT11 128.6350 29.4318 OT23 130.8810 29.5506 3.49 218.228  62.475  85.991
OT07 128.4610 29.7510 GMZK 129.6510 28.4973 3.58 180.898  50.502 139.898
OT05 128.0760 29.0927 OT25 130.5810 28.9975 3.57 244.212  68.503  91.871
OT05 128.0760 29.0927 OT20 130.1540 29.2781 3.60 203.175  56.485  83.692
OT05 128.0760 29.0927 OT19 129.6600 29.2404 3.60 154.942  43.004  83.551
OT03 128.1910 28.8611 TKRS 129.2090 29.1442 3.41 104.008  30.501  72.195
OT03 128.1910 28.8611 OT23 130.8810 29.5506 3.47 272.518  78.490  73.064
OKED 128.6160 27.3855 TAS  130.9090 31.1946 3.56 477.377 133.982  27.275
KGM  128.2150 26.7567 KYK  130.4100 30.3781 3.53 455.152 129.011  27.631
GMZK 129.6510 28.4973 OT27 130.2110 28.9197 3.20  71.981  22.501  49.295
AMG  128.9210 27.8215 MNTN 130.8700 30.4624 3.42 348.761 101.947  32.472
TKRS 129.2090 29.1442 OT25 130.5810 28.9975 3.45 134.620  38.998  96.606
OT19 129.6600 29.2404 OT25 130.5810 28.9975 3.53  93.622  26.499 106.489
OT17 128.4090 28.0396 OT26 130.4990 28.8494 3.41 223.502  65.505  65.833
OT16 127.9510 28.2012 GMZK 129.6510 28.4973 3.54 169.893  48.006  78.463
OT12 128.6050 29.2506 OT19 129.6600 29.2404 3.66 102.523  27.996  90.376
OT12 128.6050 29.2506 MNTN 130.8700 30.4624 3.54 256.771  72.493  57.902
OT11 128.6350 29.4318 MNTN 130.8700 30.4624 3.57 244.163  68.489  61.552
OT07 128.4610 29.7510 MNTN 130.8700 30.4624 3.48 245.204  70.501  70.643
OT04 128.2550 29.0525 MNTN 130.8700 30.4624 3.52 297.344  84.497  57.653
OT03 128.1910 28.8611 OT26 130.4990 28.8494 3.49 225.183  64.493  89.776
OT01 127.7730 28.6329 OT29 130.5910 28.3600 3.49 277.569  79.510  95.585
OT01 127.7730 28.6329 AMG  128.9210 27.8215 3.65 144.167  39.476 128.318
TKRS 129.2090 29.1442 OT31 129.6990 27.9990 3.52 135.673  38.500 159.194
OT26 130.4990 28.8494 OT23 130.8810 29.5506 3.31  86.151  25.996  25.467
OT05 128.0760 29.0927 AMG  128.9210 27.8215 3.63 163.397  45.001 149.365
OT04 128.2550 29.0525 OT29 130.5910 28.3600 3.37 240.876  71.498 108.019
GMZK 129.6510 28.4973 OT30 130.3310 28.1010 3.40  79.825  23.499 123.219
OT11 128.6350 29.4318 OT24 130.8400 29.4501 3.51 213.970  60.995  88.918
OT07 128.4610 29.7510 OKED 128.6160 27.3855 3.57 262.606  73.497 176.664
OT06 128.3050 29.3225 OT25 130.5810 28.9975 3.51 224.356  63.992  98.686
OT06 128.3050 29.3225 MNTN 130.8700 30.4624 3.57 278.119  77.992  62.348
OT05 128.0760 29.0927 MNTN 130.8700 30.4624 3.53 309.909  87.917  59.983
OT02 127.8730 28.7925 OT26 130.4990 28.8494 3.49 256.426  73.496  87.961
OT19 129.6600 29.2404 MNTN 130.8700 30.4624 3.51 178.952  50.998  40.509
OT12 128.6050 29.2506 OT27 130.2110 28.9197 3.65 160.564  43.930 102.815
OT04 128.2550 29.0525 OT25 130.5810 28.9975 3.52 226.726  64.502  90.979
AMG  128.9210 27.8215 OT34 129.4000 27.3185 3.40  73.118  21.499 139.555
TKRS 129.2090 29.1442 OT27 130.2110 28.9197 3.82 100.736  26.364 104.060
OT04 128.2550 29.0525 OT19 129.6600 29.2404 3.64 138.314  37.998  81.000
OT27 130.2110 28.9197 OT21 130.5800 29.4695 3.29  70.731  21.499  30.419
OT13 128.6020 29.0207 MNTN 130.8700 30.4624 3.50 271.445  77.467  53.380
