KGM  128.2150 26.7567 OT04 128.2550 29.0525 3.59 254.446  70.876   0.864
KGM  128.2150 26.7567 GMZK 129.6510 28.4973 3.42 239.356  69.885  35.983
GMZK 129.6510 28.4973 TAS  130.9090 31.1946 3.51 322.754  91.874  21.815
GMZK 129.6510 28.4973 KYK  130.4100 30.3781 3.55 221.081  62.364  19.258
OT07 128.4610 29.7510 OT30 130.3310 28.1010 3.47 258.218  74.372 134.635
AMG  128.9210 27.8215 KYK  130.4100 30.3781 3.58 318.263  88.851  26.728
OT04 128.2550 29.0525 OT26 130.4990 28.8494 3.58 219.937  61.383  95.333
OT04 128.2550 29.0525 KYK  130.4100 30.3781 3.57 255.097  71.376  54.303
OT14 128.4990 28.6807 KYK  130.4100 30.3781 3.60 264.016  73.379  44.087
OT02 127.8730 28.7925 OT28 130.2290 28.5500 3.55 231.858  65.367  96.093
KGM  128.2150 26.7567 OT29 130.5910 28.3600 3.31 294.320  88.865  52.328
OT34 129.4000 27.3185 OT27 130.2110 28.9197 3.28 194.496  59.316  23.981
OT02 127.8730 28.7925 OT27 130.2110 28.9197 3.61 228.598  63.376  85.903
KGM  128.2150 26.7567 OT24 130.8400 29.4501 3.39 394.467 116.362  40.225
OT28 130.2290 28.5500 NOMT 131.0600 30.7369 3.28 255.433  77.852  18.170
OT17 128.4090 28.0396 OT24 130.8400 29.4501 3.52 284.272  80.874  56.063
OT04 128.2550 29.0525 OT30 130.3310 28.1010 3.45 228.867  66.377 116.939
KGM  128.2150 26.7567 OT33 129.4500 27.5472 3.32 150.507  45.293  54.132
KGM  128.2150 26.7567 OT14 128.4990 28.6807 3.62 215.037  59.370   7.413
OT28 130.2290 28.5500 TAS  130.9090 31.1946 3.32 300.437  90.384  12.474
OT11 128.6350 29.4318 OT34 129.4000 27.3185 3.49 245.935  70.368 162.052
OT04 128.2550 29.0525 OT34 129.4000 27.3185 3.49 222.676  63.877 149.381
KGM  128.2150 26.7567 OT20 130.1540 29.2781 3.44 338.279  98.366  33.865
OT27 130.2110 28.9197 TAS  130.9090 31.1946 3.37 261.015  77.384  14.778
OT20 130.1540 29.2781 TAS  130.9090 31.1946 3.38 224.538  66.372  18.694
OT01 127.7730 28.6329 OT34 129.4000 27.3185 3.53 216.441  61.367 131.914
KYK  130.4100 30.3781 OT25 130.5810 28.9975 3.43 153.933  44.878 173.771
KGM  128.2150 26.7567 OT28 130.2290 28.5500 3.33 280.989  84.381  44.532
KGM  128.2150 26.7567 OT06 128.3050 29.3225 3.54 284.480  80.384   1.758
OT34 129.4000 27.3185 OT28 130.2290 28.5500 3.29 158.962  48.376  30.657
OT34 129.4000 27.3185 KYK  130.4100 30.3781 3.42 353.116 103.371  15.957
OT29 130.5910 28.3600 TAS  130.9090 31.1946 3.35 315.713  94.384   5.510
OT28 130.2290 28.5500 KYK  130.4100 30.3781 3.40 203.394  59.875   4.913
OT25 130.5810 28.9975 TAS  130.9090 31.1946 3.35 245.602  73.380   7.315
OT21 130.5800 29.4695 TAS  130.9090 31.1946 3.35 193.842  57.881   9.314
OT14 128.4990 28.6807 OT20 130.1540 29.2781 3.57 174.381  48.864  67.287
OT13 128.6020 29.0207 OT24 130.8400 29.4501 3.54 222.742  62.868  77.120
OT03 128.1910 28.8611 KGM  128.2150 26.7567 3.60 233.215  64.872 179.411
OT01 127.7730 28.6329 KGM  128.2150 26.7567 3.55 212.434  59.874 168.052
AMG  128.9210 27.8215 OT21 130.5800 29.4695 3.42 244.263  71.359  41.213
OT28 130.2290 28.5500 MNTN 130.8700 30.4624 3.28 220.913  67.372  16.199
OT27 130.2110 28.9197 KYK  130.4100 30.3781 3.47 162.802  46.876   6.745
OT24 130.8400 29.4501 TAS  130.9090 31.1946 3.34 193.506  57.867   1.951
OT20 130.1540 29.2781 NOMT 131.0600 30.7369 3.29 183.816  55.871  28.162
OT16 127.9510 28.2012 OT20 130.1540 29.2781 3.57 246.087  68.874  60.464
OT14 128.4990 28.6807 OT34 129.4000 27.3185 3.51 175.069  49.863 149.361
OT13 128.6020 29.0207 OT34 129.4000 27.3185 3.47 204.294  58.874 157.236
OT10 128.8440 29.6621 NOMT 131.0600 30.7369 3.45 244.431  70.870  60.276
OT06 128.3050 29.3225 TAS  130.9090 31.1946 3.54 325.370  91.886  49.725
KYK  130.4100 30.3781 OT29 130.5910 28.3600 3.49 224.384  64.367 175.451
KYK  130.4100 30.3781 OT23 130.8810 29.5506 3.43 102.390  29.864 153.505
KGM  128.2150 26.7567 OT34 129.4000 27.3185 3.38 133.056  39.377  61.839
KGM  128.2150 26.7567 OT30 130.3310 28.1010 3.38 256.800  75.864  54.065
KGM  128.2150 26.7567 OT21 130.5800 29.4695 3.40 379.947 111.881  37.154
KGM  128.2150 26.7567 OT07 128.4610 29.7510 3.56 332.717  93.381   4.103
GMZK 129.6510 28.4973 MNTN 130.8700 30.4624 3.38 247.821  73.298  28.193
OT33 129.4500 27.5472 KYK  130.4100 30.3781 3.41 327.410  95.874  16.374
OT31 129.6990 27.9990 KYK  130.4100 30.3781 3.41 272.614  79.875  14.525
OT30 130.3310 28.1010 NOMT 131.0600 30.7369 3.33 300.620  90.385  13.438
OT11 128.6350 29.4318 OT29 130.5910 28.3600 3.46 224.778  64.871 121.429
OT07 128.4610 29.7510 OT33 129.4500 27.5472 3.53 262.679  74.371 158.169
OT02 127.8730 28.7925 OT19 129.6600 29.2404 3.67 181.072  49.379  73.658
KGM  128.2150 26.7567 TKRS 129.2090 29.1442 3.58 282.067  78.878  20.052
KGM  128.2150 26.7567 OT27 130.2110 28.9197 3.36 309.992  92.369  38.899
KGM  128.2150 26.7567 OT25 130.5810 28.9975 3.34 340.488 101.882  42.631
KGM  128.2150 26.7567 AMG  128.9210 27.8215 3.36 137.132  40.874  30.480
OT29 130.5910 28.3600 NOMT 131.0600 30.7369 3.37 267.360  79.382   9.670
OT17 128.4090 28.0396 OT27 130.2110 28.9197 3.54 201.591  56.882  60.639
OT11 128.6350 29.4318 OT27 130.2110 28.9197 3.53 163.481  46.378 109.932
OT07 128.4610 29.7510 OT28 130.2290 28.5500 3.54 217.460  61.377 127.312
OT06 128.3050 29.3225 OT30 130.3310 28.1010 3.53 239.806  67.876 123.882
OT02 127.8730 28.7925 KGM  128.2150 26.7567 3.54 228.114  64.366 171.404
OT01 127.7730 28.6329 OT33 129.4500 27.5472 3.53 204.049  57.870 125.736
OT01 127.7730 28.6329 OT24 130.8400 29.4501 3.51 312.143  88.854  72.396
AMG  128.9210 27.8215 NOMT 131.0600 30.7369 3.45 384.202 111.363  32.235
OT33 129.4500 27.5472 MNTN 130.8700 30.4624 3.38 351.478 103.865  22.844
OT16 127.9510 28.2012 OT34 129.4000 27.3185 3.54 173.145  48.870 124.060
OT04 128.2550 29.0525 OT24 130.8400 29.4501 3.55 255.146  71.872  79.427
OT04 128.2550 29.0525 OT17 128.4090 28.0396 3.73 113.273  30.376 172.287
OKED 128.6160 27.3855 OT27 130.2110 28.9197 3.36 231.212  68.834  42.291
KYK  130.4100 30.3781 TAS  130.9090 31.1946 3.48 102.368  29.378  27.710
KGM  128.2150 26.7567 OT13 128.6020 29.0207 3.58 253.763  70.884   8.538
OT21 130.5800 29.4695 OT29 130.5910 28.3600 3.48 122.976  35.379 179.488
OT20 130.1540 29.2781 MNTN 130.8700 30.4624 3.27 148.379  45.376  27.606
OT20 130.1540 29.2781 KYK  130.4100 30.3781 3.42 124.410  36.377  11.386
OT16 127.9510 28.2012 TKRS 129.2090 29.1442 3.60 161.354  44.870  49.331
OT16 127.9510 28.2012 OT24 130.8400 29.4501 3.51 314.099  89.385  63.166
OT13 128.6020 29.0207 OT33 129.4500 27.5472 3.50 183.277  52.380 152.797
OT11 128.6350 29.4318 TAS  130.9090 31.1946 3.54 293.316  82.881  47.659
OT11 128.6350 29.4318 OT30 130.3310 28.1010 3.44 221.783  64.378 131.276
OT07 128.4610 29.7510 AMG  128.9210 27.8215 3.62 218.517  60.330 168.030
OT06 128.3050 29.3225 OT29 130.5910 28.3600 3.49 247.299  70.880 115.002
OT03 128.1910 28.8611 KYK  130.4100 30.3781 3.55 272.847  76.880  51.415
OT01 127.7730 28.6329 OT30 130.3310 28.1010 3.56 257.563  72.369 102.623
OT01 127.7730 28.6329 OT27 130.2110 28.9197 3.51 240.155  68.381  81.812
OT01 127.7730 28.6329 OT19 129.6600 29.2404 3.64 195.892  53.876  69.444
OT30 130.3310 28.1010 KYK  130.4100 30.3781 3.37 252.511  74.885   1.722
OT26 130.4990 28.8494 TAS  130.9090 31.1946 3.36 262.968  78.381   8.555
OT25 130.5810 28.9975 NOMT 131.0600 30.7369 3.28 198.290  60.381  13.376
OT16 127.9510 28.2012 KGM  128.2150 26.7567 3.57 162.181  45.378 170.678
OT13 128.6020 29.0207 KYK  130.4100 30.3781 3.59 230.762  64.369  48.864
OT07 128.4610 29.7510 OT27 130.2110 28.9197 3.49 193.305  55.341 118.039
OT06 128.3050 29.3225 OT28 130.2290 28.5500 3.44 206.164  59.879 114.072
OT06 128.3050 29.3225 GMZK 129.6510 28.4973 3.73 160.013  42.876 124.536
OT02 127.8730 28.7925 OT11 128.6350 29.4318 3.68 102.597  27.872  46.135
OT02 127.8730 28.7925 OT07 128.4610 29.7510 3.79 120.666  31.872  28.161
OT01 127.7730 28.6329 OT11 128.6350 29.4318 3.66 122.008  33.372  43.262
KGM  128.2150 26.7567 OT19 129.6600 29.2404 3.59 309.753  86.378  26.973
AMG  128.9210 27.8215 OT28 130.2290 28.5500 3.34 151.657  45.379  57.530
OT34 129.4000 27.3185 OT26 130.4990 28.8494 3.36 201.094  59.867  32.216
OT34 129.4000 27.3185 OT20 130.1540 29.2781 3.31 229.415  69.373  18.628
OT33 129.4500 27.5472 OT25 130.5810 28.9975 3.35 195.321  58.374  34.361
OT28 130.2290 28.5500 OT24 130.8400 29.4501 3.29 116.202  35.374  30.701
OT24 130.8400 29.4501 NOMT 131.0600 30.7369 3.25 144.219  44.375   8.401
OT23 130.8810 29.5506 NOMT 131.0600 30.7369 3.25 132.637  40.761   7.427
OT17 128.4090 28.0396 OT28 130.2290 28.5500 3.44 187.217  54.376  71.987
OT16 127.9510 28.2012 OT12 128.6050 29.2506 3.60 132.709  36.874  28.633
OT13 128.6020 29.0207 OT30 130.3310 28.1010 3.45 197.517  57.318 120.654
OT13 128.6020 29.0207 OT28 130.2290 28.5500 3.53 167.186  47.361 107.791
OT07 128.4610 29.7510 KYK  130.4100 30.3781 3.62 200.335  55.372  69.213
OT05 128.0760 29.0927 OT30 130.3310 28.1010 3.50 246.414  70.324 115.949
OT04 128.2550 29.0525 OT33 129.4500 27.5472 3.52 203.906  57.879 144.614
OT04 128.2550 29.0525 GMZK 129.6510 28.4973 3.62 149.628  41.379 113.948
OT03 128.1910 28.8611 OT33 129.4500 27.5472 3.55 190.989  53.876 139.377
OT03 128.1910 28.8611 AMG  128.9210 27.8215 3.58 135.641  37.878 147.975
OT02 127.8730 28.7925 OT33 129.4500 27.5472 3.55 207.473  58.377 131.322
OT02 127.8730 28.7925 OT24 130.8400 29.4501 3.51 297.867  84.887  75.121
OT01 127.7730 28.6329 OT07 128.4610 29.7510 3.72 140.844  37.871  28.204
OKED 128.6160 27.3855 TKRS 129.2090 29.1442 3.58 203.416  56.836  16.487
OKED 128.6160 27.3855 KYK  130.4100 30.3781 3.56 375.013 105.400  27.392
KGM  128.2150 26.7567 OT26 130.4990 28.8494 3.30 323.125  97.887  43.614
OT34 129.4000 27.3185 GMZK 129.6510 28.4973 3.42 132.946  38.873  10.650
OT33 129.4500 27.5472 OT23 130.8810 29.5506 3.44 262.504  76.376  31.904
OT19 129.6600 29.2404 TAS  130.9090 31.1946 3.57 247.779  69.367  28.729
OT19 129.6600 29.2404 NOMT 131.0600 30.7369 3.49 213.951  61.286  38.816
OT17 128.4090 28.0396 OT33 129.4500 27.5472 3.59 116.181  32.335 117.770
OT16 127.9510 28.2012 OT19 129.6600 29.2404 3.63 202.820  55.873  54.993
OT13 128.6020 29.0207 TAS  130.9090 31.1946 3.57 327.902  91.875  42.132
OT13 128.6020 29.0207 OT25 130.5810 28.9975 3.55 192.869  54.375  90.286
OT12 128.6050 29.2506 OT31 129.6990 27.9990 3.55 175.139  49.349 142.112
OT06 128.3050 29.3225 OT33 129.4500 27.5472 3.52 226.475  64.376 150.039
OT06 128.3050 29.3225 OT27 130.2110 28.9197 3.64 190.787  52.371 103.070
OT06 128.3050 29.3225 AMG  128.9210 27.8215 3.62 176.941  48.879 159.934
OT03 128.1910 28.8611 OT28 130.2290 28.5500 3.58 202.054  56.377  99.337
OT02 127.8730 28.7925 OT20 130.1540 29.2781 3.50 228.681  65.375  75.838
OT01 127.7730 28.6329 OKED 128.6160 27.3855 3.63 161.174  44.376 148.862
OKED 128.6160 27.3855 OT20 130.1540 29.2781 3.50 258.373  73.884  35.368
GMZK 129.6510 28.4973 OT21 130.5800 29.4695 3.36 140.725  41.870  39.807
OT34 129.4000 27.3185 OT24 130.8400 29.4501 3.34 275.162  82.384  30.513
OT33 129.4500 27.5472 OT24 130.8400 29.4501 3.38 250.990  74.367  32.508
OT30 130.3310 28.1010 OT24 130.8400 29.4501 3.29 157.574  47.880  18.273
OT19 129.6600 29.2404 OT30 130.3310 28.1010 3.40 142.296  41.876 152.393
OT19 129.6600 29.2404 KYK  130.4100 30.3781 3.65 145.463  39.875  29.707
OT17 128.4090 28.0396 OT34 129.4000 27.3185 3.57 126.280  35.373 129.026
OT16 127.9510 28.2012 TAS  130.9090 31.1946 3.57 438.193 122.881  40.067
OT16 127.9510 28.2012 OT33 129.4500 27.5472 3.47 164.437  47.375 115.801
OT16 127.9510 28.2012 OT30 130.3310 28.1010 3.55 234.014  65.882  92.161
OT16 127.9510 28.2012 OT11 128.6350 29.4318 3.58 151.842  42.357  25.910
OT12 128.6050 29.2506 OT34 129.4000 27.3185 3.49 227.887  65.372 159.796
OT11 128.6350 29.4318 OT33 129.4500 27.5472 3.50 223.596  63.866 158.891
OT07 128.4610 29.7510 OT24 130.8400 29.4501 3.64 232.842  63.880  97.650
OT07 128.4610 29.7510 OT21 130.5800 29.4695 3.65 207.595  56.875  98.123
OT07 128.4610 29.7510 OT14 128.4990 28.6807 3.67 118.689  32.376 178.216
OT06 128.3050 29.3225 OT34 129.4000 27.3185 3.51 246.705  70.367 153.927
OT06 128.3050 29.3225 OT17 128.4090 28.0396 3.67 142.549  38.873 175.878
OT05 128.0760 29.0927 OT33 129.4500 27.5472 3.52 217.920  61.874 141.483
OT05 128.0760 29.0927 OT27 130.2110 28.9197 3.67 208.880  56.869  94.751
OT05 128.0760 29.0927 KGM  128.2150 26.7567 3.56 259.234  72.880 176.940
OT04 128.2550 29.0525 OT31 129.6990 27.9990 3.61 183.333  50.827 129.212
OT04 128.2550 29.0525 OT28 130.2290 28.5500 3.53 200.595  56.874 105.645
OT03 128.1910 28.8611 OT34 129.4000 27.3185 3.51 208.204  59.368 144.907
OT03 128.1910 28.8611 OT24 130.8400 29.4501 3.50 265.862  75.874  75.146
OT02 127.8730 28.7925 OT31 129.6990 27.9990 3.54 199.404  56.377 115.734
OT02 127.8730 28.7925 OT25 130.5810 28.9975 3.59 265.169  73.884  84.435
OT02 127.8730 28.7925 GMZK 129.6510 28.4973 3.73 176.966  47.380 100.229
OT01 127.7730 28.6329 MNTN 130.8700 30.4624 3.56 362.224 101.863  55.206
OT01 127.7730 28.6329 KYK  130.4100 30.3781 3.59 320.577  89.372  52.246
OKED 128.6160 27.3855 OT31 129.6990 27.9990 3.34 126.633  37.880  57.278
KYK  130.4100 30.3781 OT26 130.4990 28.8494 3.44 169.670  49.294 177.063
KYK  130.4100 30.3781 OT24 130.8400 29.4501 3.43 110.945  32.374 157.897
GMZK 129.6510 28.4973 OT24 130.8400 29.4501 3.34 156.767  46.880  47.366
AMG  128.9210 27.8215 OT27 130.2110 28.9197 3.38 175.488  51.873  45.785
AMG  128.9210 27.8215 OT24 130.8400 29.4501 3.41 260.348  76.371  45.656
OT34 129.4000 27.3185 OT30 130.3310 28.1010 3.42 126.256  36.874  46.409
OT33 129.4500 27.5472 OT28 130.2290 28.5500 3.22 134.943  41.869  34.379
OT33 129.4500 27.5472 OT21 130.5800 29.4695 3.32 240.053  72.371  27.176
OT31 129.6990 27.9990 OT25 130.5810 28.9975 3.28 140.395  42.869  37.773
OT31 129.6990 27.9990 OT23 130.8810 29.5506 3.35 207.128  61.866  33.596
OT31 129.6990 27.9990 OT21 130.5800 29.4695 3.27 184.322  56.350  27.638
OT30 130.3310 28.1010 MNTN 130.8700 30.4624 3.32 266.928  80.303  11.192
OT27 130.2110 28.9197 OT30 130.3310 28.1010 3.48  91.492  26.268 172.595
OT24 130.8400 29.4501 MNTN 130.8700 30.4624 3.31 112.248  33.871   1.475
OT21 130.5800 29.4695 MNTN 130.8700 30.4624 3.21 113.566  35.379  14.201
OT19 129.6600 29.2404 OT31 129.6990 27.9990 3.50 137.637  39.370 178.411
OT16 127.9510 28.2012 OT26 130.4990 28.8494 3.40 259.515  76.373  73.327
OT16 127.9510 28.2012 OT07 128.4610 29.7510 3.67 178.822  48.779  16.019
OT14 128.4990 28.6807 OKED 128.6160 27.3855 3.61 143.997  39.877 175.404
OT13 128.6020 29.0207 AMG  128.9210 27.8215 3.65 136.538  37.377 166.676
OT11 128.6350 29.4318 OT21 130.5800 29.4695 3.54 188.764  53.368  88.256
OT11 128.6350 29.4318 NOMT 131.0600 30.7369 3.53 274.941  77.865  57.651
OT11 128.6350 29.4318 GMZK 129.6510 28.4973 3.73 143.336  38.376 136.024
OT05 128.0760 29.0927 NOMT 131.0600 30.7369 3.50 340.942  97.329  56.952
OT04 128.2550 29.0525 OT21 130.5800 29.4695 3.50 230.696  65.875  77.879
OT04 128.2550 29.0525 AMG  128.9210 27.8215 3.62 151.250  41.828 154.265
OT03 128.1910 28.8611 TAS  130.9090 31.1946 3.56 368.285 103.364  44.717
OT02 127.8730 28.7925 OT34 129.4000 27.3185 3.53 221.909  62.882 137.039
OT02 127.8730 28.7925 OT30 130.3310 28.1010 3.47 252.703  72.867 107.068
OT01 127.7730 28.6329 TKRS 129.2090 29.1442 3.61 151.073  41.860  67.624
OKED 128.6160 27.3855 OT24 130.8400 29.4501 3.39 315.990  93.295  43.085
KGM  128.2150 26.7567 OT31 129.6990 27.9990 3.33 201.206  60.368  46.494
KGM  128.2150 26.7567 OT17 128.4090 28.0396 3.64 143.447  39.365   7.643
AMG  128.9210 27.8215 TKRS 129.2090 29.1442 3.70 149.277  40.378  10.808
OT34 129.4000 27.3185 OT19 129.6600 29.2404 3.52 214.509  60.871   6.755
OT33 129.4500 27.5472 NOMT 131.0600 30.7369 3.34 386.688 115.879  23.514
OT31 129.6990 27.9990 NOMT 131.0600 30.7369 3.30 331.005 100.365  23.206
OT27 130.2110 28.9197 MNTN 130.8700 30.4624 3.27 182.516  55.884  20.301
OT17 128.4090 28.0396 OT31 129.6990 27.9990 3.64 126.895  34.871  91.730
OT17 128.4090 28.0396 OT19 129.6600 29.2404 3.70 180.734  48.873  42.282
OT17 128.4090 28.0396 OT13 128.6020 29.0207 3.69 110.356  29.874   9.790
OT16 127.9510 28.2012 OT27 130.2110 28.9197 3.49 235.014  67.378  69.660
OT16 127.9510 28.2012 KYK  130.4100 30.3781 3.56 339.529  95.373  44.123
OT14 128.4990 28.6807 TAS  130.9090 31.1946 3.56 363.023 101.887  39.271
OT14 128.4990 28.6807 OT21 130.5800 29.4695 3.46 220.685  63.819  66.161
OT13 128.6020 29.0207 OKED 128.6160 27.3855 3.60 181.228  50.369 179.567
OT06 128.3050 29.3225 OT21 130.5800 29.4695 3.55 221.431  62.375  85.225
OT05 128.0760 29.0927 OT31 129.6990 27.9990 3.58 199.764  55.878 126.968
OT05 128.0760 29.0927 GMZK 129.6510 28.4973 3.61 167.349  46.331 112.845
OT03 128.1910 28.8611 OT17 128.4090 28.0396 3.86  93.517  24.259 166.742
OT01 127.7730 28.6329 OT17 128.4090 28.0396 3.72  90.630  24.376 136.360
OKED 128.6160 27.3855 OT26 130.4990 28.8494 3.31 246.082  74.367  48.319
OKED 128.6160 27.3855 OT25 130.5810 28.9975 3.33 262.978  78.878  46.752
OT20 130.1540 29.2781 OT30 130.3310 28.1010 3.38 131.596  38.876 172.422
OT17 128.4090 28.0396 TKRS 129.2090 29.1442 3.69 145.276  39.370  32.385
OT17 128.4090 28.0396 OT25 130.5810 28.9975 3.47 237.636  68.384  62.953
OT17 128.4090 28.0396 OT07 128.4610 29.7510 3.66 189.750  51.788   1.519
OT16 127.9510 28.2012 MNTN 130.8700 30.4624 3.59 378.385 105.370  47.820
OT14 128.4990 28.6807 OT31 129.6990 27.9990 3.60 139.803  38.877 122.426
OT14 128.4990 28.6807 NOMT 131.0600 30.7369 3.53 336.684  95.378  46.770
OT13 128.6020 29.0207 OT21 130.5800 29.4695 3.53 198.634  56.318  75.018
OT12 128.6050 29.2506 KYK  130.4100 30.3781 3.58 214.582  59.872  53.935
OT11 128.6350 29.4318 OT25 130.5810 28.9975 3.56 195.285  54.871 103.796
OT07 128.4610 29.7510 TAS  130.9090 31.1946 3.54 284.364  80.374  55.140
OT05 128.0760 29.0927 TAS  130.9090 31.1946 3.58 358.859 100.380  48.814
OT05 128.0760 29.0927 KYK  130.4100 30.3781 3.52 266.957  75.883  57.172
OT03 128.1910 28.8611 OT27 130.2110 28.9197 3.53 197.120  55.873  87.627
OT02 127.8730 28.7925 TAS  130.9090 31.1946 3.57 395.898 110.865  46.991
OT02 127.8730 28.7925 OT21 130.5800 29.4695 3.47 273.961  78.883  73.451
OT02 127.8730 28.7925 OT17 128.4090 28.0396 3.74  98.630  26.372 147.652
OT01 127.7730 28.6329 TAS  130.9090 31.1946 3.55 415.117 116.869  46.074
OT01 127.7730 28.6329 OT25 130.5810 28.9975 3.54 277.060  78.376  80.942
OKED 128.6160 27.3855 OT21 130.5800 29.4695 3.40 300.631  88.317  39.343
OKED 128.6160 27.3855 OT19 129.6600 29.2404 3.60 229.670  63.815  26.238
KGM  128.2150 26.7567 OT11 128.6350 29.4318 3.59 299.312  83.374   7.821
OT34 129.4000 27.3185 OT25 130.5810 28.9975 3.41 219.251  64.372  31.660
OT34 129.4000 27.3185 OT23 130.8810 29.5506 3.32 286.760  86.373  30.039
OT33 129.4500 27.5472 OT26 130.4990 28.8494 3.35 177.287  52.874  35.266
OT33 129.4500 27.5472 OT19 129.6600 29.2404 3.54 188.775  53.372   6.206
OT27 130.2110 28.9197 NOMT 131.0600 30.7369 3.31 217.517  65.815  21.960
OT25 130.5810 28.9975 MNTN 130.8700 30.4624 3.34 164.766  49.375   9.699
OT23 130.8810 29.5506 TAS  130.9090 31.1946 3.35 182.272  54.345   0.842
OT19 129.6600 29.2404 OT29 130.5910 28.3600 3.43 133.375  38.874 136.796
OT19 129.6600 29.2404 OT28 130.2290 28.5500 3.58  94.510  26.377 143.925
OT19 129.6600 29.2404 OT23 130.8810 29.5506 3.54 123.421  34.875  73.527
OT17 128.4090 28.0396 OT20 130.1540 29.2781 3.60 218.956  60.872  50.766
OT17 128.4090 28.0396 OT12 128.6050 29.2506 3.63 135.578  37.370   8.083
OT16 127.9510 28.2012 OT21 130.5800 29.4695 3.51 292.543  83.322  60.657
OT16 127.9510 28.2012 NOMT 131.0600 30.7369 3.54 412.195 116.374  46.262
OT14 128.4990 28.6807 GMZK 129.6510 28.4973 3.77 114.541  30.374  99.948
OT13 128.6020 29.0207 OT20 130.1540 29.2781 3.63 153.726  42.372  78.929
OT13 128.6020 29.0207 GMZK 129.6510 28.4973 3.64 117.778  32.374 119.256
OT07 128.4610 29.7510 OT34 129.4000 27.3185 3.50 284.826  81.379 160.947
OT05 128.0760 29.0927 OKED 128.6160 27.3855 3.58 196.472  54.880 164.237
OT03 128.1910 28.8611 OT19 129.6600 29.2404 3.74 149.098  39.876  73.269
OT02 127.8730 28.7925 TKRS 129.2090 29.1442 3.54 135.955  38.373  73.016
OKED 128.6160 27.3855 OT11 128.6350 29.4318 3.61 226.797  62.807   0.470
TKRS 129.2090 29.1442 NOMT 131.0600 30.7369 3.55 251.221  70.866  44.895
OT28 130.2290 28.5500 OT30 130.3310 28.1010 3.41  50.762  14.873 168.578
OT28 130.2290 28.5500 OT26 130.4990 28.8494 3.43  42.412  12.376  38.455
OT27 130.2110 28.9197 OT24 130.8400 29.4501 3.31  84.861  25.669  45.999
OT14 128.4990 28.6807 OT33 129.4500 27.5472 3.49 156.559  44.795 143.131
OT14 128.4990 28.6807 OT27 130.2110 28.9197 3.50 169.210  48.373  80.584
OT14 128.4990 28.6807 OT25 130.5810 28.9975 3.47 206.210  59.375  79.698
OT14 128.4990 28.6807 MNTN 130.8700 30.4624 3.55 302.957  85.364  48.743
OT14 128.4990 28.6807 AMG  128.9210 27.8215 3.68 103.843  28.203 156.388
OT12 128.6050 29.2506 GMZK 129.6510 28.4973 3.67 131.851  35.878 129.037
OT07 128.4610 29.7510 OT13 128.6020 29.0207 3.75  82.091  21.873 170.395
OT06 128.3050 29.3225 OT20 130.1540 29.2781 3.71 179.737  48.381  91.119
OT05 128.0760 29.0927 OT34 129.4000 27.3185 3.50 235.714  67.366 146.212
OT03 128.1910 28.8611 OT21 130.5800 29.4695 3.49 241.991  69.378  73.243
OT03 128.1910 28.8611 OKED 128.6160 27.3855 3.64 168.768  46.378 165.591
OT01 127.7730 28.6329 NOMT 131.0600 30.7369 3.54 394.441 111.298  52.955
OKED 128.6160 27.3855 OT28 130.2290 28.5500 3.34 204.546  61.315  50.509
MNTN 130.8700 30.4624 OT23 130.8810 29.5506 3.38 101.076  29.878 179.401
KGM  128.2150 26.7567 OT23 130.8810 29.5506 3.37 405.470 120.389  39.603
KGM  128.2150 26.7567 OKED 128.6160 27.3855 3.43  80.197  23.374  29.598
TKRS 129.2090 29.1442 KYK  130.4100 30.3781 3.63 179.439  49.378  40.045
OT31 129.6990 27.9990 OT26 130.4990 28.8494 3.24 122.591  37.872  39.566
OT26 130.4990 28.8494 NOMT 131.0600 30.7369 3.26 216.152  66.365  14.400
OT17 128.4090 28.0396 OT21 130.5800 29.4695 3.51 264.700  75.370  52.709
OT16 127.9510 28.2012 OT31 129.6990 27.9990 3.62 173.193  47.843  97.024
OT16 127.9510 28.2012 OKED 128.6160 27.3855 3.67 111.626  30.374 143.923
OT14 128.4990 28.6807 OT24 130.8400 29.4501 3.46 243.392  70.365  68.927
OT14 128.4990 28.6807 OT23 130.8810 29.5506 3.54 251.092  70.870  66.846
OT13 128.6020 29.0207 OT29 130.5910 28.3600 3.47 207.759  59.873 110.160
OT12 128.6050 29.2506 TAS  130.9090 31.1946 3.56 309.234  86.863  45.253
OT12 128.6050 29.2506 OT24 130.8400 29.4501 3.53 218.139  61.883  83.638
OT12 128.6050 29.2506 OT21 130.5800 29.4695 3.49 193.280  55.334  82.308
OT11 128.6350 29.4318 OT28 130.2290 28.5500 3.44 183.501  53.374 121.795
OT11 128.6350 29.4318 KYK  130.4100 30.3781 3.50 200.969  57.371  58.099
OT07 128.4610 29.7510 OT29 130.5910 28.3600 3.45 258.452  74.870 126.101
OT02 127.8730 28.7925 OT29 130.5910 28.3600 3.52 270.269  76.868  99.566
OT02 127.8730 28.7925 OKED 128.6160 27.3855 3.60 172.186  47.869 154.727
OT02 127.8730 28.7925 AMG  128.9210 27.8215 3.65 148.859  40.750 136.047
OT01 127.7730 28.6329 OT14 128.4990 28.6807 3.77  71.161  18.876  85.558
OT01 127.7730 28.6329 OT13 128.6020 29.0207 3.68  91.592  24.876  61.815
OT01 127.7730 28.6329 OT12 128.6050 29.2506 3.68 106.159  28.879  49.642
GMZK 129.6510 28.4973 NOMT 131.0600 30.7369 3.32 283.274  85.375  28.450
OT31 129.6990 27.9990 OT24 130.8400 29.4501 3.30 195.700  59.303  34.464
OT31 129.6990 27.9990 OT20 130.1540 29.2781 3.31 148.597  44.880  17.336
OT30 130.3310 28.1010 TAS  130.9090 31.1946 3.36 347.456 103.379   9.133
OT28 130.2290 28.5500 OT25 130.5810 28.9975 3.38  60.377  17.874  34.685
OT27 130.2110 28.9197 OT28 130.2290 28.5500 3.31  41.011  12.375 177.579
OT20 130.1540 29.2781 OT29 130.5910 28.3600 3.41 110.334  32.375 157.152
OT20 130.1540 29.2781 OT28 130.2290 28.5500 3.40  81.023  23.858 174.852
OT19 129.6600 29.2404 OT24 130.8400 29.4501 3.61 116.945  32.377  78.249
OT16 127.9510 28.2012 OT05 128.0760 29.0927 3.57  99.558  27.872   7.021
OT16 127.9510 28.2012 OT04 128.2550 29.0525 3.82  98.907  25.878  17.389
OT12 128.6050 29.2506 OT33 129.4500 27.5472 3.53 206.131  58.361 156.122
OT06 128.3050 29.3225 OT31 129.6990 27.9990 3.52 200.191  56.872 136.779
OT05 128.0760 29.0927 OT24 130.8400 29.4501 3.56 271.513  76.375  80.940
OT04 128.2550 29.0525 OT27 130.2110 28.9197 3.65 191.211  52.344  93.943
OT03 128.1910 28.8611 OT31 129.6990 27.9990 3.56 175.905  49.370 122.539
OT03 128.1910 28.8611 OT25 130.5810 28.9975 3.52 233.534  66.368  85.714
OT03 128.1910 28.8611 OT20 130.1540 29.2781 3.55 196.671  55.369  75.935
OT03 128.1910 28.8611 OT07 128.4610 29.7510 3.87 102.068  26.374  14.832
OT02 127.8730 28.7925 MNTN 130.8700 30.4624 3.54 344.275  97.363  56.749
OT01 127.7730 28.6329 OT31 129.6990 27.9990 3.57 201.491  56.377 109.949
OT01 127.7730 28.6329 OT06 128.3050 29.3225 3.87  92.353  23.876  34.019
KYK  130.4100 30.3781 OT21 130.5800 29.4695 3.42 102.053  29.868 170.685
AMG  128.9210 27.8215 TAS  130.9090 31.1946 3.57 420.630 117.890  26.792
AMG  128.9210 27.8215 OT25 130.5810 28.9975 3.37 208.434  61.868  50.907
TKRS 129.2090 29.1442 TAS  130.9090 31.1946 3.60 280.149  77.884  35.354
TKRS 129.2090 29.1442 OT34 129.4000 27.3185 3.51 203.205  57.860 174.644
TKRS 129.2090 29.1442 OT24 130.8400 29.4501 3.46 162.080  46.871  77.530
OT34 129.4000 27.3185 OT29 130.5910 28.3600 3.40 164.568  48.374  45.192
OT34 129.4000 27.3185 MNTN 130.8700 30.4624 3.34 376.775 112.841  22.015
OT33 129.4500 27.5472 TAS  130.9090 31.1946 3.50 428.375 122.358  18.959
OT33 129.4500 27.5472 OT27 130.2110 28.9197 3.23 169.449  52.380  25.972
OT31 129.6990 27.9990 TAS  130.9090 31.1946 3.41 373.117 109.386  18.023
OT30 130.3310 28.1010 OT21 130.5800 29.4695 3.35 153.614  45.869   9.055
OT29 130.5910 28.3600 OT24 130.8400 29.4501 3.53 123.233  34.871  11.296
OT28 130.2290 28.5500 OT21 130.5800 29.4695 3.27 107.514  32.879  18.490
OT17 128.4090 28.0396 TAS  130.9090 31.1946 3.55 425.328 119.878  34.090
OT17 128.4090 28.0396 OT11 128.6350 29.4318 3.72 155.866  41.877   8.075
OT16 127.9510 28.2012 OT29 130.5910 28.3600 3.44 259.612  75.381  85.492
OT16 127.9510 28.2012 OT25 130.5810 28.9975 3.45 271.965  78.876  70.442
OT14 128.4990 28.6807 TKRS 129.2090 29.1442 3.78  86.201  22.817  53.247
OT13 128.6020 29.0207 NOMT 131.0600 30.7369 3.54 304.269  85.855  50.698
OT12 128.6050 29.2506 OKED 128.6160 27.3855 3.64 206.707  56.819 179.716
OT12 128.6050 29.2506 NOMT 131.0600 30.7369 3.53 288.524  81.828  54.572
OT12 128.6050 29.2506 AMG  128.9210 27.8215 3.64 161.375  44.370 168.881
OT07 128.4610 29.7510 NOMT 131.0600 30.7369 3.48 272.968  78.372  65.750
OT05 128.0760 29.0927 OT29 130.5910 28.3600 3.46 258.785  74.880 107.683
OT05 128.0760 29.0927 OT28 130.2290 28.5500 3.56 218.534  61.369 105.458
OT05 128.0760 29.0927 OT17 128.4090 28.0396 3.74 121.179  32.375 164.318
OT04 128.2550 29.0525 TAS  130.9090 31.1946 3.55 349.015  98.370  46.475
OT04 128.2550 29.0525 NOMT 131.0600 30.7369 3.52 329.059  93.377  54.741
OKED 128.6160 27.3855 GMZK 129.6510 28.4973 3.49 159.905  45.871  39.360
KGM  128.2150 26.7567 OT12 128.6050 29.2506 3.58 279.024  77.874   7.813
GMZK 129.6510 28.4973 OT25 130.5810 28.9975 3.29 106.408  32.372  58.378
TKRS 129.2090 29.1442 OT21 130.5800 29.4695 3.42 138.014  40.367  74.524
OT33 129.4500 27.5472 OT30 130.3310 28.1010 3.50 106.293  30.378  54.530
OT30 130.3310 28.1010 OT23 130.8810 29.5506 3.40 169.400  49.882  18.351
OT21 130.5800 29.4695 OT25 130.5810 28.9975 3.40  52.317  15.374 179.883
OT21 130.5800 29.4695 NOMT 131.0600 30.7369 3.20 147.921  46.254  18.107
OT17 128.4090 28.0396 OT30 130.3310 28.1010 3.48 189.020  54.363  87.487
OT17 128.4090 28.0396 OT29 130.5910 28.3600 3.48 217.158  62.384  80.078
OT17 128.4090 28.0396 KYK  130.4100 30.3781 3.59 324.068  90.370  36.409
OT16 127.9510 28.2012 AMG  128.9210 27.8215 3.81 104.273  27.375 113.573
OT14 128.4990 28.6807 OT30 130.3310 28.1010 3.51 190.681  54.294 109.255
OT14 128.4990 28.6807 OT26 130.4990 28.8494 3.36 196.198  58.375  84.053
OT14 128.4990 28.6807 OT19 129.6600 29.2404 3.60 129.048  35.877  60.990
OT12 128.6050 29.2506 OT30 130.3310 28.1010 3.44 211.373  61.374 126.653
OT12 128.6050 29.2506 OT28 130.2290 28.5500 3.47 176.339  50.774 115.734
OT11 128.6350 29.4318 OT31 129.6990 27.9990 3.52 189.793  53.873 146.536
OT11 128.6350 29.4318 OT26 130.4990 28.8494 3.45 192.530  55.838 109.136
OT11 128.6350 29.4318 AMG  128.9210 27.8215 3.59 180.655  50.378 171.015
OT07 128.4610 29.7510 OT31 129.6990 27.9990 3.58 228.646  63.868 147.831
OT07 128.4610 29.7510 OT25 130.5810 28.9975 3.45 222.117  64.382 111.567
OT07 128.4610 29.7510 OT19 129.6600 29.2404 3.71 129.284  34.876 115.667
OT03 128.1910 28.8611 MNTN 130.8700 30.4624 3.54 314.269  88.877  54.961
OT03 128.1910 28.8611 GMZK 129.6510 28.4973 3.63 148.307  40.833 105.427
OT01 127.7730 28.6329 OT28 130.2290 28.5500 3.49 240.368  68.873  91.606
GMZK 129.6510 28.4973 OT26 130.4990 28.8494 3.29  91.576  27.877  64.575
AMG  128.9210 27.8215 OT30 130.3310 28.1010 3.39 142.131  41.877  77.084
TKRS 129.2090 29.1442 OT33 129.4500 27.5472 3.55 178.564  50.371 172.332
TKRS 129.2090 29.1442 OT28 130.2290 28.5500 3.58 119.334  33.371 123.251
TAS  130.9090 31.1946 NOMT 131.0600 30.7369 3.22  52.749  16.377 164.101
OT34 129.4000 27.3185 OT31 129.6990 27.9990 3.46  80.950  23.376  21.253
OT34 129.4000 27.3185 OT21 130.5800 29.4695 3.34 264.938  79.370  25.596
OT33 129.4500 27.5472 OT29 130.5910 28.3600 3.46 143.965  41.608  51.005
OT31 129.6990 27.9990 OT28 130.2290 28.5500 3.22  80.197  24.875  40.286
OT17 128.4090 28.0396 GMZK 129.6510 28.4973 3.58 132.007  36.873  67.112
OT13 128.6020 29.0207 OT31 129.6990 27.9990 3.64 156.051  42.871 136.257
OT06 128.3050 29.3225 KYK  130.4100 30.3781 3.54 234.640  66.376  59.569
OT05 128.0760 29.0927 TKRS 129.2090 29.1442 3.96 110.390  27.876  86.761
GMZK 129.6510 28.4973 OT19 129.6600 29.2404 3.60  82.367  22.873   0.580
TKRS 129.2090 29.1442 MNTN 130.8700 30.4624 3.57 217.128  60.871  47.299
OT33 129.4500 27.5472 GMZK 129.6510 28.4973 3.36 107.134  31.876  10.603
OT30 130.3310 28.1010 OT26 130.4990 28.8494 3.47  84.559  24.376  11.179
OT27 130.2110 28.9197 OT29 130.5910 28.3600 3.38  72.328  21.373 148.962
OT16 127.9510 28.2012 OT28 130.2290 28.5500 3.46 226.556  65.384  79.639
OT05 128.0760 29.0927 OT23 130.8810 29.5506 3.49 277.145  79.366  78.767
OT05 128.0760 29.0927 OT21 130.5800 29.4695 3.51 246.878  70.296  79.653
OT03 128.1910 28.8611 OT29 130.5910 28.3600 3.55 241.221  67.873 102.737
OT03 128.1910 28.8611 NOMT 131.0600 30.7369 3.54 346.637  97.837  52.440
OKED 128.6160 27.3855 OT30 130.3310 28.1010 3.47 186.778  53.873  64.484
TKRS 129.2090 29.1442 OT30 130.3310 28.1010 3.40 159.400  46.869 136.228
OT33 129.4500 27.5472 OT20 130.1540 29.2781 3.35 203.864  60.873  19.621
OT31 129.6990 27.9990 OT27 130.2110 28.9197 3.17 113.703  35.880  26.059
OT30 130.3310 28.1010 OT25 130.5810 28.9975 3.37 102.333  30.375  13.790
OT26 130.4990 28.8494 MNTN 130.8700 30.4624 3.29 182.369  55.381  11.277
OT19 129.6600 29.2404 OT26 130.4990 28.8494 3.38  92.495  27.374 117.736
OT16 127.9510 28.2012 OT23 130.8810 29.5506 3.47 322.582  92.883  61.682
OT14 128.4990 28.6807 OT28 130.2290 28.5500 3.52 169.769  48.285  94.482
OT12 128.6050 29.2506 OT29 130.5910 28.3600 3.43 217.552  63.371 116.503
OT12 128.6050 29.2506 OT25 130.5810 28.9975 3.57 194.333  54.374  97.821
OT07 128.4610 29.7510 OT26 130.4990 28.8494 3.42 221.762  64.881 116.285
OT06 128.3050 29.3225 OT24 130.8400 29.4501 3.55 246.495  69.377  86.092
OT06 128.3050 29.3225 NOMT 131.0600 30.7369 3.51 308.541  87.828  58.779
OT03 128.1910 28.8611 OT30 130.3310 28.1010 3.48 225.828  64.866 111.392
OT02 127.8730 28.7925 NOMT 131.0600 30.7369 3.52 376.127 106.885  54.261
OT02 127.8730 28.7925 KYK  130.4100 30.3781 3.56 302.178  84.881  53.819
OT01 127.7730 28.6329 GMZK 129.6510 28.4973 3.78 184.386  48.831  94.228
MNTN 130.8700 30.4624 TAS  130.9090 31.1946 3.40  81.267  23.874   2.623
KYK  130.4100 30.3781 NOMT 131.0600 30.7369 3.23  73.995  22.873  57.314
OT34 129.4000 27.3185 NOMT 131.0600 30.7369 3.33 411.922 123.849  22.712
OT31 129.6990 27.9990 MNTN 130.8700 30.4624 3.33 295.834  88.839  22.360
OT13 128.6020 29.0207 OT27 130.2110 28.9197 3.67 157.232  42.878  93.695
OT11 128.6350 29.4318 OT23 130.8810 29.5506 3.56 218.228  61.350  85.991
OT07 128.4610 29.7510 GMZK 129.6510 28.4973 3.66 180.898  49.372 139.898
OT05 128.0760 29.0927 OT20 130.1540 29.2781 3.64 203.175  55.848  83.692
OT05 128.0760 29.0927 OT19 129.6600 29.2404 3.61 154.942  42.873  83.551
KGM  128.2150 26.7567 KYK  130.4100 30.3781 3.55 455.152 128.393  27.631
GMZK 129.6510 28.4973 OT27 130.2110 28.9197 3.22  71.981  22.375  49.295
AMG  128.9210 27.8215 MNTN 130.8700 30.4624 3.44 348.761 101.325  32.472
OT17 128.4090 28.0396 NOMT 131.0600 30.7369 3.48 394.437 113.377  40.079
OT17 128.4090 28.0396 MNTN 130.8700 30.4624 3.46 359.609 103.843  41.103
OT16 127.9510 28.2012 GMZK 129.6510 28.4973 3.55 169.893  47.871  78.463
OT12 128.6050 29.2506 OT19 129.6600 29.2404 3.74 102.523  27.376  90.376
OT12 128.6050 29.2506 MNTN 130.8700 30.4624 3.57 256.771  71.884  57.902
OT11 128.6350 29.4318 MNTN 130.8700 30.4624 3.62 244.163  67.355  61.552
OT04 128.2550 29.0525 MNTN 130.8700 30.4624 3.55 297.344  83.853  57.653
OT01 127.7730 28.6329 OT29 130.5910 28.3600 3.56 277.569  77.881  95.585
TKRS 129.2090 29.1442 OT31 129.6990 27.9990 3.58 135.673  37.876 159.194
OT26 130.4990 28.8494 OT23 130.8810 29.5506 3.46  86.151  24.878  25.467
OT04 128.2550 29.0525 OT29 130.5910 28.3600 3.47 240.876  69.377 108.019
GMZK 129.6510 28.4973 OT30 130.3310 28.1010 3.41  79.825  23.375 123.219
OT11 128.6350 29.4318 OT24 130.8400 29.4501 3.57 213.970  59.868  88.918
OT07 128.4610 29.7510 OKED 128.6160 27.3855 3.60 262.606  72.865 176.664
OT06 128.3050 29.3225 OT25 130.5810 28.9975 3.57 224.356  62.880  98.686
OT06 128.3050 29.3225 MNTN 130.8700 30.4624 3.62 278.119  76.850  62.348
OT05 128.0760 29.0927 MNTN 130.8700 30.4624 3.57 309.909  86.809  59.983
OT02 127.8730 28.7925 OT26 130.4990 28.8494 3.54 256.426  72.375  87.961
OT19 129.6600 29.2404 MNTN 130.8700 30.4624 3.52 178.952  50.882  40.509
AMG  128.9210 27.8215 OT34 129.4000 27.3185 3.42  73.118  21.373 139.555
OT04 128.2550 29.0525 OT19 129.6600 29.2404 3.70 138.314  37.372  81.000
