KGM  128.2150 26.7567 OT04 128.2550 29.0525 3.39 254.446  75.124   0.864
KGM  128.2150 26.7567 GMZK 129.6510 28.4973 3.32 239.356  72.117  35.983
GMZK 129.6510 28.4973 TAS  130.9090 31.1946 3.31 322.754  97.627  21.815
GMZK 129.6510 28.4973 KYK  130.4100 30.3781 3.32 221.081  66.631  19.258
OT07 128.4610 29.7510 OT30 130.3310 28.1010 3.20 258.218  80.618 134.635
AMG  128.9210 27.8215 KYK  130.4100 30.3781 3.36 318.263  94.608  26.728
OT04 128.2550 29.0525 OT26 130.4990 28.8494 3.16 219.937  69.622  95.333
OT04 128.2550 29.0525 KYK  130.4100 30.3781 3.33 255.097  76.629  54.303
OT14 128.4990 28.6807 KYK  130.4100 30.3781 3.38 264.016  78.134  44.087
OT02 127.8730 28.7925 OT28 130.2290 28.5500 3.21 231.858  72.118  96.093
KGM  128.2150 26.7567 OT29 130.5910 28.3600 2.95 294.320  99.634  52.328
OT34 129.4000 27.3185 OT27 130.2110 28.9197 2.94 194.496  66.110  23.981
OT02 127.8730 28.7925 OT27 130.2110 28.9197 3.28 228.598  69.631  85.903
KGM  128.2150 26.7567 OT24 130.8400 29.4501 3.09 394.467 127.618  40.225
OT28 130.2290 28.5500 NOMT 131.0600 30.7369 2.93 255.433  87.119  18.170
OT17 128.4090 28.0396 OT24 130.8400 29.4501 3.23 284.272  88.119  56.063
OT04 128.2550 29.0525 OT30 130.3310 28.1010 3.15 228.867  72.633 116.939
KGM  128.2150 26.7567 OT33 129.4500 27.5472 3.01 150.507  50.069  54.132
KGM  128.2150 26.7567 OT14 128.4990 28.6807 3.35 215.037  64.133   7.413
OT28 130.2290 28.5500 TAS  130.9090 31.1946 3.03 300.437  99.121  12.474
OT11 128.6350 29.4318 OT34 129.4000 27.3185 3.19 245.935  77.120 162.052
OT04 128.2550 29.0525 OT34 129.4000 27.3185 3.24 222.676  68.621 149.381
KGM  128.2150 26.7567 OT20 130.1540 29.2781 3.30 338.279 102.633  33.865
OT27 130.2110 28.9197 TAS  130.9090 31.1946 3.14 261.015  83.126  14.778
OT20 130.1540 29.2781 TAS  130.9090 31.1946 3.22 224.538  69.624  18.694
OT01 127.7730 28.6329 OT34 129.4000 27.3185 3.20 216.441  67.617 131.914
KYK  130.4100 30.3781 OT25 130.5810 28.9975 2.92 153.933  52.627 173.771
KGM  128.2150 26.7567 OT28 130.2290 28.5500 3.00 280.989  93.632  44.532
KGM  128.2150 26.7567 OT06 128.3050 29.3225 3.40 284.480  83.621   1.758
OT34 129.4000 27.3185 OT28 130.2290 28.5500 2.73 158.962  58.121  30.657
OT34 129.4000 27.3185 KYK  130.4100 30.3781 3.18 353.116 111.113  15.957
OT29 130.5910 28.3600 TAS  130.9090 31.1946 2.88 315.713 109.623   5.510
OT28 130.2290 28.5500 KYK  130.4100 30.3781 3.03 203.394  67.127   4.913
OT25 130.5810 28.9975 TAS  130.9090 31.1946 3.01 245.602  81.622   7.315
OT21 130.5800 29.4695 TAS  130.9090 31.1946 3.10 193.842  62.631   9.314
OT14 128.4990 28.6807 OT20 130.1540 29.2781 3.28 174.381  53.118  67.287
OT13 128.6020 29.0207 OT24 130.8400 29.4501 3.15 222.742  70.622  77.120
OT03 128.1910 28.8611 KGM  128.2150 26.7567 3.35 233.215  69.616 179.411
OT01 127.7730 28.6329 KGM  128.2150 26.7567 3.29 212.434  64.629 168.052
AMG  128.9210 27.8215 OT21 130.5800 29.4695 3.19 244.263  76.595  41.213
OT27 130.2110 28.9197 KYK  130.4100 30.3781 3.15 162.802  51.618   6.745
OT24 130.8400 29.4501 TAS  130.9090 31.1946 2.97 193.506  65.132   1.951
OT20 130.1540 29.2781 NOMT 131.0600 30.7369 3.11 183.816  59.124  28.162
OT16 127.9510 28.2012 OT20 130.1540 29.2781 3.30 246.087  74.617  60.464
OT14 128.4990 28.6807 OT34 129.4000 27.3185 3.18 175.069  55.105 149.361
OT13 128.6020 29.0207 OT34 129.4000 27.3185 3.21 204.294  63.623 157.236
OT10 128.8440 29.6621 NOMT 131.0600 30.7369 3.25 244.431  75.117  60.276
OT06 128.3050 29.3225 TAS  130.9090 31.1946 3.32 325.370  98.121  49.725
KYK  130.4100 30.3781 OT29 130.5910 28.3600 2.91 224.384  77.134 175.451
KYK  130.4100 30.3781 OT23 130.8810 29.5506 3.09 102.390  33.116 153.505
KGM  128.2150 26.7567 OT34 129.4000 27.3185 2.95 133.056  45.119  61.839
KGM  128.2150 26.7567 OT30 130.3310 28.1010 2.90 256.800  88.613  54.065
KGM  128.2150 26.7567 OT21 130.5800 29.4695 3.20 379.947 118.622  37.154
KGM  128.2150 26.7567 OT07 128.4610 29.7510 3.39 332.717  98.118   4.103
OT33 129.4500 27.5472 KYK  130.4100 30.3781 3.24 327.410 101.115  16.374
OT31 129.6990 27.9990 KYK  130.4100 30.3781 3.22 272.614  84.636  14.525
OT11 128.6350 29.4318 OT29 130.5910 28.3600 3.03 224.778  74.135 121.429
OT07 128.4610 29.7510 OT33 129.4500 27.5472 3.34 262.679  78.623 158.169
OT02 127.8730 28.7925 OT19 129.6600 29.2404 3.29 181.072  55.121  73.658
KGM  128.2150 26.7567 TKRS 129.2090 29.1442 3.29 282.067  85.631  20.052
KGM  128.2150 26.7567 OT27 130.2110 28.9197 3.17 309.992  97.635  38.899
KGM  128.2150 26.7567 OT25 130.5810 28.9975 3.05 340.488 111.635  42.631
KGM  128.2150 26.7567 AMG  128.9210 27.8215 3.26 137.132  42.130  30.480
OT17 128.4090 28.0396 OT27 130.2110 28.9197 3.24 201.591  62.124  60.639
OT11 128.6350 29.4318 OT27 130.2110 28.9197 3.26 163.481  50.132 109.932
OT07 128.4610 29.7510 OT28 130.2290 28.5500 3.19 217.460  68.127 127.312
OT06 128.3050 29.3225 OT30 130.3310 28.1010 3.11 239.806  77.133 123.882
OT02 127.8730 28.7925 KGM  128.2150 26.7567 3.35 228.114  68.134 171.404
OT01 127.7730 28.6329 OT33 129.4500 27.5472 3.23 204.049  63.134 125.736
OT01 127.7730 28.6329 OT24 130.8400 29.4501 3.18 312.143  98.127  72.396
AMG  128.9210 27.8215 NOMT 131.0600 30.7369 3.17 384.202 121.123  32.235
OT16 127.9510 28.2012 OT34 129.4000 27.3185 3.14 173.145  55.124 124.060
OT04 128.2550 29.0525 OT24 130.8400 29.4501 3.16 255.146  80.615  79.427
OT04 128.2550 29.0525 OT17 128.4090 28.0396 3.53 113.273  32.125 172.287
OKED 128.6160 27.3855 OT27 130.2110 28.9197 3.16 231.212  73.099  42.291
KYK  130.4100 30.3781 TAS  130.9090 31.1946 3.34 102.368  30.619  27.710
KGM  128.2150 26.7567 OT13 128.6020 29.0207 3.29 253.763  77.132   8.538
OT21 130.5800 29.4695 OT29 130.5910 28.3600 2.67 122.976  46.128 179.488
OT20 130.1540 29.2781 MNTN 130.8700 30.4624 3.12 148.379  47.618  27.606
OT20 130.1540 29.2781 KYK  130.4100 30.3781 3.22 124.410  38.625  11.386
OT16 127.9510 28.2012 TKRS 129.2090 29.1442 3.35 161.354  48.122  49.331
OT16 127.9510 28.2012 OT24 130.8400 29.4501 3.22 314.099  97.637  63.166
OT13 128.6020 29.0207 OT33 129.4500 27.5472 3.24 183.277  56.619 152.797
OT11 128.6350 29.4318 TAS  130.9090 31.1946 3.31 293.316  88.615  47.659
OT11 128.6350 29.4318 OT30 130.3310 28.1010 3.12 221.783  71.130 131.276
OT07 128.4610 29.7510 AMG  128.9210 27.8215 3.31 218.517  66.077 168.030
OT06 128.3050 29.3225 OT29 130.5910 28.3600 3.12 247.299  79.136 115.002
OT03 128.1910 28.8611 KYK  130.4100 30.3781 3.30 272.847  82.631  51.415
OT01 127.7730 28.6329 OT30 130.3310 28.1010 3.26 257.563  79.128 102.623
OT01 127.7730 28.6329 OT27 130.2110 28.9197 3.31 240.155  72.620  81.812
OT01 127.7730 28.6329 OT19 129.6600 29.2404 3.29 195.892  59.632  69.444
OT30 130.3310 28.1010 KYK  130.4100 30.3781 2.93 252.511  86.122   1.722
OT26 130.4990 28.8494 TAS  130.9090 31.1946 2.89 262.968  91.118   8.555
OT25 130.5810 28.9975 NOMT 131.0600 30.7369 2.98 198.290  66.630  13.376
OT16 127.9510 28.2012 KGM  128.2150 26.7567 3.34 162.181  48.630 170.678
OT13 128.6020 29.0207 KYK  130.4100 30.3781 3.29 230.762  70.119  48.864
OT07 128.4610 29.7510 OT27 130.2110 28.9197 3.33 193.305  58.119 118.039
OT06 128.3050 29.3225 OT28 130.2290 28.5500 3.24 206.164  63.631 114.072
OT06 128.3050 29.3225 GMZK 129.6510 28.4973 3.43 160.013  46.610 124.536
OT02 127.8730 28.7925 OT11 128.6350 29.4318 3.35 102.597  30.626  46.135
OT02 127.8730 28.7925 OT07 128.4610 29.7510 3.43 120.666  35.128  28.161
OT01 127.7730 28.6329 OT11 128.6350 29.4318 3.33 122.008  36.628  43.262
KGM  128.2150 26.7567 OT19 129.6600 29.2404 3.31 309.753  93.638  26.973
AMG  128.9210 27.8215 OT28 130.2290 28.5500 3.03 151.657  50.118  57.530
OT34 129.4000 27.3185 OT26 130.4990 28.8494 2.73 201.094  73.634  32.216
OT34 129.4000 27.3185 OT20 130.1540 29.2781 3.05 229.415  75.120  18.628
OT33 129.4500 27.5472 OT25 130.5810 28.9975 2.87 195.321  68.080  34.361
OT28 130.2290 28.5500 OT24 130.8400 29.4501 2.63 116.202  44.133  30.701
OT24 130.8400 29.4501 NOMT 131.0600 30.7369 2.91 144.219  49.628   8.401
OT23 130.8810 29.5506 NOMT 131.0600 30.7369 2.85 132.637  46.556   7.427
OT17 128.4090 28.0396 OT28 130.2290 28.5500 3.19 187.217  58.634  71.987
OT16 127.9510 28.2012 OT12 128.6050 29.2506 3.39 132.709  39.124  28.633
OT13 128.6020 29.0207 OT30 130.3310 28.1010 3.13 197.517  63.084 120.654
OT13 128.6020 29.0207 OT28 130.2290 28.5500 3.24 167.186  51.617 107.791
OT07 128.4610 29.7510 KYK  130.4100 30.3781 3.28 200.335  61.134  69.213
OT05 128.0760 29.0927 OT30 130.3310 28.1010 3.20 246.414  77.101 115.949
OT04 128.2550 29.0525 OT33 129.4500 27.5472 3.23 203.906  63.129 144.614
OT04 128.2550 29.0525 GMZK 129.6510 28.4973 3.35 149.628  44.625 113.948
OT03 128.1910 28.8611 OT33 129.4500 27.5472 3.20 190.989  59.628 139.377
OT03 128.1910 28.8611 AMG  128.9210 27.8215 3.38 135.641  40.130 147.975
OT02 127.8730 28.7925 OT33 129.4500 27.5472 3.23 207.473  64.134 131.322
OT02 127.8730 28.7925 OT24 130.8400 29.4501 3.23 297.867  92.133  75.121
OT01 127.7730 28.6329 OT07 128.4610 29.7510 3.47 140.844  40.624  28.204
OKED 128.6160 27.3855 TKRS 129.2090 29.1442 3.36 203.416  60.595  16.487
OKED 128.6160 27.3855 KYK  130.4100 30.3781 3.35 375.013 112.112  27.392
KGM  128.2150 26.7567 OT26 130.4990 28.8494 3.07 323.125 105.115  43.614
OT34 129.4000 27.3185 GMZK 129.6510 28.4973 3.08 132.946  43.122  10.650
OT33 129.4500 27.5472 OT23 130.8810 29.5506 2.91 262.504  90.115  31.904
OT19 129.6600 29.2404 TAS  130.9090 31.1946 3.37 247.779  73.634  28.729
OT19 129.6600 29.2404 NOMT 131.0600 30.7369 3.19 213.951  67.069  38.816
OT17 128.4090 28.0396 OT33 129.4500 27.5472 3.22 116.181  36.115 117.770
OT16 127.9510 28.2012 OT19 129.6600 29.2404 3.32 202.820  61.127  54.993
OT13 128.6020 29.0207 TAS  130.9090 31.1946 3.26 327.902 100.614  42.132
OT13 128.6020 29.0207 OT25 130.5810 28.9975 3.18 192.869  60.632  90.286
OT12 128.6050 29.2506 OT31 129.6990 27.9990 3.33 175.139  52.610 142.112
OT06 128.3050 29.3225 OT33 129.4500 27.5472 3.30 226.475  68.629 150.039
OT06 128.3050 29.3225 OT27 130.2110 28.9197 3.34 190.787  57.122 103.070
OT06 128.3050 29.3225 AMG  128.9210 27.8215 3.33 176.941  53.119 159.934
OT03 128.1910 28.8611 OT28 130.2290 28.5500 3.20 202.054  63.122  99.337
OT02 127.8730 28.7925 OT20 130.1540 29.2781 3.36 228.681  68.121  75.838
OT01 127.7730 28.6329 OKED 128.6160 27.3855 3.35 161.174  48.126 148.862
OKED 128.6160 27.3855 OT20 130.1540 29.2781 3.27 258.373  79.134  35.368
GMZK 129.6510 28.4973 OT21 130.5800 29.4695 3.08 140.725  45.631  39.807
OT19 129.6600 29.2404 OT30 130.3310 28.1010 3.02 142.296  47.118 152.393
OT19 129.6600 29.2404 KYK  130.4100 30.3781 3.37 145.463  43.126  29.707
OT17 128.4090 28.0396 OT34 129.4000 27.3185 3.11 126.280  40.631 129.026
OT16 127.9510 28.2012 TAS  130.9090 31.1946 3.28 438.193 133.636  40.067
OT16 127.9510 28.2012 OT33 129.4500 27.5472 3.18 164.437  51.629 115.801
OT16 127.9510 28.2012 OT30 130.3310 28.1010 3.18 234.014  73.636  92.161
OT16 127.9510 28.2012 OT11 128.6350 29.4318 3.40 151.842  44.615  25.910
OT12 128.6050 29.2506 OT34 129.4000 27.3185 3.23 227.887  70.619 159.796
OT11 128.6350 29.4318 OT33 129.4500 27.5472 3.26 223.596  68.630 158.891
OT07 128.4610 29.7510 OT24 130.8400 29.4501 3.18 232.842  73.129  97.650
OT07 128.4610 29.7510 OT21 130.5800 29.4695 3.32 207.595  62.623  98.123
OT07 128.4610 29.7510 OT14 128.4990 28.6807 3.43 118.689  34.623 178.216
OT06 128.3050 29.3225 OT34 129.4000 27.3185 3.28 246.705  75.123 153.927
OT06 128.3050 29.3225 OT17 128.4090 28.0396 3.42 142.549  41.620 175.878
OT05 128.0760 29.0927 OT33 129.4500 27.5472 3.27 217.920  66.622 141.483
OT05 128.0760 29.0927 OT27 130.2110 28.9197 3.34 208.880  62.633  94.751
OT05 128.0760 29.0927 KGM  128.2150 26.7567 3.36 259.234  77.130 176.940
OT04 128.2550 29.0525 OT31 129.6990 27.9990 3.30 183.333  55.589 129.212
OT04 128.2550 29.0525 OT28 130.2290 28.5500 3.34 200.595  60.130 105.645
OT03 128.1910 28.8611 OT34 129.4000 27.3185 3.20 208.204  65.125 144.907
OT03 128.1910 28.8611 OT24 130.8400 29.4501 3.18 265.862  83.631  75.146
OT02 127.8730 28.7925 OT31 129.6990 27.9990 3.37 199.404  59.118 115.734
OT02 127.8730 28.7925 OT25 130.5810 28.9975 3.27 265.169  81.116  84.435
OT02 127.8730 28.7925 GMZK 129.6510 28.4973 3.39 176.966  52.125 100.229
OT01 127.7730 28.6329 MNTN 130.8700 30.4624 3.31 362.224 109.599  55.206
OT01 127.7730 28.6329 KYK  130.4100 30.3781 3.34 320.577  96.125  52.246
OKED 128.6160 27.3855 OT31 129.6990 27.9990 3.08 126.633  41.128  57.278
KYK  130.4100 30.3781 OT26 130.4990 28.8494 2.97 169.670  57.070 177.063
KYK  130.4100 30.3781 OT24 130.8400 29.4501 2.99 110.945  37.130 157.897
AMG  128.9210 27.8215 OT27 130.2110 28.9197 3.18 175.488  55.133  45.785
OT34 129.4000 27.3185 OT30 130.3310 28.1010 2.77 126.256  45.580  46.409
OT33 129.4500 27.5472 OT28 130.2290 28.5500 2.80 134.943  48.125  34.379
OT33 129.4500 27.5472 OT21 130.5800 29.4695 2.96 240.053  81.126  27.176
OT31 129.6990 27.9990 OT23 130.8810 29.5506 2.87 207.128  72.120  33.596
OT31 129.6990 27.9990 OT21 130.5800 29.4695 2.85 184.322  64.584  27.638
OT27 130.2110 28.9197 OT30 130.3310 28.1010 2.57  91.492  35.545 172.595
OT24 130.8400 29.4501 MNTN 130.8700 30.4624 2.91 112.248  38.626   1.475
OT21 130.5800 29.4695 MNTN 130.8700 30.4624 3.10 113.566  36.622  14.201
OT19 129.6600 29.2404 OT31 129.6990 27.9990 3.15 137.637  43.625 178.411
OT16 127.9510 28.2012 OT26 130.4990 28.8494 3.20 259.515  81.124  73.327
OT16 127.9510 28.2012 OT07 128.4610 29.7510 3.37 178.822  53.134  16.019
OT14 128.4990 28.6807 OKED 128.6160 27.3855 3.38 143.997  42.628 175.404
OT13 128.6020 29.0207 AMG  128.9210 27.8215 3.45 136.538  39.622 166.676
OT11 128.6350 29.4318 OT21 130.5800 29.4695 3.25 188.764  58.117  88.256
OT11 128.6350 29.4318 GMZK 129.6510 28.4973 3.29 143.336  43.620 136.024
OT05 128.0760 29.0927 NOMT 131.0600 30.7369 3.28 340.942 104.073  56.952
OT04 128.2550 29.0525 OT21 130.5800 29.4695 3.27 230.696  70.636  77.879
OT04 128.2550 29.0525 AMG  128.9210 27.8215 3.35 151.250  45.095 154.265
OT03 128.1910 28.8611 TAS  130.9090 31.1946 3.27 368.285 112.625  44.717
OT02 127.8730 28.7925 OT34 129.4000 27.3185 3.28 221.909  67.635 137.039
OT02 127.8730 28.7925 OT30 130.3310 28.1010 3.16 252.703  80.020 107.068
OT01 127.7730 28.6329 TKRS 129.2090 29.1442 3.39 151.073  44.617  67.624
OKED 128.6160 27.3855 OT24 130.8400 29.4501 3.08 315.990 102.594  43.085
KGM  128.2150 26.7567 OT31 129.6990 27.9990 3.11 201.206  64.634  46.494
KGM  128.2150 26.7567 OT17 128.4090 28.0396 3.33 143.447  43.113   7.643
AMG  128.9210 27.8215 TKRS 129.2090 29.1442 3.42 149.277  43.623  10.808
OT34 129.4000 27.3185 OT19 129.6600 29.2404 3.17 214.509  67.626   6.755
OT17 128.4090 28.0396 OT31 129.6990 27.9990 3.33 126.895  38.130  91.730
OT17 128.4090 28.0396 OT19 129.6600 29.2404 3.43 180.734  52.631  42.282
OT17 128.4090 28.0396 OT13 128.6020 29.0207 3.33 110.356  33.130   9.790
OT16 127.9510 28.2012 OT27 130.2110 28.9197 3.26 235.014  72.134  69.660
OT16 127.9510 28.2012 KYK  130.4100 30.3781 3.33 339.529 102.114  44.123
OT14 128.4990 28.6807 TAS  130.9090 31.1946 3.25 363.023 111.631  39.271
OT14 128.4990 28.6807 OT21 130.5800 29.4695 3.22 220.685  68.578  66.161
OT13 128.6020 29.0207 OKED 128.6160 27.3855 3.35 181.228  54.130 179.567
OT06 128.3050 29.3225 OT21 130.5800 29.4695 3.30 221.431  67.121  85.225
OT05 128.0760 29.0927 OT31 129.6990 27.9990 3.30 199.764  60.626 126.968
OT05 128.0760 29.0927 GMZK 129.6510 28.4973 3.38 167.349  49.585 112.845
OT03 128.1910 28.8611 OT17 128.4090 28.0396 3.52  93.517  26.537 166.742
OT01 127.7730 28.6329 OT17 128.4090 28.0396 3.28  90.630  27.623 136.360
OKED 128.6160 27.3855 OT26 130.4990 28.8494 3.02 246.082  81.619  48.319
OKED 128.6160 27.3855 OT25 130.5810 28.9975 3.02 262.978  87.137  46.752
OT20 130.1540 29.2781 OT30 130.3310 28.1010 2.73 131.596  48.133 172.422
OT17 128.4090 28.0396 TKRS 129.2090 29.1442 3.41 145.276  42.628  32.385
OT17 128.4090 28.0396 OT25 130.5810 28.9975 3.14 237.636  75.632  62.953
OT17 128.4090 28.0396 OT07 128.4610 29.7510 3.45 189.750  55.064   1.519
OT16 127.9510 28.2012 MNTN 130.8700 30.4624 3.33 378.385 113.561  47.820
OT14 128.4990 28.6807 OT31 129.6990 27.9990 3.28 139.803  42.623 122.426
OT14 128.4990 28.6807 NOMT 131.0600 30.7369 3.31 336.684 101.625  46.770
OT13 128.6020 29.0207 OT21 130.5800 29.4695 3.17 198.634  62.582  75.018
OT12 128.6050 29.2506 KYK  130.4100 30.3781 3.30 214.582  65.124  53.935
OT11 128.6350 29.4318 OT25 130.5810 28.9975 3.17 195.285  61.624 103.796
OT07 128.4610 29.7510 TAS  130.9090 31.1946 3.32 284.364  85.626  55.140
OT05 128.0760 29.0927 TAS  130.9090 31.1946 3.32 358.859 108.123  48.814
OT05 128.0760 29.0927 KYK  130.4100 30.3781 3.35 266.957  79.617  57.172
OT03 128.1910 28.8611 OT27 130.2110 28.9197 3.33 197.120  59.124  87.627
OT02 127.8730 28.7925 TAS  130.9090 31.1946 3.32 395.898 119.139  46.991
OT02 127.8730 28.7925 OT21 130.5800 29.4695 3.28 273.961  83.627  73.451
OT02 127.8730 28.7925 OT17 128.4090 28.0396 3.39  98.630  29.129 147.652
OT01 127.7730 28.6329 TAS  130.9090 31.1946 3.32 415.117 125.111  46.074
OT01 127.7730 28.6329 OT25 130.5810 28.9975 3.20 277.060  86.635  80.942
OKED 128.6160 27.3855 OT21 130.5800 29.4695 3.19 300.631  94.094  39.343
OKED 128.6160 27.3855 OT19 129.6600 29.2404 3.35 229.670  68.599  26.238
KGM  128.2150 26.7567 OT11 128.6350 29.4318 3.32 299.312  90.127   7.821
OT34 129.4000 27.3185 OT23 130.8810 29.5506 2.92 286.760  98.138  30.039
OT33 129.4500 27.5472 OT26 130.4990 28.8494 2.81 177.287  63.114  35.266
OT33 129.4500 27.5472 OT19 129.6600 29.2404 3.25 188.775  58.120   6.206
OT25 130.5810 28.9975 MNTN 130.8700 30.4624 2.91 164.766  56.621   9.699
OT23 130.8810 29.5506 TAS  130.9090 31.1946 2.98 182.272  61.124   0.842
OT19 129.6600 29.2404 OT29 130.5910 28.3600 2.92 133.375  45.629 136.796
OT19 129.6600 29.2404 OT28 130.2290 28.5500 3.04  94.510  31.130 143.925
OT19 129.6600 29.2404 OT23 130.8810 29.5506 3.12 123.421  39.622  73.527
OT17 128.4090 28.0396 OT20 130.1540 29.2781 3.34 218.956  65.634  50.766
OT17 128.4090 28.0396 OT12 128.6050 29.2506 3.38 135.578  40.124   8.083
OT16 127.9510 28.2012 OT21 130.5800 29.4695 3.27 292.543  89.600  60.657
OT14 128.4990 28.6807 GMZK 129.6510 28.4973 3.31 114.541  34.625  99.948
OT13 128.6020 29.0207 OT20 130.1540 29.2781 3.41 153.726  45.121  78.929
OT13 128.6020 29.0207 GMZK 129.6510 28.4973 3.40 117.778  34.620 119.256
OT07 128.4610 29.7510 OT34 129.4000 27.3185 3.25 284.826  87.612 160.947
OT05 128.0760 29.0927 OKED 128.6160 27.3855 3.35 196.472  58.631 164.237
OT03 128.1910 28.8611 OT19 129.6600 29.2404 3.30 149.098  45.127  73.269
OT02 127.8730 28.7925 TKRS 129.2090 29.1442 3.43 135.955  39.625  73.016
OKED 128.6160 27.3855 OT11 128.6350 29.4318 3.41 226.797  66.548   0.470
TKRS 129.2090 29.1442 NOMT 131.0600 30.7369 3.24 251.221  77.609  44.895
OT28 130.2290 28.5500 OT30 130.3310 28.1010 2.59  50.762  19.622 168.578
OT28 130.2290 28.5500 OT26 130.4990 28.8494 2.63  42.412  16.126  38.455
OT27 130.2110 28.9197 OT24 130.8400 29.4501 2.88  84.861  29.466  45.999
OT16 127.9510 28.2012 OT06 128.3050 29.3225 3.39 128.992  38.006  15.457
OT14 128.4990 28.6807 OT33 129.4500 27.5472 3.22 156.559  48.560 143.131
OT14 128.4990 28.6807 OT27 130.2110 28.9197 3.21 169.210  52.631  80.584
OT14 128.4990 28.6807 OT25 130.5810 28.9975 3.14 206.210  65.630  79.698
OT14 128.4990 28.6807 MNTN 130.8700 30.4624 3.36 302.957  90.112  48.743
OT14 128.4990 28.6807 AMG  128.9210 27.8215 3.40 103.843  30.506 156.388
OT12 128.6050 29.2506 GMZK 129.6510 28.4973 3.33 131.851  39.631 129.037
OT07 128.4610 29.7510 OT13 128.6020 29.0207 3.47  82.091  23.623 170.395
OT06 128.3050 29.3225 OT20 130.1540 29.2781 3.55 179.737  50.630  91.119
OT05 128.0760 29.0927 OT34 129.4000 27.3185 3.22 235.714  73.135 146.212
OT05 128.0760 29.0927 OT11 128.6350 29.4318 3.37  66.040  19.626  55.174
OT04 128.2550 29.0525 OT23 130.8810 29.5506 3.20 261.075  81.637  77.154
OT03 128.1910 28.8611 OT21 130.5800 29.4695 3.22 241.991  75.129  73.243
OT03 128.1910 28.8611 OKED 128.6160 27.3855 3.37 168.768  50.124 165.591
OT01 127.7730 28.6329 OT05 128.0760 29.0927 3.34  58.915  17.624  30.046
OT01 127.7730 28.6329 NOMT 131.0600 30.7369 3.30 394.441 119.600  52.955
OKED 128.6160 27.3855 OT28 130.2290 28.5500 3.10 204.546  66.089  50.509
MNTN 130.8700 30.4624 OT23 130.8810 29.5506 2.88 101.076  35.120 179.401
KGM  128.2150 26.7567 OT23 130.8810 29.5506 3.09 405.470 131.135  39.603
KGM  128.2150 26.7567 OKED 128.6160 27.3855 3.19  80.197  25.124  29.598
TKRS 129.2090 29.1442 KYK  130.4100 30.3781 3.48 179.439  51.622  40.045
OT31 129.6990 27.9990 OT26 130.4990 28.8494 2.75 122.591  44.627  39.566
OT19 129.6600 29.2404 OT21 130.5800 29.4695 3.08  92.893  30.121  73.911
OT17 128.4090 28.0396 OT21 130.5800 29.4695 3.32 264.700  79.633  52.709
OT16 127.9510 28.2012 OT31 129.6990 27.9990 3.42 173.193  50.612  97.024
OT16 127.9510 28.2012 OKED 128.6160 27.3855 3.32 111.626  33.622 143.923
OT14 128.4990 28.6807 OT24 130.8400 29.4501 3.24 243.392  75.121  68.927
OT14 128.4990 28.6807 OT23 130.8810 29.5506 3.17 251.092  79.134  66.846
OT13 128.6020 29.0207 OT29 130.5910 28.3600 3.05 207.759  68.118 110.160
OT12 128.6050 29.2506 TAS  130.9090 31.1946 3.29 309.234  94.135  45.253
OT12 128.6050 29.2506 OT24 130.8400 29.4501 3.23 218.139  67.619  83.638
OT12 128.6050 29.2506 OT21 130.5800 29.4695 3.30 193.280  58.605  82.308
OT11 128.6350 29.4318 OT28 130.2290 28.5500 3.18 183.501  57.632 121.795
OT11 128.6350 29.4318 KYK  130.4100 30.3781 3.32 200.969  60.624  58.099
OT07 128.4610 29.7510 OT29 130.5910 28.3600 3.11 258.452  83.130 126.101
OT02 127.8730 28.7925 OT29 130.5910 28.3600 3.07 270.269  88.122  99.566
OT02 127.8730 28.7925 OT14 128.4990 28.6807 3.76  62.442  16.625 101.296
OT02 127.8730 28.7925 OT04 128.2550 29.0525 3.22  47.103  14.624  52.189
OT02 127.8730 28.7925 OKED 128.6160 27.3855 3.40 172.186  50.628 154.727
OT02 127.8730 28.7925 AMG  128.9210 27.8215 3.42 148.859  43.539 136.047
OT01 127.7730 28.6329 OT20 130.1540 29.2781 3.37 242.882  72.115  72.306
OT01 127.7730 28.6329 OT14 128.4990 28.6807 3.29  71.161  21.623  85.558
OT01 127.7730 28.6329 OT13 128.6020 29.0207 3.26  91.592  28.122  61.815
OT01 127.7730 28.6329 OT12 128.6050 29.2506 3.31 106.159  32.121  49.642
GMZK 129.6510 28.4973 NOMT 131.0600 30.7369 3.08 283.274  92.122  28.450
OT31 129.6990 27.9990 OT29 130.5910 28.3600 2.63  96.350  36.579  65.257
OT31 129.6990 27.9990 OT24 130.8400 29.4501 2.92 195.700  67.066  34.464
OT31 129.6990 27.9990 OT20 130.1540 29.2781 3.09 148.597  48.121  17.336
OT30 130.3310 28.1010 TAS  130.9090 31.1946 2.92 347.456 119.114   9.133
OT28 130.2290 28.5500 OT25 130.5810 28.9975 2.40  60.377  25.126  34.685
OT27 130.2110 28.9197 OT28 130.2290 28.5500 2.71  41.011  15.128 177.579
OT20 130.1540 29.2781 OT29 130.5910 28.3600 2.72 110.334  40.624 157.152
OT20 130.1540 29.2781 OT28 130.2290 28.5500 2.88  81.023  28.114 174.852
OT19 129.6600 29.2404 OT24 130.8400 29.4501 3.03 116.945  38.621  78.249
OT16 127.9510 28.2012 OT13 128.6020 29.0207 3.40 110.901  32.621  34.864
OT16 127.9510 28.2012 OT05 128.0760 29.0927 3.31  99.558  30.123   7.021
OT16 127.9510 28.2012 OT04 128.2550 29.0525 3.40  98.907  29.125  17.389
OT12 128.6050 29.2506 OT33 129.4500 27.5472 3.27 206.131  63.134 156.122
OT06 128.3050 29.3225 OT31 129.6990 27.9990 3.30 200.191  60.627 136.779
OT05 128.0760 29.0927 OT24 130.8400 29.4501 3.21 271.513  84.636  80.940
OT04 128.2550 29.0525 OT27 130.2110 28.9197 3.41 191.211  56.123  93.943
OT04 128.2550 29.0525 OT07 128.4610 29.7510 3.46  79.978  23.122  14.470
OT03 128.1910 28.8611 OT31 129.6990 27.9990 3.31 175.905  53.127 122.539
OT03 128.1910 28.8611 OT25 130.5810 28.9975 3.22 233.534  72.607  85.714
OT03 128.1910 28.8611 OT20 130.1540 29.2781 3.33 196.671  59.131  75.935
OT03 128.1910 28.8611 OT07 128.4610 29.7510 3.39 102.068  30.126  14.832
OT01 127.7730 28.6329 OT31 129.6990 27.9990 3.38 201.491  59.630 109.949
OT01 127.7730 28.6329 OT06 128.3050 29.3225 3.40  92.353  27.123  34.019
KYK  130.4100 30.3781 OT21 130.5800 29.4695 3.08 102.053  33.113 170.685
AMG  128.9210 27.8215 TAS  130.9090 31.1946 3.38 420.630 124.631  26.792
TKRS 129.2090 29.1442 TAS  130.9090 31.1946 3.43 280.149  81.628  35.354
TKRS 129.2090 29.1442 OT34 129.4000 27.3185 3.22 203.205  63.107 174.644
TKRS 129.2090 29.1442 OT24 130.8400 29.4501 3.08 162.080  52.623  77.530
OT34 129.4000 27.3185 OT29 130.5910 28.3600 3.07 164.568  53.623  45.192
OT33 129.4500 27.5472 OT27 130.2110 28.9197 2.99 169.449  56.634  25.972
OT30 130.3310 28.1010 OT21 130.5800 29.4695 2.67 153.614  57.620   9.055
OT28 130.2290 28.5500 OT29 130.5910 28.3600 2.82  41.297  14.624 120.571
OT28 130.2290 28.5500 OT21 130.5800 29.4695 2.78 107.514  38.619  18.490
OT25 130.5810 28.9975 OT24 130.8400 29.4501 3.18  56.127  17.622  26.584
OT17 128.4090 28.0396 TAS  130.9090 31.1946 3.45 425.328 123.141  34.090
OT17 128.4090 28.0396 OT11 128.6350 29.4318 3.38 155.866  46.128   8.075
OT16 127.9510 28.2012 OT29 130.5910 28.3600 3.07 259.612  84.619  85.492
OT16 127.9510 28.2012 OT25 130.5810 28.9975 3.14 271.965  86.613  70.442
OT14 128.4990 28.6807 TKRS 129.2090 29.1442 3.30  86.201  26.090  53.247
OT13 128.6020 29.0207 OT19 129.6600 29.2404 3.40 105.811  31.125  76.439
OT13 128.6020 29.0207 NOMT 131.0600 30.7369 3.29 304.269  92.624  50.698
OT12 128.6050 29.2506 OKED 128.6160 27.3855 3.38 206.707  61.084 179.716
OT12 128.6050 29.2506 NOMT 131.0600 30.7369 3.26 288.524  88.613  54.572
OT06 128.3050 29.3225 OT23 130.8810 29.5506 3.22 251.221  78.116  83.595
OT05 128.0760 29.0927 OT29 130.5910 28.3600 3.13 258.785  82.626 107.683
OT05 128.0760 29.0927 OT28 130.2290 28.5500 3.36 218.534  65.117 105.458
OT05 128.0760 29.0927 OT17 128.4090 28.0396 3.50 121.179  34.623 164.318
OT04 128.2550 29.0525 TAS  130.9090 31.1946 3.29 349.015 106.116  46.475
OT04 128.2550 29.0525 NOMT 131.0600 30.7369 3.29 329.059 100.140  54.741
OT02 127.8730 28.7925 OT16 127.9510 28.2012 3.45  65.983  19.125 173.283
OT01 127.7730 28.6329 OT21 130.5800 29.4695 3.24 288.664  89.094  70.589
OKED 128.6160 27.3855 GMZK 129.6510 28.4973 3.39 159.905  47.128  39.360
KGM  128.2150 26.7567 OT12 128.6050 29.2506 3.32 279.024  84.119   7.813
GMZK 129.6510 28.4973 OT25 130.5810 28.9975 2.79 106.408  38.125  58.378
TKRS 129.2090 29.1442 OT21 130.5800 29.4695 3.09 138.014  44.621  74.524
OT31 129.6990 27.9990 OT30 130.3310 28.1010 2.86  63.174  22.073  79.545
OT27 130.2110 28.9197 OT25 130.5810 28.9975 2.83  37.112  13.123  76.476
OT21 130.5800 29.4695 OT25 130.5810 28.9975 2.67  52.317  19.624 179.883
OT17 128.4090 28.0396 OT30 130.3310 28.1010 3.09 189.020  61.132  87.487
OT17 128.4090 28.0396 OT29 130.5910 28.3600 2.99 217.158  72.628  80.078
OT16 127.9510 28.2012 AMG  128.9210 27.8215 3.35 104.273  31.126 113.573
OT14 128.4990 28.6807 OT30 130.3310 28.1010 3.07 190.681  62.091 109.255
OT14 128.4990 28.6807 OT26 130.4990 28.8494 3.13 196.198  62.623  84.053
OT14 128.4990 28.6807 OT19 129.6600 29.2404 3.30 129.048  39.129  60.990
OT12 128.6050 29.2506 OT30 130.3310 28.1010 3.13 211.373  67.618 126.653
OT12 128.6050 29.2506 OT28 130.2290 28.5500 3.23 176.339  54.560 115.734
OT11 128.6350 29.4318 OT31 129.6990 27.9990 3.38 189.793  56.119 146.536
OT11 128.6350 29.4318 OT26 130.4990 28.8494 3.13 192.530  61.570 109.136
OT11 128.6350 29.4318 AMG  128.9210 27.8215 3.43 180.655  52.623 171.015
OT07 128.4610 29.7510 OT19 129.6600 29.2404 3.35 129.284  38.627 115.667
OT03 128.1910 28.8611 GMZK 129.6510 28.4973 3.36 148.307  44.100 105.427
OT01 127.7730 28.6329 OT28 130.2290 28.5500 3.24 240.368  74.119  91.606
OT01 127.7730 28.6329 OT04 128.2550 29.0525 3.20  66.111  20.627  45.180
AMG  128.9210 27.8215 OT30 130.3310 28.1010 2.98 142.131  47.631  77.084
TKRS 129.2090 29.1442 OT33 129.4500 27.5472 3.30 178.564  54.127 172.332
TKRS 129.2090 29.1442 OT28 130.2290 28.5500 3.05 119.334  39.126 123.251
TAS  130.9090 31.1946 NOMT 131.0600 30.7369 3.08  52.749  17.126 164.101
OT34 129.4000 27.3185 OT31 129.6990 27.9990 2.93  80.950  27.628  21.253
OT33 129.4500 27.5472 OT29 130.5910 28.3600 2.77 143.965  51.917  51.005
OT31 129.6990 27.9990 OT28 130.2290 28.5500 2.71  80.197  29.626  40.286
OT17 128.4090 28.0396 OT23 130.8810 29.5506 3.14 293.732  93.635  54.655
OT17 128.4090 28.0396 GMZK 129.6510 28.4973 3.37 132.007  39.125  67.112
OT16 127.9510 28.2012 OT17 128.4090 28.0396 3.56  48.442  13.626 111.590
OT14 128.4990 28.6807 OT11 128.6350 29.4318 3.36  84.294  25.125   8.994
OT13 128.6020 29.0207 OT31 129.6990 27.9990 3.24 156.051  48.127 136.257
OT11 128.6350 29.4318 OT19 129.6600 29.2404 3.38 101.795  30.126 101.779
OT05 128.0760 29.0927 TKRS 129.2090 29.1442 3.55 110.390  31.122  86.761
OT05 128.0760 29.0927 OT14 128.4990 28.6807 3.39  61.537  18.126 137.804
OT01 127.7730 28.6329 OT16 127.9510 28.2012 3.26  50.924  15.625 159.929
GMZK 129.6510 28.4973 OT19 129.6600 29.2404 3.35  82.367  24.624   0.580
AMG  128.9210 27.8215 OT31 129.6990 27.9990 3.21  79.033  24.628  75.406
TKRS 129.2090 29.1442 MNTN 130.8700 30.4624 3.23 217.128  67.118  47.299
OT33 129.4500 27.5472 GMZK 129.6510 28.4973 3.14 107.134  34.130  10.603
OT30 130.3310 28.1010 OT26 130.4990 28.8494 2.48  84.559  34.124  11.179
OT27 130.2110 28.9197 OT29 130.5910 28.3600 2.62  72.328  27.627 148.962
OT27 130.2110 28.9197 OT23 130.8810 29.5506 2.85  95.578  33.524  42.814
OT26 130.4990 28.8494 OT24 130.8400 29.4501 2.60  74.398  28.626  26.419
OT21 130.5800 29.4695 OT23 130.8810 29.5506 2.74  30.537  11.124  72.806
OT20 130.1540 29.2781 OT26 130.4990 28.8494 2.69  58.170  21.625 144.687
OT17 128.4090 28.0396 OT14 128.4990 28.6807 3.31  71.594  21.623   7.042
OT16 127.9510 28.2012 OT28 130.2290 28.5500 3.18 226.556  71.132  79.639
OT16 127.9510 28.2012 OT14 128.4990 28.6807 3.34  75.529  22.627  45.155
OT11 128.6350 29.4318 OT20 130.1540 29.2781 3.40 148.530  43.621  96.215
OT06 128.3050 29.3225 OT19 129.6600 29.2404 3.46 131.975  38.121  93.624
OT05 128.0760 29.0927 OT23 130.8810 29.5506 3.22 277.145  86.123  78.767
OT05 128.0760 29.0927 OT21 130.5800 29.4695 3.27 246.878  75.567  79.653
OT03 128.1910 28.8611 OT29 130.5910 28.3600 3.05 241.221  79.115 102.737
GMZK 129.6510 28.4973 OT28 130.2290 28.5500 2.75  56.806  20.627  83.960
OT33 129.4500 27.5472 OT20 130.1540 29.2781 3.11 203.864  65.636  19.621
OT30 130.3310 28.1010 OT25 130.5810 28.9975 2.49 102.333  41.131  13.790
OT26 130.4990 28.8494 OT21 130.5800 29.4695 2.65  69.184  26.087   6.538
OT26 130.4990 28.8494 MNTN 130.8700 30.4624 2.84 182.369  64.124  11.277
OT20 130.1540 29.2781 OT24 130.8400 29.4501 2.94  69.263  23.575  73.856
OT20 130.1540 29.2781 OT21 130.5800 29.4695 2.88  46.465  16.123  62.729
OT19 129.6600 29.2404 OT26 130.4990 28.8494 3.02  92.495  30.628 117.736
OT16 127.9510 28.2012 OT23 130.8810 29.5506 3.19 322.582 101.123  61.682
OT16 127.9510 28.2012 OT03 128.1910 28.8611 3.47  76.815  22.124  17.749
OT14 128.4990 28.6807 OT28 130.2290 28.5500 3.14 169.769  54.049  94.482
OT12 128.6050 29.2506 OT29 130.5910 28.3600 3.04 217.552  71.634 116.503
OT12 128.6050 29.2506 OT25 130.5810 28.9975 3.15 194.333  61.634  97.821
OT07 128.4610 29.7510 OT26 130.4990 28.8494 3.23 221.762  68.636 116.285
OT07 128.4610 29.7510 OT23 130.8810 29.5506 3.26 235.346  72.126  94.820
OT06 128.3050 29.3225 OT24 130.8400 29.4501 3.30 246.495  74.628  86.092
OT06 128.3050 29.3225 OT14 128.4990 28.6807 3.33  73.603  22.123 165.072
OT06 128.3050 29.3225 NOMT 131.0600 30.7369 3.28 308.541  94.125  58.779
OT05 128.0760 29.0927 OT26 130.4990 28.8494 3.12 237.671  76.128  95.930
OT03 128.1910 28.8611 OT30 130.3310 28.1010 3.17 225.828  71.128 111.392
OT03 128.1910 28.8611 OT11 128.6350 29.4318 3.40  76.585  22.518  34.207
OT02 127.8730 28.7925 OT13 128.6020 29.0207 3.19  75.489  23.627  70.250
OT02 127.8730 28.7925 OT06 128.3050 29.3225 3.28  72.283  22.064  35.536
OT02 127.8730 28.7925 NOMT 131.0600 30.7369 3.28 376.127 114.638  54.261
OT02 127.8730 28.7925 KYK  130.4100 30.3781 3.33 302.178  90.635  53.819
OT01 127.7730 28.6329 GMZK 129.6510 28.4973 3.35 184.386  55.106  94.228
OKED 128.6160 27.3855 AMG  128.9210 27.8215 3.33  56.958  17.125  31.903
MNTN 130.8700 30.4624 TAS  130.9090 31.1946 3.11  81.267  26.123   2.623
KYK  130.4100 30.3781 NOMT 131.0600 30.7369 3.01  73.995  24.624  57.314
AMG  128.9210 27.8215 OT19 129.6600 29.2404 3.35 173.082  51.620  24.518
OT33 129.4500 27.5472 OT31 129.6990 27.9990 2.99  55.746  18.625  26.030
OT17 128.4090 28.0396 OKED 128.6160 27.3855 3.48  75.293  21.624 164.264
OT13 128.6020 29.0207 OT27 130.2110 28.9197 3.34 157.232  47.132  93.695
OT13 128.6020 29.0207 OT23 130.8810 29.5506 3.11 229.130  73.628  74.595
OT11 128.6350 29.4318 OT23 130.8810 29.5506 3.20 218.228  68.103  85.991
OT07 128.4610 29.7510 GMZK 129.6510 28.4973 3.28 180.898  55.118 139.898
OT05 128.0760 29.0927 OT25 130.5810 28.9975 3.25 244.212  75.119  91.871
OT05 128.0760 29.0927 OT20 130.1540 29.2781 3.35 203.175  60.595  83.692
OT05 128.0760 29.0927 OT19 129.6600 29.2404 3.43 154.942  45.120  83.551
OT03 128.1910 28.8611 TKRS 129.2090 29.1442 3.29 104.008  31.623  72.195
OT03 128.1910 28.8611 OT23 130.8810 29.5506 3.13 272.518  87.122  73.064
OT03 128.1910 28.8611 OT12 128.6050 29.2506 3.45  59.083  17.126  42.957
OKED 128.6160 27.3855 TAS  130.9090 31.1946 3.38 477.377 141.111  27.275
GMZK 129.6510 28.4973 OT27 130.2110 28.9197 2.92  71.981  24.626  49.295
TKRS 129.2090 29.1442 OT25 130.5810 28.9975 3.12 134.620  43.120  96.606
OT19 129.6600 29.2404 OT25 130.5810 28.9975 3.06  93.622  30.625 106.489
OT17 128.4090 28.0396 OT26 130.4990 28.8494 3.14 223.502  71.134  65.833
OT12 128.6050 29.2506 TKRS 129.2090 29.1442 3.83  59.865  15.626 101.213
OT12 128.6050 29.2506 OT10 128.8440 29.6621 3.27  51.136  15.624  26.820
OT07 128.4610 29.7510 MNTN 130.8700 30.4624 3.35 245.204  73.130  70.643
OT04 128.2550 29.0525 OT11 128.6350 29.4318 3.47  55.978  16.123  41.227
OT04 128.2550 29.0525 MNTN 130.8700 30.4624 3.26 297.344  91.098  57.653
OT03 128.1910 28.8611 OT26 130.4990 28.8494 3.26 225.183  69.112  89.776
OT01 127.7730 28.6329 AMG  128.9210 27.8215 3.42 144.167  42.105 128.318
OT26 130.4990 28.8494 OT29 130.5910 28.3600 2.57  54.988  21.363 170.518
OT26 130.4990 28.8494 OT23 130.8810 29.5506 2.64  86.151  32.621  25.467
OT20 130.1540 29.2781 OT23 130.8810 29.5506 2.78  76.729  27.620  66.641
OT05 128.0760 29.0927 AMG  128.9210 27.8215 3.43 163.397  47.624 149.365
OKED 128.6160 27.3855 OT33 129.4500 27.5472 3.01  84.396  28.057  77.548
OKED 128.6160 27.3855 NOMT 131.0600 30.7369 3.20 441.159 137.647  32.069
GMZK 129.6510 28.4973 OT30 130.3310 28.1010 3.06  79.825  26.121 123.219
AMG  128.9210 27.8215 OT33 129.4500 27.5472 3.00  60.378  20.126 120.103
OT11 128.6350 29.4318 TKRS 129.2090 29.1442 3.36  64.239  19.125 119.609
OT11 128.6350 29.4318 OT24 130.8400 29.4501 3.21 213.970  66.616  88.918
OT07 128.4610 29.7510 TKRS 129.2090 29.1442 3.40  98.913  29.126 132.657
OT07 128.4610 29.7510 OKED 128.6160 27.3855 3.45 262.606  76.118 176.664
OT06 128.3050 29.3225 OT25 130.5810 28.9975 3.27 224.356  68.631  98.686
OT05 128.0760 29.0927 MNTN 130.8700 30.4624 3.29 309.909  94.083  59.983
OT02 127.8730 28.7925 OT12 128.6050 29.2506 3.35  87.603  26.127  54.402
OT19 129.6600 29.2404 OT27 130.2110 28.9197 3.05  64.354  21.127 123.394
OT12 128.6050 29.2506 OT27 130.2110 28.9197 3.31 160.564  48.567 102.815
OT05 128.0760 29.0927 OT07 128.4610 29.7510 3.47  81.981  23.626  27.025
OT04 128.2550 29.0525 OT25 130.5810 28.9975 3.28 226.726  69.124  90.979
AMG  128.9210 27.8215 OT34 129.4000 27.3185 2.85  73.118  25.629 139.555
TKRS 129.2090 29.1442 OT27 130.2110 28.9197 3.41 100.736  29.524 104.060
