KGM  128.2150 26.7567 OT04 128.2550 29.0525 2.95 254.446  86.370   0.864
KGM  128.2150 26.7567 GMZK 129.6510 28.4973 3.02 239.356  79.362  35.983
GMZK 129.6510 28.4973 TAS  130.9090 31.1946 2.92 322.754 110.381  21.815
GMZK 129.6510 28.4973 KYK  130.4100 30.3781 2.91 221.081  75.869  19.258
OT07 128.4610 29.7510 OT30 130.3310 28.1010 2.77 258.218  93.388 134.635
AMG  128.9210 27.8215 KYK  130.4100 30.3781 2.98 318.263 106.836  26.728
OT04 128.2550 29.0525 OT26 130.4990 28.8494 3.00 219.937  73.386  95.333
OT04 128.2550 29.0525 KYK  130.4100 30.3781 3.18 255.097  80.114  54.303
OT14 128.4990 28.6807 KYK  130.4100 30.3781 2.99 264.016  88.388  44.087
OT02 127.8730 28.7925 OT28 130.2290 28.5500 2.85 231.858  81.325  96.093
KGM  128.2150 26.7567 OT29 130.5910 28.3600 2.49 294.320 118.343  52.328
OT34 129.4000 27.3185 OT27 130.2110 28.9197 2.45 194.496  79.354  23.981
OT02 127.8730 28.7925 OT27 130.2110 28.9197 2.90 228.598  78.854  85.903
OT17 128.4090 28.0396 OT24 130.8400 29.4501 2.79 284.272 101.853  56.063
OT04 128.2550 29.0525 OT30 130.3310 28.1010 2.88 228.867  79.330 116.939
KGM  128.2150 26.7567 OT33 129.4500 27.5472 2.80 150.507  53.829  54.132
KGM  128.2150 26.7567 OT14 128.4990 28.6807 3.01 215.037  71.370   7.413
OT28 130.2290 28.5500 TAS  130.9090 31.1946 2.75 300.437 109.369  12.474
OT11 128.6350 29.4318 OT34 129.4000 27.3185 2.90 245.935  84.864 162.052
OT04 128.2550 29.0525 OT34 129.4000 27.3185 2.90 222.676  76.864 149.381
OT27 130.2110 28.9197 TAS  130.9090 31.1946 2.87 261.015  90.883  14.778
OT20 130.1540 29.2781 TAS  130.9090 31.1946 2.92 224.538  76.870  18.694
OT01 127.7730 28.6329 OT34 129.4000 27.3185 2.89 216.441  74.841 131.914
KYK  130.4100 30.3781 OT25 130.5810 28.9975 2.53 153.933  60.867 173.771
KGM  128.2150 26.7567 OT28 130.2290 28.5500 2.81 280.989  99.889  44.532
KGM  128.2150 26.7567 OT06 128.3050 29.3225 2.95 284.480  96.369   1.758
OT34 129.4000 27.3185 OT28 130.2290 28.5500 2.43 158.962  65.336  30.657
OT34 129.4000 27.3185 KYK  130.4100 30.3781 2.91 353.116 121.387  15.957
OT28 130.2290 28.5500 KYK  130.4100 30.3781 2.70 203.394  75.387   4.913
OT25 130.5810 28.9975 TAS  130.9090 31.1946 2.62 245.602  93.885   7.315
OT21 130.5800 29.4695 TAS  130.9090 31.1946 2.86 193.842  67.872   9.314
OT14 128.4990 28.6807 OT20 130.1540 29.2781 2.89 174.381  60.364  67.287
OT13 128.6020 29.0207 OT24 130.8400 29.4501 2.90 222.742  76.887  77.120
OT03 128.1910 28.8611 KGM  128.2150 26.7567 2.96 233.215  78.869 179.411
OT01 127.7730 28.6329 KGM  128.2150 26.7567 2.96 212.434  71.841 168.052
AMG  128.9210 27.8215 OT21 130.5800 29.4695 2.98 244.263  81.858  41.213
OT27 130.2110 28.9197 KYK  130.4100 30.3781 2.86 162.802  56.884   6.745
OT24 130.8400 29.4501 TAS  130.9090 31.1946 2.69 193.506  71.882   1.951
OT20 130.1540 29.2781 NOMT 131.0600 30.7369 2.83 183.816  64.884  28.162
OT16 127.9510 28.2012 OT20 130.1540 29.2781 2.88 246.087  85.388  60.464
OT14 128.4990 28.6807 OT34 129.4000 27.3185 2.95 175.069  59.386 149.361
OT13 128.6020 29.0207 OT34 129.4000 27.3185 2.86 204.294  71.382 157.236
OT10 128.8440 29.6621 NOMT 131.0600 30.7369 2.97 244.431  82.383  60.276
OT06 128.3050 29.3225 TAS  130.9090 31.1946 3.13 325.370 103.886  49.725
KYK  130.4100 30.3781 OT23 130.8810 29.5506 2.78 102.390  36.874 153.505
KGM  128.2150 26.7567 OT34 129.4000 27.3185 2.78 133.056  47.879  61.839
KGM  128.2150 26.7567 OT07 128.4610 29.7510 2.95 332.717 112.785   4.103
OT02 127.8730 28.7925 OT19 129.6600 29.2404 3.08 181.072  58.885  73.658
KGM  128.2150 26.7567 TKRS 129.2090 29.1442 3.02 282.067  93.369  20.052
KGM  128.2150 26.7567 AMG  128.9210 27.8215 2.99 137.132  45.879  30.480
OT17 128.4090 28.0396 OT27 130.2110 28.9197 2.97 201.591  67.876  60.639
OT11 128.6350 29.4318 OT27 130.2110 28.9197 2.98 163.481  54.878 109.932
OT06 128.3050 29.3225 OT30 130.3310 28.1010 2.79 239.806  85.860 123.882
OT02 127.8730 28.7925 KGM  128.2150 26.7567 2.99 228.114  76.369 171.404
OT01 127.7730 28.6329 OT33 129.4500 27.5472 3.03 204.049  67.365 125.736
OT01 127.7730 28.6329 OT24 130.8400 29.4501 2.84 312.143 109.871  72.396
AMG  128.9210 27.8215 NOMT 131.0600 30.7369 2.96 384.202 129.886  32.235
OT16 127.9510 28.2012 OT34 129.4000 27.3185 2.84 173.145  60.881 124.060
OT04 128.2550 29.0525 OT17 128.4090 28.0396 2.99 113.273  37.871 172.287
OKED 128.6160 27.3855 OT27 130.2110 28.9197 3.01 231.212  76.891  42.291
KYK  130.4100 30.3781 TAS  130.9090 31.1946 2.98 102.368  34.376  27.710
KGM  128.2150 26.7567 OT13 128.6020 29.0207 3.04 253.763  83.365   8.538
OT21 130.5800 29.4695 OT29 130.5910 28.3600 2.05 122.976  59.871 179.488
OT20 130.1540 29.2781 MNTN 130.8700 30.4624 2.83 148.379  52.375  27.606
OT20 130.1540 29.2781 KYK  130.4100 30.3781 2.94 124.410  42.374  11.386
OT16 127.9510 28.2012 TKRS 129.2090 29.1442 2.91 161.354  55.372  49.331
OT16 127.9510 28.2012 OT24 130.8400 29.4501 2.78 314.099 112.823  63.166
OT13 128.6020 29.0207 OT33 129.4500 27.5472 2.91 183.277  62.874 152.797
OT11 128.6350 29.4318 TAS  130.9090 31.1946 3.09 293.316  94.863  47.659
OT07 128.4610 29.7510 AMG  128.9210 27.8215 2.98 218.517  73.352 168.030
OT03 128.1910 28.8611 KYK  130.4100 30.3781 3.16 272.847  86.371  51.415
OT01 127.7730 28.6329 OT30 130.3310 28.1010 2.96 257.563  86.868 102.623
OT01 127.7730 28.6329 OT27 130.2110 28.9197 2.90 240.155  82.869  81.812
OT01 127.7730 28.6329 OT19 129.6600 29.2404 2.97 195.892  65.868  69.444
OT26 130.4990 28.8494 TAS  130.9090 31.1946 2.62 262.968 100.369   8.555
OT25 130.5810 28.9975 NOMT 131.0600 30.7369 2.60 198.290  76.383  13.376
OT16 127.9510 28.2012 KGM  128.2150 26.7567 2.98 162.181  54.368 170.678
OT13 128.6020 29.0207 KYK  130.4100 30.3781 2.96 230.762  77.881  48.864
OT07 128.4610 29.7510 OT27 130.2110 28.9197 2.79 193.305  69.384 118.039
OT06 128.3050 29.3225 OT28 130.2290 28.5500 2.91 206.164  70.871 114.072
OT06 128.3050 29.3225 GMZK 129.6510 28.4973 3.00 160.013  53.391 124.536
OT02 127.8730 28.7925 OT11 128.6350 29.4318 2.90 102.597  35.378  46.135
OT02 127.8730 28.7925 OT07 128.4610 29.7510 2.81 120.666  42.881  28.161
OT01 127.7730 28.6329 OT11 128.6350 29.4318 2.91 122.008  41.870  43.262
KGM  128.2150 26.7567 OT19 129.6600 29.2404 2.97 309.753 104.364  26.973
AMG  128.9210 27.8215 OT28 130.2290 28.5500 2.82 151.657  53.875  57.530
OT28 130.2290 28.5500 OT24 130.8400 29.4501 2.43 116.202  47.879  30.701
OT24 130.8400 29.4501 NOMT 131.0600 30.7369 2.63 144.219  54.878   8.401
OT23 130.8810 29.5506 NOMT 131.0600 30.7369 2.58 132.637  51.330   7.427
OT16 127.9510 28.2012 OT12 128.6050 29.2506 2.86 132.709  46.369  28.633
OT13 128.6020 29.0207 OT30 130.3310 28.1010 2.69 197.517  73.345 120.654
OT13 128.6020 29.0207 OT28 130.2290 28.5500 2.91 167.186  57.354 107.791
OT04 128.2550 29.0525 GMZK 129.6510 28.4973 3.03 149.628  49.382 113.948
OT03 128.1910 28.8611 AMG  128.9210 27.8215 2.96 135.641  45.871 147.975
OT02 127.8730 28.7925 OT33 129.4500 27.5472 2.87 207.473  72.341 131.322
OT02 127.8730 28.7925 OT24 130.8400 29.4501 2.90 297.867 102.819  75.121
OT01 127.7730 28.6329 OT07 128.4610 29.7510 2.85 140.844  49.367  28.204
OKED 128.6160 27.3855 TKRS 129.2090 29.1442 3.02 203.416  67.379  16.487
KGM  128.2150 26.7567 OT26 130.4990 28.8494 2.75 323.125 117.372  43.614
OT34 129.4000 27.3185 GMZK 129.6510 28.4973 2.87 132.946  46.371  10.650
OT19 129.6600 29.2404 TAS  130.9090 31.1946 2.94 247.779  84.365  28.729
OT17 128.4090 28.0396 OT33 129.4500 27.5472 3.03 116.181  38.369 117.770
OT13 128.6020 29.0207 TAS  130.9090 31.1946 2.97 327.902 110.368  42.132
OT12 128.6050 29.2506 OT31 129.6990 27.9990 2.97 175.139  58.870 142.112
OT06 128.3050 29.3225 OT33 129.4500 27.5472 2.93 226.475  77.374 150.039
OT06 128.3050 29.3225 OT27 130.2110 28.9197 2.94 190.787  64.871 103.070
OT02 127.8730 28.7925 OT20 130.1540 29.2781 2.96 228.681  77.335  75.838
OT01 127.7730 28.6329 OKED 128.6160 27.3855 2.99 161.174  53.868 148.862
OKED 128.6160 27.3855 OT20 130.1540 29.2781 3.04 258.373  84.879  35.368
GMZK 129.6510 28.4973 OT21 130.5800 29.4695 2.79 140.725  50.367  39.807
OT19 129.6600 29.2404 KYK  130.4100 30.3781 2.89 145.463  50.368  29.707
OT17 128.4090 28.0396 OT34 129.4000 27.3185 2.94 126.280  42.879 129.026
OT16 127.9510 28.2012 TAS  130.9090 31.1946 2.99 438.193 146.357  40.067
OT16 127.9510 28.2012 OT33 129.4500 27.5472 2.87 164.437  57.375 115.801
OT16 127.9510 28.2012 OT11 128.6350 29.4318 2.93 151.842  51.877  25.910
OT12 128.6050 29.2506 OT34 129.4000 27.3185 2.87 227.887  79.375 159.796
OT11 128.6350 29.4318 OT33 129.4500 27.5472 2.93 223.596  76.365 158.891
OT07 128.4610 29.7510 OT21 130.5800 29.4695 2.91 207.595  71.363  98.123
OT07 128.4610 29.7510 OT14 128.4990 28.6807 3.05 118.689  38.876 178.216
OT06 128.3050 29.3225 OT17 128.4090 28.0396 3.01 142.549  47.374 175.878
OT05 128.0760 29.0927 KGM  128.2150 26.7567 3.00 259.234  86.383 176.940
OT04 128.2550 29.0525 OT31 129.6990 27.9990 2.87 183.333  63.857 129.212
OT04 128.2550 29.0525 OT28 130.2290 28.5500 2.87 200.595  69.821 105.645
OT03 128.1910 28.8611 OT34 129.4000 27.3185 2.94 208.204  70.866 144.907
OT03 128.1910 28.8611 OT24 130.8400 29.4501 2.86 265.862  92.861  75.146
OT02 127.8730 28.7925 OT31 129.6990 27.9990 3.00 199.404  66.379 115.734
OT02 127.8730 28.7925 OT25 130.5810 28.9975 2.78 265.169  95.350  84.435
OT02 127.8730 28.7925 GMZK 129.6510 28.4973 3.01 176.966  58.871 100.229
OT01 127.7730 28.6329 KYK  130.4100 30.3781 3.15 320.577 101.867  52.246
OKED 128.6160 27.3855 OT31 129.6990 27.9990 2.95 126.633  42.868  57.278
KYK  130.4100 30.3781 OT26 130.4990 28.8494 2.50 169.670  67.841 177.063
KYK  130.4100 30.3781 OT24 130.8400 29.4501 2.75 110.945  40.373 157.897
AMG  128.9210 27.8215 OT27 130.2110 28.9197 3.06 175.488  57.368  45.785
OT33 129.4500 27.5472 OT28 130.2290 28.5500 2.44 134.943  55.373  34.379
OT33 129.4500 27.5472 OT21 130.5800 29.4695 2.56 240.053  93.881  27.176
OT31 129.6990 27.9990 OT23 130.8810 29.5506 2.58 207.128  80.344  33.596
OT27 130.2110 28.9197 OT30 130.3310 28.1010 2.09  91.492  43.839 172.595
OT24 130.8400 29.4501 MNTN 130.8700 30.4624 2.56 112.248  43.881   1.475
OT21 130.5800 29.4695 MNTN 130.8700 30.4624 2.88 113.566  39.378  14.201
OT19 129.6600 29.2404 OT31 129.6990 27.9990 2.88 137.637  47.874 178.411
OT16 127.9510 28.2012 OT07 128.4610 29.7510 2.94 178.822  60.881  16.019
OT14 128.4990 28.6807 OKED 128.6160 27.3855 3.07 143.997  46.874 175.404
OT13 128.6020 29.0207 AMG  128.9210 27.8215 2.94 136.538  46.378 166.676
OT11 128.6350 29.4318 GMZK 129.6510 28.4973 3.03 143.336  47.368 136.024
OT04 128.2550 29.0525 AMG  128.9210 27.8215 3.03 151.250  49.868 154.265
OT03 128.1910 28.8611 TAS  130.9090 31.1946 3.07 368.285 119.884  44.717
OT02 127.8730 28.7925 OT34 129.4000 27.3185 2.91 221.909  76.310 137.039
OT02 127.8730 28.7925 OT30 130.3310 28.1010 2.69 252.703  93.802 107.068
OT01 127.7730 28.6329 TKRS 129.2090 29.1442 2.94 151.073  51.368  67.624
KGM  128.2150 26.7567 OT31 129.6990 27.9990 2.90 201.206  69.381  46.494
KGM  128.2150 26.7567 OT17 128.4090 28.0396 3.00 143.447  47.862   7.643
AMG  128.9210 27.8215 TKRS 129.2090 29.1442 3.02 149.277  49.380  10.808
OT34 129.4000 27.3185 OT19 129.6600 29.2404 2.85 214.509  75.372   6.755
OT17 128.4090 28.0396 OT31 129.6990 27.9990 3.00 126.895  42.369  91.730
OT17 128.4090 28.0396 OT19 129.6600 29.2404 2.94 180.734  61.370  42.282
OT17 128.4090 28.0396 OT13 128.6020 29.0207 3.03 110.356  36.373   9.790
OT16 127.9510 28.2012 OT27 130.2110 28.9197 2.85 235.014  82.374  69.660
OT16 127.9510 28.2012 KYK  130.4100 30.3781 2.99 339.529 113.365  44.123
OT14 128.4990 28.6807 TAS  130.9090 31.1946 2.98 363.023 121.861  39.271
OT14 128.4990 28.6807 OT21 130.5800 29.4695 2.85 220.685  77.352  66.161
OT13 128.6020 29.0207 OKED 128.6160 27.3855 3.11 181.228  58.367 179.567
OT05 128.0760 29.0927 OT31 129.6990 27.9990 2.86 199.764  69.872 126.968
OT05 128.0760 29.0927 GMZK 129.6510 28.4973 2.97 167.349  56.346 112.845
OT03 128.1910 28.8611 OT17 128.4090 28.0396 3.03  93.517  30.833 166.742
OT01 127.7730 28.6329 OT17 128.4090 28.0396 2.84  90.630  31.878 136.360
OT17 128.4090 28.0396 TKRS 129.2090 29.1442 2.91 145.276  49.872  32.385
OT17 128.4090 28.0396 OT25 130.5810 28.9975 2.66 237.636  89.337  62.953
OT16 127.9510 28.2012 MNTN 130.8700 30.4624 2.92 378.385 129.407  47.820
OT03 128.1910 28.8611 OT27 130.2110 28.9197 2.97 197.120  66.370  87.627
OT02 127.8730 28.7925 OT17 128.4090 28.0396 3.09  98.630  31.878 147.652
OKED 128.6160 27.3855 OT19 129.6600 29.2404 3.05 229.670  75.351  26.238
OT33 129.4500 27.5472 OT26 130.4990 28.8494 2.37 177.287  74.868  35.266
OT23 130.8810 29.5506 TAS  130.9090 31.1946 2.67 182.272  68.343   0.842
OT19 129.6600 29.2404 OT28 130.2290 28.5500 2.63  94.510  35.881 143.925
OT17 128.4090 28.0396 OT20 130.1540 29.2781 2.94 218.956  74.374  50.766
OT17 128.4090 28.0396 OT12 128.6050 29.2506 3.09 135.578  43.876   8.083
OT14 128.4990 28.6807 GMZK 129.6510 28.4973 3.02 114.541  37.877  99.948
OT13 128.6020 29.0207 GMZK 129.6510 28.4973 2.99 117.778  39.377 119.256
OT28 130.2290 28.5500 OT30 130.3310 28.1010 1.82  50.762  27.876 168.578
OT28 130.2290 28.5500 OT26 130.4990 28.8494 1.85  42.412  22.876  38.455
OT27 130.2110 28.9197 OT24 130.8400 29.4501 2.31  84.861  36.784  45.999
OT16 127.9510 28.2012 OT06 128.3050 29.3225 2.94 128.992  43.800  15.457
OT14 128.4990 28.6807 OT33 129.4500 27.5472 2.96 156.559  52.856 143.131
OT14 128.4990 28.6807 OT27 130.2110 28.9197 2.92 169.210  57.869  80.584
OT14 128.4990 28.6807 OT25 130.5810 28.9975 2.72 206.210  75.868  79.698
OT14 128.4990 28.6807 AMG  128.9210 27.8215 3.17 103.843  32.799 156.388
OT12 128.6050 29.2506 GMZK 129.6510 28.4973 2.97 131.851  44.379 129.037
OT07 128.4610 29.7510 OT13 128.6020 29.0207 3.17  82.091  25.872 170.395
OT05 128.0760 29.0927 OT11 128.6350 29.4318 3.02  66.040  21.875  55.174
OT04 128.2550 29.0525 OT23 130.8810 29.5506 2.97 261.075  87.874  77.154
OT01 127.7730 28.6329 OT05 128.0760 29.0927 2.82  58.915  20.877  30.046
MNTN 130.8700 30.4624 OT23 130.8810 29.5506 2.57 101.076  39.375 179.401
KGM  128.2150 26.7567 OKED 128.6160 27.3855 2.98  80.197  26.876  29.598
OT31 129.6990 27.9990 OT26 130.4990 28.8494 2.28 122.591  53.886  39.566
OT19 129.6600 29.2404 OT21 130.5800 29.4695 2.74  92.893  33.878  73.911
OT17 128.4090 28.0396 OT21 130.5800 29.4695 2.90 264.700  91.370  52.709
OT16 127.9510 28.2012 OKED 128.6160 27.3855 2.91 111.626  38.373 143.923
OT14 128.4990 28.6807 OT24 130.8400 29.4501 2.76 243.392  88.346  68.927
OT14 128.4990 28.6807 OT23 130.8810 29.5506 2.78 251.092  90.386  66.846
OT12 128.6050 29.2506 TAS  130.9090 31.1946 3.05 309.234 101.388  45.253
OT02 127.8730 28.7925 OT14 128.4990 28.6807 3.31  62.442  18.876 101.296
OT02 127.8730 28.7925 OT04 128.2550 29.0525 2.79  47.103  16.877  52.189
OT01 127.7730 28.6329 OT20 130.1540 29.2781 2.95 242.882  82.333  72.306
OT01 127.7730 28.6329 OT14 128.4990 28.6807 3.04  71.161  23.377  85.558
OT01 127.7730 28.6329 OT13 128.6020 29.0207 2.87  91.592  31.880  61.815
OT01 127.7730 28.6329 OT12 128.6050 29.2506 2.88 106.159  36.874  49.642
OT31 129.6990 27.9990 OT29 130.5910 28.3600 1.99  96.350  48.344  65.257
OT31 129.6990 27.9990 OT20 130.1540 29.2781 2.84 148.597  52.378  17.336
OT28 130.2290 28.5500 OT25 130.5810 28.9975 1.81  60.377  33.376  34.685
OT27 130.2110 28.9197 OT28 130.2290 28.5500 2.17  41.011  18.873 177.579
OT20 130.1540 29.2781 OT29 130.5910 28.3600 2.13 110.334  51.873 157.152
OT20 130.1540 29.2781 OT28 130.2290 28.5500 2.50  81.023  32.383 174.852
OT19 129.6600 29.2404 OT24 130.8400 29.4501 2.61 116.945  44.875  78.249
OT16 127.9510 28.2012 OT13 128.6020 29.0207 2.97 110.901  37.367  34.864
OT16 127.9510 28.2012 OT04 128.2550 29.0525 2.92  98.907  33.872  17.389
OT12 128.6050 29.2506 OT33 129.4500 27.5472 2.91 206.131  70.860 156.122
OT04 128.2550 29.0525 OT07 128.4610 29.7510 2.98  79.978  26.874  14.470
OT03 128.1910 28.8611 OT20 130.1540 29.2781 3.03 196.671  64.865  75.935
OT03 128.1910 28.8611 OT07 128.4610 29.7510 2.97 102.068  34.378  14.832
OT01 127.7730 28.6329 OT06 128.3050 29.3225 2.81  92.353  32.878  34.019
KYK  130.4100 30.3781 OT21 130.5800 29.4695 2.88 102.053  35.375 170.685
OT28 130.2290 28.5500 OT29 130.5910 28.3600 1.66  41.297  24.878 120.571
OT25 130.5810 28.9975 OT24 130.8400 29.4501 2.57  56.127  21.873  26.584
OT16 127.9510 28.2012 OT29 130.5910 28.3600 2.69 259.612  96.367  85.492
OT14 128.4990 28.6807 TKRS 129.2090 29.1442 2.94  86.201  29.360  53.247
OT13 128.6020 29.0207 OT19 129.6600 29.2404 2.91 105.811  36.374  76.439
OT06 128.3050 29.3225 OT23 130.8810 29.5506 2.86 251.221  87.870  83.595
OT05 128.0760 29.0927 OT17 128.4090 28.0396 2.96 121.179  40.870 164.318
OT04 128.2550 29.0525 TAS  130.9090 31.1946 3.08 349.015 113.390  46.475
OT02 127.8730 28.7925 OT16 127.9510 28.2012 3.16  65.983  20.874 173.283
OT01 127.7730 28.6329 OT21 130.5800 29.4695 2.92 288.664  98.824  70.589
TKRS 129.2090 29.1442 OT21 130.5800 29.4695 2.71 138.014  50.871  74.524
OT31 129.6990 27.9990 OT30 130.3310 28.1010 2.02  63.174  31.336  79.545
OT27 130.2110 28.9197 OT25 130.5810 28.9975 1.74  37.112  21.378  76.476
OT21 130.5800 29.4695 OT25 130.5810 28.9975 1.95  52.317  26.870 179.883
OT14 128.4990 28.6807 OT30 130.3310 28.1010 2.87 190.681  66.347 109.255
OT14 128.4990 28.6807 OT19 129.6600 29.2404 2.88 129.048  44.871  60.990
OT07 128.4610 29.7510 OT19 129.6600 29.2404 3.05 129.284  42.374 115.667
OT01 127.7730 28.6329 OT04 128.2550 29.0525 2.83  66.111  23.377  45.180
GMZK 129.6510 28.4973 OT26 130.4990 28.8494 2.39  91.576  38.380  64.575
TAS  130.9090 31.1946 NOMT 131.0600 30.7369 2.87  52.749  18.373 164.101
OT34 129.4000 27.3185 OT31 129.6990 27.9990 2.54  80.950  31.870  21.253
OT17 128.4090 28.0396 OT23 130.8810 29.5506 2.80 293.732 104.867  54.655
OT16 127.9510 28.2012 OT17 128.4090 28.0396 3.15  48.442  15.373 111.590
OT14 128.4990 28.6807 OT11 128.6350 29.4318 3.02  84.294  27.875   8.994
OT11 128.6350 29.4318 OT19 129.6600 29.2404 2.84 101.795  35.881 101.779
OT05 128.0760 29.0927 OT14 128.4990 28.6807 3.02  61.537  20.377 137.804
OT01 127.7730 28.6329 OT16 127.9510 28.2012 3.02  50.924  16.873 159.929
GMZK 129.6510 28.4973 OT19 129.6600 29.2404 3.01  82.367  27.373   0.580
AMG  128.9210 27.8215 OT31 129.6990 27.9990 3.05  79.033  25.878  75.406
OT27 130.2110 28.9197 OT29 130.5910 28.3600 1.69  72.328  42.874 148.962
OT27 130.2110 28.9197 OT23 130.8810 29.5506 2.40  95.578  39.808  42.814
OT26 130.4990 28.8494 OT24 130.8400 29.4501 1.91  74.398  38.871  26.419
OT21 130.5800 29.4695 OT23 130.8810 29.5506 2.37  30.537  12.874  72.806
OT20 130.1540 29.2781 OT26 130.4990 28.8494 2.09  58.170  27.873 144.687
OT17 128.4090 28.0396 OT14 128.4990 28.6807 3.00  71.594  23.872   7.042
OT16 127.9510 28.2012 OT14 128.4990 28.6807 2.92  75.529  25.875  45.155
OT11 128.6350 29.4318 OT20 130.1540 29.2781 2.84 148.530  52.373  96.215
OT06 128.3050 29.3225 OT19 129.6600 29.2404 3.04 131.975  43.370  93.624
GMZK 129.6510 28.4973 OT28 130.2290 28.5500 2.54  56.806  22.373  83.960
OT26 130.4990 28.8494 OT21 130.5800 29.4695 2.04  69.184  33.847   6.538
OT20 130.1540 29.2781 OT24 130.8400 29.4501 2.49  69.263  27.850  73.856
OT20 130.1540 29.2781 OT21 130.5800 29.4695 2.75  46.465  16.878  62.729
OT16 127.9510 28.2012 OT03 128.1910 28.8611 2.86  76.815  26.877  17.749
OT07 128.4610 29.7510 OT23 130.8810 29.5506 2.86 235.346  82.375  94.820
OT06 128.3050 29.3225 OT14 128.4990 28.6807 3.15  73.603  23.374 165.072
OT05 128.0760 29.0927 OT26 130.4990 28.8494 2.92 237.671  81.366  95.930
OT03 128.1910 28.8611 OT11 128.6350 29.4318 2.97  76.585  25.804  34.207
OT02 127.8730 28.7925 OT13 128.6020 29.0207 2.81  75.489  26.874  70.250
OT02 127.8730 28.7925 OT06 128.3050 29.3225 2.80  72.283  25.834  35.536
OKED 128.6160 27.3855 AMG  128.9210 27.8215 3.02  56.958  18.873  31.903
AMG  128.9210 27.8215 OT19 129.6600 29.2404 3.04 173.082  56.879  24.518
OT33 129.4500 27.5472 OT31 129.6990 27.9990 2.55  55.746  21.878  26.030
OT19 129.6600 29.2404 OT20 130.1540 29.2781 2.87  48.235  16.836  84.910
OT17 128.4090 28.0396 OKED 128.6160 27.3855 3.22  75.293  23.376 164.264
OT03 128.1910 28.8611 OT12 128.6050 29.2506 2.90  59.083  20.374  42.957
OT01 127.7730 28.6329 OT03 128.1910 28.8611 2.85  48.027  16.875  58.123
OT12 128.6050 29.2506 TKRS 129.2090 29.1442 3.17  59.865  18.873 101.213
OT12 128.6050 29.2506 OT10 128.8440 29.6621 2.86  51.136  17.874  26.820
OT06 128.3050 29.3225 OT07 128.4610 29.7510 2.87  49.852  17.376  17.643
OT04 128.2550 29.0525 OT11 128.6350 29.4318 2.97  55.978  18.873  41.227
OT26 130.4990 28.8494 OT29 130.5910 28.3600 2.10  54.988  26.222 170.518
OT20 130.1540 29.2781 OT23 130.8810 29.5506 2.57  76.729  29.879  66.641
OT04 128.2550 29.0525 TKRS 129.2090 29.1442 3.03  93.442  30.880  83.523
OKED 128.6160 27.3855 OT33 129.4500 27.5472 2.83  84.396  29.832  77.548
OKED 128.6160 27.3855 NOMT 131.0600 30.7369 2.96 441.159 148.889  32.069
OT14 128.4990 28.6807 OT13 128.6020 29.0207 3.03  38.996  12.874  14.881
OT14 128.4990 28.6807 OT12 128.6050 29.2506 3.07  64.009  20.877   9.289
OT07 128.4610 29.7510 TKRS 129.2090 29.1442 2.92  98.913  33.874 132.657
OT04 128.2550 29.0525 OT14 128.4990 28.6807 2.91  47.610  16.378 149.886
OT03 128.1910 28.8611 OT13 128.6020 29.0207 2.88  43.775  15.210  66.067
OT02 127.8730 28.7925 OT12 128.6050 29.2506 2.93  87.603  29.878  54.402
OT05 128.0760 29.0927 OT13 128.6020 29.0207 3.07  51.814  16.877  98.733
OT05 128.0760 29.0927 OT07 128.4610 29.7510 2.89  81.981  28.377  27.025
OT03 128.1910 28.8611 OT06 128.3050 29.3225 3.01  52.329  17.374  12.207
OKED 128.6160 27.3855 OT34 129.4000 27.3185 2.80  78.001  27.877  95.279
TKRS 129.2090 29.1442 GMZK 129.6510 28.4973 2.95  83.707  28.375 148.828
OT20 130.1540 29.2781 OT27 130.2110 28.9197 2.79  40.104  14.374 172.090
OT13 128.6020 29.0207 OT11 128.6350 29.4318 3.18  45.679  14.374   4.020
OT02 127.8730 28.7925 OT05 128.0760 29.0927 2.69  38.744  14.376  30.771
GMZK 129.6510 28.4973 OT20 130.1540 29.2781 2.89  99.480  34.375  29.430
OT13 128.6020 29.0207 TKRS 129.2090 29.1442 2.92  60.663  20.768  76.810
OT05 128.0760 29.0927 OT12 128.6050 29.2506 3.04  54.372  17.874  71.095
OT27 130.2110 28.9197 OT26 130.4990 28.8494 2.81  29.154  10.375 105.432
OT21 130.5800 29.4695 OT24 130.8400 29.4501 2.05  25.312  12.378  94.810
OT06 128.3050 29.3225 OT11 128.6350 29.4318 3.15  34.234  10.875  69.194
OT05 128.0760 29.0927 OT06 128.3050 29.3225 2.63  33.826  12.876  41.094
OT04 128.2550 29.0525 OT12 128.6050 29.2506 2.85  40.576  14.242  57.154
