KGM  128.2150 26.7567 OT04 128.2550 29.0525 3.44 254.446  73.881   0.864
KGM  128.2150 26.7567 GMZK 129.6510 28.4973 3.35 239.356  71.364  35.983
GMZK 129.6510 28.4973 TAS  130.9090 31.1946 3.40 322.754  94.872  21.815
GMZK 129.6510 28.4973 KYK  130.4100 30.3781 3.43 221.081  64.361  19.258
OT07 128.4610 29.7510 OT30 130.3310 28.1010 3.30 258.218  78.367 134.635
AMG  128.9210 27.8215 KYK  130.4100 30.3781 3.45 318.263  92.357  26.728
OT04 128.2550 29.0525 OT26 130.4990 28.8494 3.26 219.937  67.383  95.333
OT04 128.2550 29.0525 KYK  130.4100 30.3781 3.41 255.097  74.874  54.303
OT14 128.4990 28.6807 KYK  130.4100 30.3781 3.48 264.016  75.867  44.087
OT02 127.8730 28.7925 OT28 130.2290 28.5500 3.34 231.858  69.377  96.093
KGM  128.2150 26.7567 OT29 130.5910 28.3600 3.09 294.320  95.373  52.328
OT34 129.4000 27.3185 OT27 130.2110 28.9197 3.00 194.496  64.810  23.981
OT02 127.8730 28.7925 OT27 130.2110 28.9197 3.37 228.598  67.874  85.903
KGM  128.2150 26.7567 OT24 130.8400 29.4501 3.17 394.467 124.359  40.225
OT28 130.2290 28.5500 NOMT 131.0600 30.7369 3.03 255.433  84.329  18.170
OT17 128.4090 28.0396 OT24 130.8400 29.4501 3.33 284.272  85.367  56.063
OT04 128.2550 29.0525 OT30 130.3310 28.1010 3.23 228.867  70.879 116.939
KGM  128.2150 26.7567 OT33 129.4500 27.5472 3.12 150.507  48.317  54.132
KGM  128.2150 26.7567 OT14 128.4990 28.6807 3.42 215.037  62.876   7.413
OT28 130.2290 28.5500 TAS  130.9090 31.1946 3.13 300.437  95.864  12.474
OT11 128.6350 29.4318 OT34 129.4000 27.3185 3.31 245.935  74.368 162.052
OT04 128.2550 29.0525 OT34 129.4000 27.3185 3.33 222.676  66.870 149.381
KGM  128.2150 26.7567 OT20 130.1540 29.2781 3.35 338.279 100.888  33.865
OT27 130.2110 28.9197 TAS  130.9090 31.1946 3.21 261.015  81.364  14.778
OT20 130.1540 29.2781 TAS  130.9090 31.1946 3.28 224.538  68.373  18.694
OT01 127.7730 28.6329 OT34 129.4000 27.3185 3.31 216.441  65.370 131.914
KYK  130.4100 30.3781 OT25 130.5810 28.9975 3.12 153.933  49.369 173.771
KGM  128.2150 26.7567 OT28 130.2290 28.5500 3.04 280.989  92.370  44.532
KGM  128.2150 26.7567 OT06 128.3050 29.3225 3.43 284.480  82.866   1.758
OT34 129.4000 27.3185 OT28 130.2290 28.5500 2.87 158.962  55.368  30.657
OT34 129.4000 27.3185 KYK  130.4100 30.3781 3.30 353.116 106.875  15.957
OT29 130.5910 28.3600 TAS  130.9090 31.1946 3.11 315.713 101.385   5.510
OT28 130.2290 28.5500 KYK  130.4100 30.3781 3.13 203.394  64.878   4.913
OT25 130.5810 28.9975 TAS  130.9090 31.1946 3.09 245.602  79.380   7.315
OT21 130.5800 29.4695 TAS  130.9090 31.1946 3.13 193.842  61.871   9.314
OT14 128.4990 28.6807 OT20 130.1540 29.2781 3.39 174.381  51.385  67.287
OT13 128.6020 29.0207 OT24 130.8400 29.4501 3.28 222.742  67.868  77.120
OT03 128.1910 28.8611 KGM  128.2150 26.7567 3.44 233.215  67.874 179.411
OT01 127.7730 28.6329 KGM  128.2150 26.7567 3.35 212.434  63.375 168.052
AMG  128.9210 27.8215 OT21 130.5800 29.4695 3.26 244.263  74.835  41.213
OT28 130.2290 28.5500 MNTN 130.8700 30.4624 3.01 220.913  73.369  16.199
OT27 130.2110 28.9197 KYK  130.4100 30.3781 3.26 162.802  49.878   6.745
OT24 130.8400 29.4501 TAS  130.9090 31.1946 3.08 193.506  62.867   1.951
OT20 130.1540 29.2781 NOMT 131.0600 30.7369 3.15 183.816  58.373  28.162
OT16 127.9510 28.2012 OT20 130.1540 29.2781 3.40 246.087  72.379  60.464
OT14 128.4990 28.6807 OT34 129.4000 27.3185 3.28 175.069  53.358 149.361
OT13 128.6020 29.0207 OT34 129.4000 27.3185 3.30 204.294  61.870 157.236
OT10 128.8440 29.6621 NOMT 131.0600 30.7369 3.31 244.431  73.869  60.276
OT06 128.3050 29.3225 TAS  130.9090 31.1946 3.39 325.370  95.866  49.725
KYK  130.4100 30.3781 OT29 130.5910 28.3600 3.14 224.384  71.369 175.451
KYK  130.4100 30.3781 OT23 130.8810 29.5506 3.16 102.390  32.368 153.505
KGM  128.2150 26.7567 OT34 129.4000 27.3185 3.07 133.056  43.369  61.839
KGM  128.2150 26.7567 OT30 130.3310 28.1010 3.08 256.800  83.377  54.065
KGM  128.2150 26.7567 OT21 130.5800 29.4695 3.27 379.947 116.370  37.154
KGM  128.2150 26.7567 OT07 128.4610 29.7510 3.45 332.717  96.384   4.103
GMZK 129.6510 28.4973 MNTN 130.8700 30.4624 3.29 247.821  75.303  28.193
OT33 129.4500 27.5472 KYK  130.4100 30.3781 3.33 327.410  98.380  16.374
OT31 129.6990 27.9990 KYK  130.4100 30.3781 3.31 272.614  82.386  14.525
OT11 128.6350 29.4318 OT29 130.5910 28.3600 3.22 224.778  69.872 121.429
OT07 128.4610 29.7510 OT33 129.4500 27.5472 3.37 262.679  77.877 158.169
OT02 127.8730 28.7925 OT19 129.6600 29.2404 3.39 181.072  53.382  73.658
KGM  128.2150 26.7567 TKRS 129.2090 29.1442 3.40 282.067  82.863  20.052
KGM  128.2150 26.7567 OT27 130.2110 28.9197 3.23 309.992  95.884  38.899
KGM  128.2150 26.7567 OT25 130.5810 28.9975 3.11 340.488 109.376  42.631
KGM  128.2150 26.7567 AMG  128.9210 27.8215 3.28 137.132  41.872  30.480
OT29 130.5910 28.3600 NOMT 131.0600 30.7369 3.03 267.360  88.383   9.670
OT17 128.4090 28.0396 OT27 130.2110 28.9197 3.34 201.591  60.375  60.639
OT11 128.6350 29.4318 OT27 130.2110 28.9197 3.35 163.481  48.873 109.932
OT07 128.4610 29.7510 OT28 130.2290 28.5500 3.28 217.460  66.380 127.312
OT06 128.3050 29.3225 OT30 130.3310 28.1010 3.20 239.806  74.869 123.882
OT02 127.8730 28.7925 KGM  128.2150 26.7567 3.39 228.114  67.350 171.404
OT01 127.7730 28.6329 OT33 129.4500 27.5472 3.35 204.049  60.874 125.736
OT01 127.7730 28.6329 OT24 130.8400 29.4501 3.29 312.143  94.876  72.396
AMG  128.9210 27.8215 NOMT 131.0600 30.7369 3.35 384.202 114.859  32.235
OT16 127.9510 28.2012 OT34 129.4000 27.3185 3.24 173.145  53.374 124.060
OT04 128.2550 29.0525 OT24 130.8400 29.4501 3.32 255.146  76.874  79.427
OT04 128.2550 29.0525 OT17 128.4090 28.0396 3.55 113.273  31.872 172.287
OKED 128.6160 27.3855 OT27 130.2110 28.9197 3.22 231.212  71.850  42.291
KYK  130.4100 30.3781 TAS  130.9090 31.1946 3.37 102.368  30.371  27.710
KGM  128.2150 26.7567 OT13 128.6020 29.0207 3.41 253.763  74.374   8.538
OT21 130.5800 29.4695 OT29 130.5910 28.3600 3.01 122.976  40.869 179.488
OT20 130.1540 29.2781 MNTN 130.8700 30.4624 3.16 148.379  46.881  27.606
OT20 130.1540 29.2781 KYK  130.4100 30.3781 3.29 124.410  37.872  11.386
OT16 127.9510 28.2012 TKRS 129.2090 29.1442 3.44 161.354  46.878  49.331
OT16 127.9510 28.2012 OT24 130.8400 29.4501 3.29 314.099  95.384  63.166
OT13 128.6020 29.0207 OT33 129.4500 27.5472 3.31 183.277  55.371 152.797
OT11 128.6350 29.4318 TAS  130.9090 31.1946 3.40 293.316  86.371  47.659
OT11 128.6350 29.4318 OT30 130.3310 28.1010 3.22 221.783  68.877 131.276
OT07 128.4610 29.7510 AMG  128.9210 27.8215 3.42 218.517  63.838 168.030
OT06 128.3050 29.3225 OT29 130.5910 28.3600 3.30 247.299  74.871 115.002
OT03 128.1910 28.8611 KYK  130.4100 30.3781 3.39 272.847  80.367  51.415
OT01 127.7730 28.6329 OT30 130.3310 28.1010 3.31 257.563  77.884 102.623
OT01 127.7730 28.6329 OT27 130.2110 28.9197 3.41 240.155  70.365  81.812
OT01 127.7730 28.6329 OT19 129.6600 29.2404 3.44 195.892  56.879  69.444
OT30 130.3310 28.1010 KYK  130.4100 30.3781 3.12 252.511  80.881   1.722
OT26 130.4990 28.8494 TAS  130.9090 31.1946 3.12 262.968  84.366   8.555
OT25 130.5810 28.9975 NOMT 131.0600 30.7369 3.01 198.290  65.877  13.376
OT16 127.9510 28.2012 KGM  128.2150 26.7567 3.39 162.181  47.869 170.678
OT13 128.6020 29.0207 KYK  130.4100 30.3781 3.42 230.762  67.376  48.864
OT07 128.4610 29.7510 OT27 130.2110 28.9197 3.40 193.305  56.838 118.039
OT06 128.3050 29.3225 OT28 130.2290 28.5500 3.31 206.164  62.379 114.072
OT06 128.3050 29.3225 GMZK 129.6510 28.4973 3.53 160.013  45.381 124.536
OT02 127.8730 28.7925 OT11 128.6350 29.4318 3.38 102.597  30.372  46.135
OT02 127.8730 28.7925 OT07 128.4610 29.7510 3.56 120.666  33.876  28.161
OT01 127.7730 28.6329 OT11 128.6350 29.4318 3.40 122.008  35.874  43.262
KGM  128.2150 26.7567 OT19 129.6600 29.2404 3.41 309.753  90.863  26.973
AMG  128.9210 27.8215 OT28 130.2290 28.5500 3.10 151.657  48.874  57.530
OT34 129.4000 27.3185 OT26 130.4990 28.8494 2.88 201.094  69.873  32.216
OT34 129.4000 27.3185 OT20 130.1540 29.2781 3.13 229.415  73.366  18.628
OT33 129.4500 27.5472 OT25 130.5810 28.9975 2.94 195.321  66.368  34.361
OT28 130.2290 28.5500 OT24 130.8400 29.4501 2.88 116.202  40.376  30.701
OT24 130.8400 29.4501 NOMT 131.0600 30.7369 3.01 144.219  47.881   8.401
OT23 130.8810 29.5506 NOMT 131.0600 30.7369 2.93 132.637  45.300   7.427
OT17 128.4090 28.0396 OT28 130.2290 28.5500 3.26 187.217  57.376  71.987
OT16 127.9510 28.2012 OT12 128.6050 29.2506 3.46 132.709  38.377  28.633
OT13 128.6020 29.0207 OT30 130.3310 28.1010 3.25 197.517  60.849 120.654
OT13 128.6020 29.0207 OT28 130.2290 28.5500 3.32 167.186  50.372 107.791
OT07 128.4610 29.7510 KYK  130.4100 30.3781 3.43 200.335  58.373  69.213
OT05 128.0760 29.0927 OT30 130.3310 28.1010 3.32 246.414  74.333 115.949
OT04 128.2550 29.0525 OT33 129.4500 27.5472 3.35 203.906  60.867 144.614
OT04 128.2550 29.0525 GMZK 129.6510 28.4973 3.49 149.628  42.873 113.948
OT03 128.1910 28.8611 OT33 129.4500 27.5472 3.30 190.989  57.875 139.377
OT03 128.1910 28.8611 AMG  128.9210 27.8215 3.44 135.641  39.373 147.975
OT02 127.8730 28.7925 OT33 129.4500 27.5472 3.33 207.473  62.379 131.322
OT02 127.8730 28.7925 OT24 130.8400 29.4501 3.31 297.867  89.881  75.121
OT01 127.7730 28.6329 OT07 128.4610 29.7510 3.58 140.844  39.375  28.204
OKED 128.6160 27.3855 TKRS 129.2090 29.1442 3.46 203.416  58.842  16.487
OKED 128.6160 27.3855 KYK  130.4100 30.3781 3.43 375.013 109.397  27.392
KGM  128.2150 26.7567 OT26 130.4990 28.8494 3.13 323.125 103.367  43.614
OT34 129.4000 27.3185 GMZK 129.6510 28.4973 3.17 132.946  41.873  10.650
OT33 129.4500 27.5472 OT23 130.8810 29.5506 2.97 262.504  88.385  31.904
OT19 129.6600 29.2404 TAS  130.9090 31.1946 3.42 247.779  72.365  28.729
OT19 129.6600 29.2404 NOMT 131.0600 30.7369 3.35 213.951  63.809  38.816
OT17 128.4090 28.0396 OT33 129.4500 27.5472 3.29 116.181  35.356 117.770
OT16 127.9510 28.2012 OT19 129.6600 29.2404 3.42 202.820  59.374  54.993
OT13 128.6020 29.0207 TAS  130.9090 31.1946 3.44 327.902  95.376  42.132
OT13 128.6020 29.0207 OT25 130.5810 28.9975 3.28 192.869  58.873  90.286
OT12 128.6050 29.2506 OT31 129.6990 27.9990 3.38 175.139  51.862 142.112
OT06 128.3050 29.3225 OT33 129.4500 27.5472 3.39 226.475  66.866 150.039
OT06 128.3050 29.3225 OT27 130.2110 28.9197 3.44 190.787  55.381 103.070
OT06 128.3050 29.3225 AMG  128.9210 27.8215 3.41 176.941  51.874 159.934
OT03 128.1910 28.8611 OT28 130.2290 28.5500 3.35 202.054  60.369  99.337
OT02 127.8730 28.7925 OT20 130.1540 29.2781 3.39 228.681  67.378  75.838
OT01 127.7730 28.6329 OKED 128.6160 27.3855 3.44 161.174  46.880 148.862
OKED 128.6160 27.3855 OT20 130.1540 29.2781 3.36 258.373  76.874  35.368
GMZK 129.6510 28.4973 OT21 130.5800 29.4695 3.17 140.725  44.379  39.807
OT34 129.4000 27.3185 OT24 130.8400 29.4501 3.05 275.162  90.365  30.513
OT33 129.4500 27.5472 OT24 130.8400 29.4501 3.03 250.990  82.862  32.508
OT30 130.3310 28.1010 OT24 130.8400 29.4501 3.04 157.574  51.868  18.273
OT19 129.6600 29.2404 OT30 130.3310 28.1010 3.14 142.296  45.375 152.393
OT19 129.6600 29.2404 KYK  130.4100 30.3781 3.47 145.463  41.872  29.707
OT17 128.4090 28.0396 OT34 129.4000 27.3185 3.25 126.280  38.879 129.026
OT16 127.9510 28.2012 TAS  130.9090 31.1946 3.40 438.193 128.880  40.067
OT16 127.9510 28.2012 OT33 129.4500 27.5472 3.30 164.437  49.875 115.801
OT16 127.9510 28.2012 OT30 130.3310 28.1010 3.33 234.014  70.380  92.161
OT16 127.9510 28.2012 OT11 128.6350 29.4318 3.46 151.842  43.868  25.910
OT12 128.6050 29.2506 OT34 129.4000 27.3185 3.31 227.887  68.869 159.796
OT11 128.6350 29.4318 OT33 129.4500 27.5472 3.34 223.596  66.885 158.891
OT07 128.4610 29.7510 OT24 130.8400 29.4501 3.29 232.842  70.880  97.650
OT07 128.4610 29.7510 OT21 130.5800 29.4695 3.36 207.595  61.876  98.123
OT07 128.4610 29.7510 OT14 128.4990 28.6807 3.45 118.689  34.373 178.216
OT06 128.3050 29.3225 OT34 129.4000 27.3185 3.36 246.705  73.380 153.927
OT06 128.3050 29.3225 OT17 128.4090 28.0396 3.40 142.549  41.877 175.878
OT05 128.0760 29.0927 OT33 129.4500 27.5472 3.33 217.920  65.383 141.483
OT05 128.0760 29.0927 OT27 130.2110 28.9197 3.46 208.880  60.370  94.751
OT05 128.0760 29.0927 KGM  128.2150 26.7567 3.42 259.234  75.866 176.940
OT04 128.2550 29.0525 OT31 129.6990 27.9990 3.40 183.333  53.842 129.212
OT04 128.2550 29.0525 OT28 130.2290 28.5500 3.41 200.595  58.877 105.645
OT03 128.1910 28.8611 OT34 129.4000 27.3185 3.31 208.204  62.883 144.907
OT03 128.1910 28.8611 OT24 130.8400 29.4501 3.31 265.862  80.369  75.146
OT02 127.8730 28.7925 OT31 129.6990 27.9990 3.42 199.404  58.374 115.734
OT02 127.8730 28.7925 OT25 130.5810 28.9975 3.36 265.169  78.872  84.435
OT02 127.8730 28.7925 GMZK 129.6510 28.4973 3.51 176.966  50.375 100.229
OT01 127.7730 28.6329 MNTN 130.8700 30.4624 3.44 362.224 105.359  55.206
OT01 127.7730 28.6329 KYK  130.4100 30.3781 3.43 320.577  93.381  52.246
OKED 128.6160 27.3855 OT31 129.6990 27.9990 3.18 126.633  39.872  57.278
KYK  130.4100 30.3781 OT26 130.4990 28.8494 3.12 169.670  54.312 177.063
KYK  130.4100 30.3781 OT24 130.8400 29.4501 3.14 110.945  35.378 157.897
GMZK 129.6510 28.4973 OT24 130.8400 29.4501 3.11 156.767  50.375  47.366
AMG  128.9210 27.8215 OT27 130.2110 28.9197 3.26 175.488  53.880  45.785
AMG  128.9210 27.8215 OT24 130.8400 29.4501 3.26 260.348  79.886  45.656
OT34 129.4000 27.3185 OT30 130.3310 28.1010 3.06 126.256  41.314  46.409
OT33 129.4500 27.5472 OT28 130.2290 28.5500 2.88 134.943  46.871  34.379
OT33 129.4500 27.5472 OT21 130.5800 29.4695 3.01 240.053  79.885  27.176
OT31 129.6990 27.9990 OT25 130.5810 28.9975 2.90 140.395  48.379  37.773
OT31 129.6990 27.9990 OT23 130.8810 29.5506 2.90 207.128  71.374  33.596
OT31 129.6990 27.9990 OT21 130.5800 29.4695 3.05 184.322  60.354  27.638
OT27 130.2110 28.9197 OT30 130.3310 28.1010 2.92  91.492  31.290 172.595
OT24 130.8400 29.4501 MNTN 130.8700 30.4624 3.00 112.248  37.379   1.475
OT21 130.5800 29.4695 MNTN 130.8700 30.4624 3.08 113.566  36.872  14.201
OT19 129.6600 29.2404 OT31 129.6990 27.9990 3.21 137.637  42.878 178.411
OT16 127.9510 28.2012 OT26 130.4990 28.8494 3.23 259.515  80.370  73.327
OT16 127.9510 28.2012 OT07 128.4610 29.7510 3.45 178.822  51.889  16.019
OT14 128.4990 28.6807 OKED 128.6160 27.3855 3.40 143.997  42.377 175.404
OT13 128.6020 29.0207 AMG  128.9210 27.8215 3.47 136.538  39.371 166.676
OT11 128.6350 29.4318 OT21 130.5800 29.4695 3.35 188.764  56.381  88.256
OT11 128.6350 29.4318 NOMT 131.0600 30.7369 3.36 274.941  81.876  57.651
OT11 128.6350 29.4318 GMZK 129.6510 28.4973 3.46 143.336  41.379 136.024
OT05 128.0760 29.0927 NOMT 131.0600 30.7369 3.36 340.942 101.350  56.952
OT04 128.2550 29.0525 OT21 130.5800 29.4695 3.33 230.696  69.382  77.879
OT04 128.2550 29.0525 AMG  128.9210 27.8215 3.45 151.250  43.841 154.265
OT03 128.1910 28.8611 TAS  130.9090 31.1946 3.41 368.285 107.875  44.717
OT02 127.8730 28.7925 OT34 129.4000 27.3185 3.34 221.909  66.380 137.039
OT02 127.8730 28.7925 OT30 130.3310 28.1010 3.33 252.703  75.864 107.068
OT01 127.7730 28.6329 TKRS 129.2090 29.1442 3.40 151.073  44.381  67.624
OKED 128.6160 27.3855 OT24 130.8400 29.4501 3.20 315.990  98.809  43.085
KGM  128.2150 26.7567 OT31 129.6990 27.9990 3.17 201.206  63.372  46.494
KGM  128.2150 26.7567 OT17 128.4090 28.0396 3.43 143.447  41.858   7.643
AMG  128.9210 27.8215 TKRS 129.2090 29.1442 3.48 149.277  42.871  10.808
OT34 129.4000 27.3185 OT19 129.6600 29.2404 3.28 214.509  65.379   6.755
OT27 130.2110 28.9197 MNTN 130.8700 30.4624 3.10 182.516  58.876  20.301
OT17 128.4090 28.0396 OT31 129.6990 27.9990 3.39 126.895  37.377  91.730
OT17 128.4090 28.0396 OT19 129.6600 29.2404 3.52 180.734  51.374  42.282
OT17 128.4090 28.0396 OT13 128.6020 29.0207 3.41 110.356  32.372   9.790
OT16 127.9510 28.2012 OT27 130.2110 28.9197 3.36 235.014  69.882  69.660
OT16 127.9510 28.2012 KYK  130.4100 30.3781 3.47 339.529  97.875  44.123
OT14 128.4990 28.6807 TAS  130.9090 31.1946 3.44 363.023 105.377  39.271
OT14 128.4990 28.6807 OT21 130.5800 29.4695 3.30 220.685  66.834  66.161
OT13 128.6020 29.0207 OKED 128.6160 27.3855 3.39 181.228  53.381 179.567
OT06 128.3050 29.3225 OT21 130.5800 29.4695 3.39 221.431  65.377  85.225
OT05 128.0760 29.0927 OT31 129.6990 27.9990 3.42 199.764  58.376 126.968
OT05 128.0760 29.0927 GMZK 129.6510 28.4973 3.46 167.349  48.339 112.845
OT03 128.1910 28.8611 OT17 128.4090 28.0396 3.56  93.517  26.284 166.742
OT01 127.7730 28.6329 OT17 128.4090 28.0396 3.31  90.630  27.372 136.360
OKED 128.6160 27.3855 OT26 130.4990 28.8494 3.10 246.082  79.381  48.319
OKED 128.6160 27.3855 OT25 130.5810 28.9975 3.12 262.978  84.369  46.752
OT20 130.1540 29.2781 OT30 130.3310 28.1010 2.97 131.596  44.368 172.422
OT17 128.4090 28.0396 TKRS 129.2090 29.1442 3.47 145.276  41.878  32.385
OT17 128.4090 28.0396 OT25 130.5810 28.9975 3.26 237.636  72.872  62.953
OT17 128.4090 28.0396 OT07 128.4610 29.7510 3.53 189.750  53.815   1.519
OT16 127.9510 28.2012 MNTN 130.8700 30.4624 3.43 378.385 110.316  47.820
OT14 128.4990 28.6807 OT31 129.6990 27.9990 3.38 139.803  41.374 122.426
OT14 128.4990 28.6807 NOMT 131.0600 30.7369 3.39 336.684  99.375  46.770
OT13 128.6020 29.0207 OT21 130.5800 29.4695 3.27 198.634  60.819  75.018
OT12 128.6050 29.2506 KYK  130.4100 30.3781 3.39 214.582  63.373  53.935
OT11 128.6350 29.4318 OT25 130.5810 28.9975 3.32 195.285  58.874 103.796
OT07 128.4610 29.7510 TAS  130.9090 31.1946 3.39 284.364  83.883  55.140
OT05 128.0760 29.0927 TAS  130.9090 31.1946 3.39 358.859 105.889  48.814
OT05 128.0760 29.0927 KYK  130.4100 30.3781 3.41 266.957  78.378  57.172
OT03 128.1910 28.8611 OT27 130.2110 28.9197 3.41 197.120  57.874  87.627
OT02 127.8730 28.7925 TAS  130.9090 31.1946 3.40 395.898 116.372  46.991
OT02 127.8730 28.7925 OT21 130.5800 29.4695 3.33 273.961  82.370  73.451
OT02 127.8730 28.7925 OT17 128.4090 28.0396 3.42  98.630  28.873 147.652
OT01 127.7730 28.6329 TAS  130.9090 31.1946 3.41 415.117 121.878  46.074
OT01 127.7730 28.6329 OT25 130.5810 28.9975 3.30 277.060  83.881  80.942
OKED 128.6160 27.3855 OT21 130.5800 29.4695 3.26 300.631  92.331  39.343
OKED 128.6160 27.3855 OT19 129.6600 29.2404 3.41 229.670  67.332  26.238
KGM  128.2150 26.7567 OT11 128.6350 29.4318 3.46 299.312  86.382   7.821
OT34 129.4000 27.3185 OT25 130.5810 28.9975 2.93 219.251  74.881  31.660
OT34 129.4000 27.3185 OT23 130.8810 29.5506 3.01 286.760  95.364  30.039
OT33 129.4500 27.5472 OT26 130.4990 28.8494 2.89 177.287  61.366  35.266
OT33 129.4500 27.5472 OT19 129.6600 29.2404 3.32 188.775  56.877   6.206
OT27 130.2110 28.9197 NOMT 131.0600 30.7369 3.12 217.517  69.829  21.960
OT25 130.5810 28.9975 MNTN 130.8700 30.4624 3.03 164.766  54.378   9.699
OT23 130.8810 29.5506 TAS  130.9090 31.1946 3.07 182.272  59.333   0.842
OT19 129.6600 29.2404 OT29 130.5910 28.3600 3.11 133.375  42.872 136.796
OT19 129.6600 29.2404 OT28 130.2290 28.5500 3.16  94.510  29.870 143.925
OT19 129.6600 29.2404 OT23 130.8810 29.5506 3.26 123.421  37.871  73.527
OT17 128.4090 28.0396 OT20 130.1540 29.2781 3.43 218.956  63.873  50.766
OT17 128.4090 28.0396 OT12 128.6050 29.2506 3.44 135.578  39.378   8.083
OT16 127.9510 28.2012 OT21 130.5800 29.4695 3.33 292.543  87.851  60.657
OT16 127.9510 28.2012 NOMT 131.0600 30.7369 3.42 412.195 120.384  46.262
OT14 128.4990 28.6807 GMZK 129.6510 28.4973 3.43 114.541  33.374  99.948
OT13 128.6020 29.0207 OT20 130.1540 29.2781 3.46 153.726  44.378  78.929
OT13 128.6020 29.0207 GMZK 129.6510 28.4973 3.48 117.778  33.873 119.256
OT07 128.4610 29.7510 OT34 129.4000 27.3185 3.32 284.826  85.869 160.947
OT05 128.0760 29.0927 OKED 128.6160 27.3855 3.42 196.472  57.381 164.237
OT03 128.1910 28.8611 OT19 129.6600 29.2404 3.48 149.098  42.869  73.269
OT02 127.8730 28.7925 TKRS 129.2090 29.1442 3.45 135.955  39.373  73.016
OKED 128.6160 27.3855 OT11 128.6350 29.4318 3.47 226.797  65.322   0.470
TKRS 129.2090 29.1442 NOMT 131.0600 30.7369 3.36 251.221  74.880  44.895
OT28 130.2290 28.5500 OT30 130.3310 28.1010 2.92  50.762  17.372 168.578
OT28 130.2290 28.5500 OT26 130.4990 28.8494 2.85  42.412  14.876  38.455
OT27 130.2110 28.9197 OT24 130.8400 29.4501 2.96  84.861  28.698  45.999
OT16 127.9510 28.2012 OT06 128.3050 29.3225 3.50 128.992  36.876  15.457
OT14 128.4990 28.6807 OT33 129.4500 27.5472 3.31 156.559  47.313 143.131
OT14 128.4990 28.6807 OT27 130.2110 28.9197 3.26 169.210  51.873  80.584
OT14 128.4990 28.6807 OT25 130.5810 28.9975 3.25 206.210  63.371  79.698
OT14 128.4990 28.6807 MNTN 130.8700 30.4624 3.41 302.957  88.870  48.743
OT14 128.4990 28.6807 AMG  128.9210 27.8215 3.43 103.843  30.231 156.388
OT12 128.6050 29.2506 GMZK 129.6510 28.4973 3.44 131.851  38.373 129.037
OT07 128.4610 29.7510 OT13 128.6020 29.0207 3.59  82.091  22.873 170.395
OT06 128.3050 29.3225 OT20 130.1540 29.2781 3.53 179.737  50.874  91.119
OT05 128.0760 29.0927 OT34 129.4000 27.3185 3.33 235.714  70.870 146.212
OT05 128.0760 29.0927 OT11 128.6350 29.4318 3.50  66.040  18.874  55.174
OT04 128.2550 29.0525 OT23 130.8810 29.5506 3.29 261.075  79.378  77.154
OT03 128.1910 28.8611 OT21 130.5800 29.4695 3.30 241.991  73.375  73.243
OT03 128.1910 28.8611 OKED 128.6160 27.3855 3.45 168.768  48.876 165.591
OT01 127.7730 28.6329 OT05 128.0760 29.0927 3.39  58.915  17.374  30.046
OT01 127.7730 28.6329 NOMT 131.0600 30.7369 3.40 394.441 115.842  52.955
OKED 128.6160 27.3855 OT28 130.2290 28.5500 3.18 204.546  64.323  50.509
MNTN 130.8700 30.4624 OT23 130.8810 29.5506 2.98 101.076  33.873 179.401
KGM  128.2150 26.7567 OT23 130.8810 29.5506 3.26 405.470 124.377  39.603
KGM  128.2150 26.7567 OKED 128.6160 27.3855 3.29  80.197  24.376  29.598
TKRS 129.2090 29.1442 KYK  130.4100 30.3781 3.56 179.439  50.376  40.045
OT31 129.6990 27.9990 OT26 130.4990 28.8494 2.86 122.591  42.879  39.566
OT26 130.4990 28.8494 NOMT 131.0600 30.7369 2.99 216.152  72.364  14.400
OT19 129.6600 29.2404 OT21 130.5800 29.4695 3.22  92.893  28.876  73.911
OT17 128.4090 28.0396 OT21 130.5800 29.4695 3.38 264.700  78.383  52.709
OT16 127.9510 28.2012 OT31 129.6990 27.9990 3.51 173.193  49.371  97.024
OT16 127.9510 28.2012 OKED 128.6160 27.3855 3.39 111.626  32.880 143.923
OT14 128.4990 28.6807 OT24 130.8400 29.4501 3.27 243.392  74.364  68.927
OT14 128.4990 28.6807 OT23 130.8810 29.5506 3.24 251.092  77.378  66.846
OT13 128.6020 29.0207 OT29 130.5910 28.3600 3.23 207.759  64.381 110.160
OT12 128.6050 29.2506 TAS  130.9090 31.1946 3.40 309.234  90.871  45.253
OT12 128.6050 29.2506 OT24 130.8400 29.4501 3.34 218.139  65.370  83.638
OT12 128.6050 29.2506 OT21 130.5800 29.4695 3.34 193.280  57.868  82.308
OT11 128.6350 29.4318 OT28 130.2290 28.5500 3.26 183.501  56.375 121.795
OT11 128.6350 29.4318 KYK  130.4100 30.3781 3.36 200.969  59.883  58.099
OT07 128.4610 29.7510 OT29 130.5910 28.3600 3.22 258.452  80.364 126.101
OT02 127.8730 28.7925 OT29 130.5910 28.3600 3.22 270.269  83.882  99.566
OT02 127.8730 28.7925 OT14 128.4990 28.6807 3.81  62.442  16.376 101.296
OT02 127.8730 28.7925 OT04 128.2550 29.0525 3.39  47.103  13.874  52.189
OT02 127.8730 28.7925 OKED 128.6160 27.3855 3.45 172.186  49.880 154.727
OT02 127.8730 28.7925 AMG  128.9210 27.8215 3.48 148.859  42.776 136.047
OT01 127.7730 28.6329 OT20 130.1540 29.2781 3.40 242.882  71.373  72.306
OT01 127.7730 28.6329 OT14 128.4990 28.6807 3.41  71.161  20.874  85.558
OT01 127.7730 28.6329 OT13 128.6020 29.0207 3.29  91.592  27.874  61.815
OT01 127.7730 28.6329 OT12 128.6050 29.2506 3.38 106.159  31.371  49.642
GMZK 129.6510 28.4973 NOMT 131.0600 30.7369 3.15 283.274  89.871  28.450
OT31 129.6990 27.9990 OT29 130.5910 28.3600 2.94  96.350  32.806  65.257
OT31 129.6990 27.9990 OT24 130.8400 29.4501 2.95 195.700  66.317  34.464
OT31 129.6990 27.9990 OT20 130.1540 29.2781 3.17 148.597  46.876  17.336
OT30 130.3310 28.1010 TAS  130.9090 31.1946 3.11 347.456 111.866   9.133
OT28 130.2290 28.5500 OT25 130.5810 28.9975 2.76  60.377  21.876  34.685
OT27 130.2110 28.9197 OT28 130.2290 28.5500 2.85  41.011  14.375 177.579
OT20 130.1540 29.2781 OT29 130.5910 28.3600 2.95 110.334  37.376 157.152
OT20 130.1540 29.2781 OT28 130.2290 28.5500 2.96  81.023  27.363 174.852
OT19 129.6600 29.2404 OT24 130.8400 29.4501 3.21 116.945  36.375  78.249
OT16 127.9510 28.2012 OT13 128.6020 29.0207 3.43 110.901  32.368  34.864
OT16 127.9510 28.2012 OT05 128.0760 29.0927 3.33  99.558  29.879   7.021
OT16 127.9510 28.2012 OT04 128.2550 29.0525 3.49  98.907  28.373  17.389
OT12 128.6050 29.2506 OT33 129.4500 27.5472 3.36 206.131  61.367 156.122
OT06 128.3050 29.3225 OT31 129.6990 27.9990 3.37 200.191  59.369 136.779
OT05 128.0760 29.0927 OT24 130.8400 29.4501 3.34 271.513  81.364  80.940
OT04 128.2550 29.0525 OT27 130.2110 28.9197 3.48 191.211  54.867  93.943
OT04 128.2550 29.0525 OT07 128.4610 29.7510 3.57  79.978  22.378  14.470
OT03 128.1910 28.8611 OT31 129.6990 27.9990 3.42 175.905  51.374 122.539
OT03 128.1910 28.8611 OT25 130.5810 28.9975 3.32 233.534  70.396  85.714
OT03 128.1910 28.8611 OT20 130.1540 29.2781 3.40 196.671  57.878  75.935
OT03 128.1910 28.8611 OT07 128.4610 29.7510 3.47 102.068  29.372  14.832
OT02 127.8730 28.7925 MNTN 130.8700 30.4624 3.41 344.275 100.842  56.749
OT01 127.7730 28.6329 OT31 129.6990 27.9990 3.42 201.491  58.881 109.949
OT01 127.7730 28.6329 OT06 128.3050 29.3225 3.50  92.353  26.372  34.019
KYK  130.4100 30.3781 OT21 130.5800 29.4695 3.15 102.053  32.354 170.685
AMG  128.9210 27.8215 TAS  130.9090 31.1946 3.44 420.630 122.383  26.792
AMG  128.9210 27.8215 OT25 130.5810 28.9975 3.07 208.434  67.872  50.907
TKRS 129.2090 29.1442 TAS  130.9090 31.1946 3.49 280.149  80.364  35.354
TKRS 129.2090 29.1442 OT34 129.4000 27.3185 3.29 203.205  61.858 174.644
TKRS 129.2090 29.1442 OT24 130.8400 29.4501 3.25 162.080  49.871  77.530
OT34 129.4000 27.3185 OT29 130.5910 28.3600 3.14 164.568  52.377  45.192
OT33 129.4500 27.5472 OT27 130.2110 28.9197 3.06 169.449  55.375  25.972
OT30 130.3310 28.1010 OT21 130.5800 29.4695 2.96 153.614  51.879   9.055
OT29 130.5910 28.3600 OT24 130.8400 29.4501 3.30 123.233  37.377  11.296
OT28 130.2290 28.5500 OT29 130.5910 28.3600 3.21  41.297  12.873 120.571
OT28 130.2290 28.5500 OT21 130.5800 29.4695 2.88 107.514  37.370  18.490
OT25 130.5810 28.9975 OT24 130.8400 29.4501 3.23  56.127  17.377  26.584
OT17 128.4090 28.0396 TAS  130.9090 31.1946 3.46 425.328 122.892  34.090
OT17 128.4090 28.0396 OT11 128.6350 29.4318 3.47 155.866  44.879   8.075
OT16 127.9510 28.2012 OT29 130.5910 28.3600 3.29 259.612  78.885  85.492
OT16 127.9510 28.2012 OT25 130.5810 28.9975 3.28 271.965  82.866  70.442
OT14 128.4990 28.6807 TKRS 129.2090 29.1442 3.34  86.201  25.824  53.247
OT13 128.6020 29.0207 OT19 129.6600 29.2404 3.48 105.811  30.385  76.439
OT13 128.6020 29.0207 NOMT 131.0600 30.7369 3.40 304.269  89.386  50.698
OT12 128.6050 29.2506 OKED 128.6160 27.3855 3.46 206.707  59.811 179.716
OT12 128.6050 29.2506 NOMT 131.0600 30.7369 3.36 288.524  85.819  54.572
OT12 128.6050 29.2506 AMG  128.9210 27.8215 3.48 161.375  46.372 168.881
OT07 128.4610 29.7510 NOMT 131.0600 30.7369 3.33 272.968  81.874  65.750
OT06 128.3050 29.3225 OT23 130.8810 29.5506 3.33 251.221  75.374  83.595
OT05 128.0760 29.0927 OT29 130.5910 28.3600 3.28 258.785  78.874 107.683
OT05 128.0760 29.0927 OT28 130.2290 28.5500 3.45 218.534  63.380 105.458
OT05 128.0760 29.0927 OT17 128.4090 28.0396 3.58 121.179  33.877 164.318
OT04 128.2550 29.0525 TAS  130.9090 31.1946 3.39 349.015 102.863  46.475
OT04 128.2550 29.0525 NOMT 131.0600 30.7369 3.38 329.059  97.384  54.741
OT02 127.8730 28.7925 OT16 127.9510 28.2012 3.50  65.983  18.874 173.283
OT01 127.7730 28.6329 OT21 130.5800 29.4695 3.32 288.664  86.842  70.589
OKED 128.6160 27.3855 GMZK 129.6510 28.4973 3.41 159.905  46.879  39.360
KGM  128.2150 26.7567 OT12 128.6050 29.2506 3.45 279.024  80.877   7.813
GMZK 129.6510 28.4973 OT25 130.5810 28.9975 2.97 106.408  35.876  58.378
TKRS 129.2090 29.1442 OT21 130.5800 29.4695 3.22 138.014  42.875  74.524
OT33 129.4500 27.5472 OT30 130.3310 28.1010 3.01 106.293  35.372  54.530
OT31 129.6990 27.9990 OT30 130.3310 28.1010 3.18  63.174  19.835  79.545
OT30 130.3310 28.1010 OT23 130.8810 29.5506 2.95 169.400  57.365  18.351
OT27 130.2110 28.9197 OT25 130.5810 28.9975 3.00  37.112  12.375  76.476
OT21 130.5800 29.4695 OT25 130.5810 28.9975 2.93  52.317  17.874 179.883
OT21 130.5800 29.4695 NOMT 131.0600 30.7369 3.07 147.921  48.261  18.107
OT17 128.4090 28.0396 OT30 130.3310 28.1010 3.18 189.020  59.366  87.487
OT17 128.4090 28.0396 OT29 130.5910 28.3600 3.22 217.158  67.378  80.078
OT16 127.9510 28.2012 AMG  128.9210 27.8215 3.49 104.273  29.878 113.573
OT14 128.4990 28.6807 OT30 130.3310 28.1010 3.19 190.681  59.831 109.255
OT14 128.4990 28.6807 OT26 130.4990 28.8494 3.22 196.198  60.874  84.053
OT14 128.4990 28.6807 OT19 129.6600 29.2404 3.36 129.048  38.373  60.990
OT12 128.6050 29.2506 OT30 130.3310 28.1010 3.21 211.373  65.869 126.653
OT12 128.6050 29.2506 OT28 130.2290 28.5500 3.28 176.339  53.795 115.734
OT11 128.6350 29.4318 OT31 129.6990 27.9990 3.40 189.793  55.871 146.536
OT11 128.6350 29.4318 OT26 130.4990 28.8494 3.24 192.530  59.331 109.136
OT11 128.6350 29.4318 AMG  128.9210 27.8215 3.45 180.655  52.379 171.015
OT07 128.4610 29.7510 OT31 129.6990 27.9990 3.42 228.646  66.875 147.831
OT07 128.4610 29.7510 OT25 130.5810 28.9975 3.30 222.117  67.369 111.567
OT07 128.4610 29.7510 OT19 129.6600 29.2404 3.46 129.284  37.376 115.667
OT03 128.1910 28.8611 MNTN 130.8700 30.4624 3.42 314.269  91.865  54.961
OT03 128.1910 28.8611 GMZK 129.6510 28.4973 3.46 148.307  42.839 105.427
OT01 127.7730 28.6329 OT28 130.2290 28.5500 3.32 240.368  72.378  91.606
OT01 127.7730 28.6329 OT04 128.2550 29.0525 3.33  66.111  19.877  45.180
AMG  128.9210 27.8215 OT30 130.3310 28.1010 3.07 142.131  46.372  77.084
TKRS 129.2090 29.1442 OT33 129.4500 27.5472 3.38 178.564  52.877 172.332
TKRS 129.2090 29.1442 OT28 130.2290 28.5500 3.24 119.334  36.877 123.251
TAS  130.9090 31.1946 NOMT 131.0600 30.7369 3.13  52.749  16.874 164.101
OT34 129.4000 27.3185 OT31 129.6990 27.9990 3.01  80.950  26.876  21.253
OT34 129.4000 27.3185 OT21 130.5800 29.4695 2.98 264.938  88.876  25.596
OT33 129.4500 27.5472 OT29 130.5910 28.3600 3.05 143.965  47.155  51.005
OT31 129.6990 27.9990 OT28 130.2290 28.5500 2.78  80.197  28.879  40.286
OT17 128.4090 28.0396 OT23 130.8810 29.5506 3.29 293.732  89.362  54.655
OT17 128.4090 28.0396 GMZK 129.6510 28.4973 3.44 132.007  38.374  67.112
OT14 128.4990 28.6807 OT11 128.6350 29.4318 3.39  84.294  24.873   8.994
OT13 128.6020 29.0207 OT31 129.6990 27.9990 3.36 156.051  46.384 136.257
OT11 128.6350 29.4318 OT19 129.6600 29.2404 3.59 101.795  28.379 101.779
OT06 128.3050 29.3225 KYK  130.4100 30.3781 3.41 234.640  68.870  59.569
OT05 128.0760 29.0927 TKRS 129.2090 29.1442 3.63 110.390  30.377  86.761
OT05 128.0760 29.0927 OT14 128.4990 28.6807 3.54  61.537  17.374 137.804
OT01 127.7730 28.6329 OT16 127.9510 28.2012 3.42  50.924  14.877 159.929
GMZK 129.6510 28.4973 OT19 129.6600 29.2404 3.45  82.367  23.874   0.580
AMG  128.9210 27.8215 OT31 129.6990 27.9990 3.24  79.033  24.378  75.406
TKRS 129.2090 29.1442 MNTN 130.8700 30.4624 3.37 217.128  64.372  47.299
OT33 129.4500 27.5472 GMZK 129.6510 28.4973 3.16 107.134  33.871  10.603
OT30 130.3310 28.1010 OT26 130.4990 28.8494 2.78  84.559  30.373  11.179
OT27 130.2110 28.9197 OT29 130.5910 28.3600 2.85  72.328  25.378 148.962
OT27 130.2110 28.9197 OT23 130.8810 29.5506 3.01  95.578  31.764  42.814
OT26 130.4990 28.8494 OT24 130.8400 29.4501 2.82  74.398  26.373  26.419
OT21 130.5800 29.4695 OT23 130.8810 29.5506 2.81  30.537  10.875  72.806
OT20 130.1540 29.2781 OT26 130.4990 28.8494 2.93  58.170  19.874 144.687
OT17 128.4090 28.0396 OT14 128.4990 28.6807 3.43  71.594  20.873   7.042
OT16 127.9510 28.2012 OT28 130.2290 28.5500 3.27 226.556  69.368  79.639
OT16 127.9510 28.2012 OT14 128.4990 28.6807 3.38  75.529  22.372  45.155
OT11 128.6350 29.4318 OT20 130.1540 29.2781 3.51 148.530  42.377  96.215
OT06 128.3050 29.3225 OT19 129.6600 29.2404 3.58 131.975  36.875  93.624
OT05 128.0760 29.0927 OT23 130.8810 29.5506 3.29 277.145  84.367  78.767
OT05 128.0760 29.0927 OT21 130.5800 29.4695 3.39 246.878  72.804  79.653
OT03 128.1910 28.8611 OT29 130.5910 28.3600 3.16 241.221  76.384 102.737
GMZK 129.6510 28.4973 OT28 130.2290 28.5500 2.93  56.806  19.374  83.960
TKRS 129.2090 29.1442 OT30 130.3310 28.1010 3.20 159.400  49.875 136.228
OT33 129.4500 27.5472 OT20 130.1540 29.2781 3.19 203.864  63.867  19.621
OT31 129.6990 27.9990 OT27 130.2110 28.9197 2.96 113.703  38.374  26.059
OT30 130.3310 28.1010 OT25 130.5810 28.9975 2.89 102.333  35.373  13.790
OT26 130.4990 28.8494 OT21 130.5800 29.4695 2.90  69.184  23.815   6.538
OT26 130.4990 28.8494 MNTN 130.8700 30.4624 2.97 182.369  61.383  11.277
OT20 130.1540 29.2781 OT24 130.8400 29.4501 3.10  69.263  22.314  73.856
OT19 129.6600 29.2404 OT26 130.4990 28.8494 3.10  92.495  29.876 117.736
OT16 127.9510 28.2012 OT23 130.8810 29.5506 3.30 322.582  97.871  61.682
OT16 127.9510 28.2012 OT03 128.1910 28.8611 3.59  76.815  21.373  17.749
OT14 128.4990 28.6807 OT28 130.2290 28.5500 3.28 169.769  51.790  94.482
OT12 128.6050 29.2506 OT29 130.5910 28.3600 3.20 217.552  67.879 116.503
OT12 128.6050 29.2506 OT25 130.5810 28.9975 3.33 194.333  58.376  97.821
OT07 128.4610 29.7510 OT26 130.4990 28.8494 3.32 221.762  66.876 116.285
OT07 128.4610 29.7510 OT23 130.8810 29.5506 3.34 235.346  70.379  94.820
OT06 128.3050 29.3225 OT24 130.8400 29.4501 3.36 246.495  73.383  86.092
OT06 128.3050 29.3225 OT14 128.4990 28.6807 3.44  73.603  21.378 165.072
OT06 128.3050 29.3225 NOMT 131.0600 30.7369 3.36 308.541  91.828  58.779
OT05 128.0760 29.0927 OT26 130.4990 28.8494 3.35 237.671  70.883  95.930
OT03 128.1910 28.8611 OT30 130.3310 28.1010 3.28 225.828  68.866 111.392
OT03 128.1910 28.8611 OT11 128.6350 29.4318 3.52  76.585  21.745  34.207
OT02 127.8730 28.7925 OT13 128.6020 29.0207 3.37  75.489  22.374  70.250
OT02 127.8730 28.7925 OT06 128.3050 29.3225 3.39  72.283  21.297  35.536
OT02 127.8730 28.7925 NOMT 131.0600 30.7369 3.38 376.127 111.379  54.261
OT02 127.8730 28.7925 KYK  130.4100 30.3781 3.42 302.178  88.382  53.819
OT01 127.7730 28.6329 GMZK 129.6510 28.4973 3.49 184.386  52.833  94.228
MNTN 130.8700 30.4624 TAS  130.9090 31.1946 3.20  81.267  25.372   2.623
KYK  130.4100 30.3781 NOMT 131.0600 30.7369 3.10  73.995  23.877  57.314
AMG  128.9210 27.8215 OT19 129.6600 29.2404 3.44 173.082  50.373  24.518
OT33 129.4500 27.5472 OT31 129.6990 27.9990 3.12  55.746  17.873  26.030
OT13 128.6020 29.0207 OT27 130.2110 28.9197 3.43 157.232  45.880  93.695
OT13 128.6020 29.0207 OT23 130.8810 29.5506 3.28 229.130  69.878  74.595
OT11 128.6350 29.4318 OT23 130.8810 29.5506 3.29 218.228  66.357  85.991
OT07 128.4610 29.7510 GMZK 129.6510 28.4973 3.39 180.898  53.378 139.898
OT05 128.0760 29.0927 OT25 130.5810 28.9975 3.37 244.212  72.381  91.871
OT05 128.0760 29.0927 OT20 130.1540 29.2781 3.42 203.175  59.373  83.692
OT05 128.0760 29.0927 OT19 129.6600 29.2404 3.49 154.942  44.371  83.551
OT03 128.1910 28.8611 TKRS 129.2090 29.1442 3.32 104.008  31.375  72.195
OT03 128.1910 28.8611 OT23 130.8810 29.5506 3.33 272.518  81.886  73.064
OKED 128.6160 27.3855 TAS  130.9090 31.1946 3.45 477.377 138.370  27.275
GMZK 129.6510 28.4973 OT27 130.2110 28.9197 3.02  71.981  23.874  49.295
TKRS 129.2090 29.1442 OT25 130.5810 28.9975 3.25 134.620  41.371  96.606
OT19 129.6600 29.2404 OT25 130.5810 28.9975 3.19  93.622  29.376 106.489
OT17 128.4090 28.0396 OT26 130.4990 28.8494 3.20 223.502  69.866  65.833
OT16 127.9510 28.2012 GMZK 129.6510 28.4973 3.48 169.893  48.876  78.463
OT12 128.6050 29.2506 OT19 129.6600 29.2404 3.49 102.523  29.376  90.376
OT12 128.6050 29.2506 MNTN 130.8700 30.4624 3.41 256.771  75.366  57.902
OT07 128.4610 29.7510 MNTN 130.8700 30.4624 3.41 245.204  71.865  70.643
OT04 128.2550 29.0525 MNTN 130.8700 30.4624 3.38 297.344  87.868  57.653
OT03 128.1910 28.8611 OT26 130.4990 28.8494 3.34 225.183  67.388  89.776
OT01 127.7730 28.6329 OT29 130.5910 28.3600 3.23 277.569  85.881  95.585
OT01 127.7730 28.6329 AMG  128.9210 27.8215 3.49 144.167  41.344 128.318
TKRS 129.2090 29.1442 OT31 129.6990 27.9990 3.36 135.673  40.379 159.194
OT26 130.4990 28.8494 OT29 130.5910 28.3600 3.04  54.988  18.076 170.518
OT26 130.4990 28.8494 OT23 130.8810 29.5506 2.84  86.151  30.378  25.467
OT05 128.0760 29.0927 AMG  128.9210 27.8215 3.49 163.397  46.872 149.365
OT04 128.2550 29.0525 OT29 130.5910 28.3600 3.20 240.876  75.368 108.019
GMZK 129.6510 28.4973 OT30 130.3310 28.1010 3.15  79.825  25.374 123.219
AMG  128.9210 27.8215 OT33 129.4500 27.5472 3.20  60.378  18.874 120.103
OT14 128.4990 28.6807 OT12 128.6050 29.2506 3.58  64.009  17.875   9.289
OT11 128.6350 29.4318 TKRS 129.2090 29.1442 3.59  64.239  17.874 119.609
OT11 128.6350 29.4318 OT24 130.8400 29.4501 3.30 213.970  64.879  88.918
OT07 128.4610 29.7510 OKED 128.6160 27.3855 3.46 262.606  75.876 176.664
OT06 128.3050 29.3225 OT25 130.5810 28.9975 3.31 224.356  67.884  98.686
OT06 128.3050 29.3225 MNTN 130.8700 30.4624 3.40 278.119  81.872  62.348
OT05 128.0760 29.0927 MNTN 130.8700 30.4624 3.36 309.909  92.345  59.983
OT19 129.6600 29.2404 OT27 130.2110 28.9197 3.24  64.354  19.875 123.394
OT12 128.6050 29.2506 OT27 130.2110 28.9197 3.47 160.564  46.299 102.815
OT04 128.2550 29.0525 OT25 130.5810 28.9975 3.34 226.726  67.882  90.979
AMG  128.9210 27.8215 OT34 129.4000 27.3185 3.00  73.118  24.373 139.555
TKRS 129.2090 29.1442 OT27 130.2110 28.9197 3.57 100.736  28.249 104.060
OT04 128.2550 29.0525 OT19 129.6600 29.2404 3.43 138.314  40.372  81.000
OT27 130.2110 28.9197 OT21 130.5800 29.4695 3.03  70.731  23.375  30.419
OT13 128.6020 29.0207 MNTN 130.8700 30.4624 3.40 271.445  79.837  53.380
OT25 130.5810 28.9975 OT29 130.5910 28.3600 3.31  70.661  21.374 179.197
