KGM  128.2150 26.7567 OT04 128.2550 29.0525 3.70 254.446  68.751   0.864
KGM  128.2150 26.7567 GMZK 129.6510 28.4973 3.72 239.356  64.257  35.983
GMZK 129.6510 28.4973 TAS  130.9090 31.1946 3.68 322.754  87.753  21.815
GMZK 129.6510 28.4973 KYK  130.4100 30.3781 3.73 221.081  59.239  19.258
OT07 128.4610 29.7510 OT30 130.3310 28.1010 3.68 258.218  70.244 134.635
AMG  128.9210 27.8215 KYK  130.4100 30.3781 3.82 318.263  83.228  26.728
OT04 128.2550 29.0525 OT26 130.4990 28.8494 3.71 219.937  59.250  95.333
OT04 128.2550 29.0525 KYK  130.4100 30.3781 3.77 255.097  67.755  54.303
OT14 128.4990 28.6807 KYK  130.4100 30.3781 3.76 264.016  70.254  44.087
OT02 127.8730 28.7925 OT28 130.2290 28.5500 3.95 231.858  58.743  96.093
KGM  128.2150 26.7567 OT29 130.5910 28.3600 3.71 294.320  79.246  52.328
OT34 129.4000 27.3185 OT27 130.2110 28.9197 3.69 194.496  52.752  23.981
OT02 127.8730 28.7925 OT27 130.2110 28.9197 3.76 228.598  60.749  85.903
KGM  128.2150 26.7567 OT24 130.8400 29.4501 3.69 394.467 106.757  40.225
OT28 130.2290 28.5500 NOMT 131.0600 30.7369 3.66 255.433  69.695  18.170
OT17 128.4090 28.0396 OT24 130.8400 29.4501 3.83 284.272  74.242  56.063
OT04 128.2550 29.0525 OT30 130.3310 28.1010 3.68 228.867  62.243 116.939
KGM  128.2150 26.7567 OT33 129.4500 27.5472 3.89 150.507  38.651  54.132
KGM  128.2150 26.7567 OT14 128.4990 28.6807 3.82 215.037  56.248   7.413
OT28 130.2290 28.5500 TAS  130.9090 31.1946 3.67 300.437  81.752  12.474
OT11 128.6350 29.4318 OT34 129.4000 27.3185 3.80 245.935  64.754 162.052
OT04 128.2550 29.0525 OT34 129.4000 27.3185 3.70 222.676  60.248 149.381
KGM  128.2150 26.7567 OT20 130.1540 29.2781 3.79 338.279  89.256  33.865
OT27 130.2110 28.9197 TAS  130.9090 31.1946 3.66 261.015  71.257  14.778
OT20 130.1540 29.2781 TAS  130.9090 31.1946 3.67 224.538  61.249  18.694
OT01 127.7730 28.6329 OT34 129.4000 27.3185 3.68 216.441  58.752 131.914
KYK  130.4100 30.3781 OT25 130.5810 28.9975 3.87 153.933  39.745 173.771
KGM  128.2150 26.7567 OT28 130.2290 28.5500 3.73 280.989  75.251  44.532
KGM  128.2150 26.7567 OT06 128.3050 29.3225 3.73 284.480  76.248   1.758
OT34 129.4000 27.3185 OT28 130.2290 28.5500 3.76 158.962  42.255  30.657
OT34 129.4000 27.3185 KYK  130.4100 30.3781 3.73 353.116  94.745  15.957
OT29 130.5910 28.3600 TAS  130.9090 31.1946 3.64 315.713  86.758   5.510
OT28 130.2290 28.5500 KYK  130.4100 30.3781 3.82 203.394  53.245   4.913
OT25 130.5810 28.9975 TAS  130.9090 31.1946 3.73 245.602  65.757   7.315
OT21 130.5800 29.4695 TAS  130.9090 31.1946 3.75 193.842  51.746   9.314
OT14 128.4990 28.6807 OT20 130.1540 29.2781 3.81 174.381  45.752  67.287
OT13 128.6020 29.0207 OT24 130.8400 29.4501 3.67 222.742  60.742  77.120
OT03 128.1910 28.8611 KGM  128.2150 26.7567 3.75 233.215  62.257 179.411
OT01 127.7730 28.6329 KGM  128.2150 26.7567 3.78 212.434  56.244 168.052
AMG  128.9210 27.8215 OT21 130.5800 29.4695 3.72 244.263  65.715  41.213
OT28 130.2290 28.5500 MNTN 130.8700 30.4624 3.67 220.913  60.244  16.199
OT27 130.2110 28.9197 KYK  130.4100 30.3781 3.90 162.802  41.755   6.745
OT24 130.8400 29.4501 TAS  130.9090 31.1946 3.74 193.506  51.753   1.951
OT20 130.1540 29.2781 NOMT 131.0600 30.7369 3.62 183.816  50.750  28.162
OT16 127.9510 28.2012 OT20 130.1540 29.2781 3.77 246.087  65.258  60.464
OT14 128.4990 28.6807 OT34 129.4000 27.3185 3.79 175.069  46.253 149.361
OT13 128.6020 29.0207 OT34 129.4000 27.3185 3.70 204.294  55.244 157.236
OT10 128.8440 29.6621 NOMT 131.0600 30.7369 3.61 244.431  67.747  60.276
OT06 128.3050 29.3225 TAS  130.9090 31.1946 3.67 325.370  88.753  49.725
KYK  130.4100 30.3781 OT29 130.5910 28.3600 3.72 224.384  60.253 175.451
KYK  130.4100 30.3781 OT23 130.8810 29.5506 3.76 102.390  27.253 153.505
KGM  128.2150 26.7567 OT34 129.4000 27.3185 3.83 133.056  34.750  61.839
KGM  128.2150 26.7567 OT30 130.3310 28.1010 3.76 256.800  68.243  54.065
KGM  128.2150 26.7567 OT21 130.5800 29.4695 3.72 379.947 102.246  37.154
KGM  128.2150 26.7567 OT07 128.4610 29.7510 3.69 332.717  90.241   4.103
GMZK 129.6510 28.4973 MNTN 130.8700 30.4624 3.72 247.821  66.672  28.193
OT33 129.4500 27.5472 KYK  130.4100 30.3781 3.75 327.410  87.240  16.374
OT31 129.6990 27.9990 KYK  130.4100 30.3781 3.75 272.614  72.755  14.525
OT30 130.3310 28.1010 NOMT 131.0600 30.7369 3.63 300.620  82.747  13.438
OT11 128.6350 29.4318 OT29 130.5910 28.3600 3.67 224.778  61.247 121.429
OT07 128.4610 29.7510 OT33 129.4500 27.5472 3.79 262.679  69.254 158.169
OT02 127.8730 28.7925 OT19 129.6600 29.2404 3.87 181.072  46.752  73.658
KGM  128.2150 26.7567 TKRS 129.2090 29.1442 3.75 282.067  75.258  20.052
KGM  128.2150 26.7567 OT27 130.2110 28.9197 3.72 309.992  83.242  38.899
KGM  128.2150 26.7567 OT25 130.5810 28.9975 3.73 340.488  91.259  42.631
KGM  128.2150 26.7567 AMG  128.9210 27.8215 3.73 137.132  36.755  30.480
OT29 130.5910 28.3600 NOMT 131.0600 30.7369 3.62 267.360  73.754   9.670
OT17 128.4090 28.0396 OT27 130.2110 28.9197 3.79 201.591  53.246  60.639
OT11 128.6350 29.4318 OT27 130.2110 28.9197 3.78 163.481  43.249 109.932
OT07 128.4610 29.7510 OT28 130.2290 28.5500 3.80 217.460  57.256 127.312
OT06 128.3050 29.3225 OT30 130.3310 28.1010 3.76 239.806  63.744 123.882
OT02 127.8730 28.7925 KGM  128.2150 26.7567 3.72 228.114  61.239 171.404
OT01 127.7730 28.6329 OT33 129.4500 27.5472 3.76 204.049  54.254 125.736
OT01 127.7730 28.6329 OT24 130.8400 29.4501 3.68 312.143  84.752  72.396
AMG  128.9210 27.8215 NOMT 131.0600 30.7369 3.76 384.202 102.263  32.235
OT33 129.4500 27.5472 MNTN 130.8700 30.4624 3.73 351.478  94.255  22.844
OT16 127.9510 28.2012 OT34 129.4000 27.3185 3.83 173.145  45.255 124.060
OT04 128.2550 29.0525 OT24 130.8400 29.4501 3.79 255.146  67.250  79.427
OT04 128.2550 29.0525 OT17 128.4090 28.0396 3.87 113.273  29.247 172.287
OKED 128.6160 27.3855 OT27 130.2110 28.9197 3.71 231.212  62.237  42.291
KYK  130.4100 30.3781 TAS  130.9090 31.1946 3.62 102.368  28.263  27.710
KGM  128.2150 26.7567 OT13 128.6020 29.0207 3.69 253.763  68.752   8.538
OT21 130.5800 29.4695 OT29 130.5910 28.3600 3.70 122.976  33.246 179.488
OT20 130.1540 29.2781 MNTN 130.8700 30.4624 3.60 148.379  41.251  27.606
OT20 130.1540 29.2781 KYK  130.4100 30.3781 3.74 124.410  33.247  11.386
OT16 127.9510 28.2012 TKRS 129.2090 29.1442 3.77 161.354  42.754  49.331
OT13 128.6020 29.0207 OT33 129.4500 27.5472 3.80 183.277  48.256 152.797
OT11 128.6350 29.4318 TAS  130.9090 31.1946 3.68 293.316  79.749  47.659
OT11 128.6350 29.4318 OT30 130.3310 28.1010 3.81 221.783  58.257 131.276
OT07 128.4610 29.7510 AMG  128.9210 27.8215 3.76 218.517  58.178 168.030
OT06 128.3050 29.3225 OT29 130.5910 28.3600 3.76 247.299  65.754 115.002
OT03 128.1910 28.8611 KYK  130.4100 30.3781 3.70 272.847  73.742  51.415
OT01 127.7730 28.6329 OT30 130.3310 28.1010 3.86 257.563  66.743 102.623
OT01 127.7730 28.6329 OT27 130.2110 28.9197 3.71 240.155  64.749  81.812
OT01 127.7730 28.6329 OT19 129.6600 29.2404 3.75 195.892  52.252  69.444
OT30 130.3310 28.1010 KYK  130.4100 30.3781 3.70 252.511  68.246   1.722
OT26 130.4990 28.8494 TAS  130.9090 31.1946 3.69 262.968  71.246   8.555
OT25 130.5810 28.9975 NOMT 131.0600 30.7369 3.65 198.290  54.252  13.376
OT16 127.9510 28.2012 KGM  128.2150 26.7567 3.84 162.181  42.246 170.678
OT13 128.6020 29.0207 KYK  130.4100 30.3781 3.68 230.762  62.758  48.864
OT07 128.4610 29.7510 OT27 130.2110 28.9197 3.67 193.305  52.700 118.039
OT06 128.3050 29.3225 OT28 130.2290 28.5500 3.70 206.164  55.750 114.072
OT06 128.3050 29.3225 GMZK 129.6510 28.4973 3.93 160.013  40.737 124.536
OT02 127.8730 28.7925 OT07 128.4610 29.7510 3.92 120.666  30.751  28.161
OT01 127.7730 28.6329 OT11 128.6350 29.4318 3.84 122.008  31.748  43.262
KGM  128.2150 26.7567 OT19 129.6600 29.2404 3.74 309.753  82.755  26.973
AMG  128.9210 27.8215 OT28 130.2290 28.5500 3.77 151.657  40.249  57.530
OT34 129.4000 27.3185 OT26 130.4990 28.8494 3.71 201.094  54.247  32.216
OT34 129.4000 27.3185 OT20 130.1540 29.2781 3.60 229.415  63.744  18.628
OT33 129.4500 27.5472 OT25 130.5810 28.9975 3.77 195.321  51.754  34.361
OT28 130.2290 28.5500 OT24 130.8400 29.4501 3.72 116.202  31.254  30.701
OT24 130.8400 29.4501 NOMT 131.0600 30.7369 3.72 144.219  38.748   8.401
OT23 130.8810 29.5506 NOMT 131.0600 30.7369 3.89 132.637  34.114   7.427
OT17 128.4090 28.0396 OT28 130.2290 28.5500 3.76 187.217  49.752  71.987
OT16 127.9510 28.2012 OT12 128.6050 29.2506 3.88 132.709  34.247  28.633
OT13 128.6020 29.0207 OT30 130.3310 28.1010 3.68 197.517  53.688 120.654
OT07 128.4610 29.7510 KYK  130.4100 30.3781 3.69 200.335  54.247  69.213
OT05 128.0760 29.0927 OT30 130.3310 28.1010 3.69 246.414  66.688 115.949
OT04 128.2550 29.0525 OT33 129.4500 27.5472 3.69 203.906  55.244 144.614
OT04 128.2550 29.0525 GMZK 129.6510 28.4973 3.86 149.628  38.754 113.948
OT03 128.1910 28.8611 OT33 129.4500 27.5472 3.84 190.989  49.750 139.377
OT02 127.8730 28.7925 OT33 129.4500 27.5472 3.69 207.473  56.256 131.322
OT02 127.8730 28.7925 OT24 130.8400 29.4501 3.67 297.867  81.251  75.121
OT01 127.7730 28.6329 OT07 128.4610 29.7510 3.88 140.844  36.253  28.204
OKED 128.6160 27.3855 TKRS 129.2090 29.1442 3.72 203.416  54.696  16.487
OKED 128.6160 27.3855 KYK  130.4100 30.3781 3.80 375.013  98.740  27.392
KGM  128.2150 26.7567 OT26 130.4990 28.8494 3.66 323.125  88.261  43.614
OT34 129.4000 27.3185 GMZK 129.6510 28.4973 3.88 132.946  34.247  10.650
OT33 129.4500 27.5472 OT23 130.8810 29.5506 3.82 262.504  68.754  31.904
OT19 129.6600 29.2404 TAS  130.9090 31.1946 3.74 247.779  66.251  28.729
OT19 129.6600 29.2404 NOMT 131.0600 30.7369 3.71 213.951  57.622  38.816
OT16 127.9510 28.2012 OT19 129.6600 29.2404 3.81 202.820  53.248  54.993
OT13 128.6020 29.0207 TAS  130.9090 31.1946 3.63 327.902  90.257  42.132
OT13 128.6020 29.0207 OT25 130.5810 28.9975 3.84 192.869  50.252  90.286
OT06 128.3050 29.3225 OT33 129.4500 27.5472 3.73 226.475  60.750 150.039
OT06 128.3050 29.3225 OT27 130.2110 28.9197 3.87 190.787  49.248 103.070
OT06 128.3050 29.3225 AMG  128.9210 27.8215 3.87 176.941  45.745 159.934
OT03 128.1910 28.8611 OT28 130.2290 28.5500 3.90 202.054  51.756  99.337
OT01 127.7730 28.6329 OKED 128.6160 27.3855 3.82 161.174  42.247 148.862
OKED 128.6160 27.3855 OT20 130.1540 29.2781 3.81 258.373  67.743  35.368
GMZK 129.6510 28.4973 OT21 130.5800 29.4695 3.73 140.725  37.748  39.807
OT34 129.4000 27.3185 OT24 130.8400 29.4501 3.78 275.162  72.756  30.513
OT33 129.4500 27.5472 OT24 130.8400 29.4501 3.76 250.990  66.753  32.508
OT30 130.3310 28.1010 OT24 130.8400 29.4501 3.73 157.574  42.245  18.273
OT19 129.6600 29.2404 OT30 130.3310 28.1010 3.67 142.296  38.752 152.393
OT16 127.9510 28.2012 TAS  130.9090 31.1946 3.66 438.193 119.758  40.067
OT16 127.9510 28.2012 OT30 130.3310 28.1010 3.85 234.014  60.751  92.161
OT12 128.6050 29.2506 OT34 129.4000 27.3185 3.75 227.887  60.754 159.796
OT11 128.6350 29.4318 OT33 129.4500 27.5472 3.71 223.596  60.252 158.891
OT07 128.4610 29.7510 OT24 130.8400 29.4501 3.87 232.842  60.244  97.650
OT07 128.4610 29.7510 OT21 130.5800 29.4695 4.01 207.595  51.756  98.123
OT07 128.4610 29.7510 OT14 128.4990 28.6807 3.74 118.689  31.752 178.216
OT06 128.3050 29.3225 OT34 129.4000 27.3185 3.78 246.705  65.249 153.927
OT05 128.0760 29.0927 OT33 129.4500 27.5472 3.77 217.920  57.742 141.483
OT05 128.0760 29.0927 OT27 130.2110 28.9197 3.85 208.880  54.255  94.751
OT05 128.0760 29.0927 KGM  128.2150 26.7567 3.66 259.234  70.752 176.940
OT04 128.2550 29.0525 OT31 129.6990 27.9990 3.80 183.333  48.195 129.212
OT04 128.2550 29.0525 OT28 130.2290 28.5500 3.84 200.595  52.252 105.645
OT03 128.1910 28.8611 OT34 129.4000 27.3185 3.64 208.204  57.246 144.907
OT03 128.1910 28.8611 OT24 130.8400 29.4501 3.63 265.862  73.240  75.146
OT02 127.8730 28.7925 OT31 129.6990 27.9990 3.68 199.404  54.245 115.734
OT02 127.8730 28.7925 OT25 130.5810 28.9975 3.78 265.169  70.243  84.435
OT02 127.8730 28.7925 GMZK 129.6510 28.4973 3.95 176.966  44.745 100.229
OT01 127.7730 28.6329 MNTN 130.8700 30.4624 3.71 362.224  97.740  55.206
OT01 127.7730 28.6329 KYK  130.4100 30.3781 3.63 320.577  88.240  52.246
KYK  130.4100 30.3781 OT26 130.4990 28.8494 3.89 169.670  43.617 177.063
KYK  130.4100 30.3781 OT24 130.8400 29.4501 3.86 110.945  28.750 157.897
GMZK 129.6510 28.4973 OT24 130.8400 29.4501 3.71 156.767  42.255  47.366
AMG  128.9210 27.8215 OT27 130.2110 28.9197 3.84 175.488  45.748  45.785
AMG  128.9210 27.8215 OT24 130.8400 29.4501 3.63 260.348  71.741  45.656
OT34 129.4000 27.3185 OT30 130.3310 28.1010 3.74 126.256  33.749  46.409
OT33 129.4500 27.5472 OT28 130.2290 28.5500 3.72 134.943  36.246  34.379
OT33 129.4500 27.5472 OT21 130.5800 29.4695 3.65 240.053  65.750  27.176
OT31 129.6990 27.9990 OT25 130.5810 28.9975 3.82 140.395  36.753  37.773
OT31 129.6990 27.9990 OT23 130.8810 29.5506 3.75 207.128  55.249  33.596
OT31 129.6990 27.9990 OT21 130.5800 29.4695 3.64 184.322  50.680  27.638
OT30 130.3310 28.1010 MNTN 130.8700 30.4624 3.65 266.928  73.151  11.192
OT24 130.8400 29.4501 MNTN 130.8700 30.4624 3.71 112.248  30.247   1.475
OT21 130.5800 29.4695 MNTN 130.8700 30.4624 3.69 113.566  30.752  14.201
OT19 129.6600 29.2404 OT31 129.6990 27.9990 3.85 137.637  35.750 178.411
OT16 127.9510 28.2012 OT26 130.4990 28.8494 3.78 259.515  68.746  73.327
OT16 127.9510 28.2012 OT07 128.4610 29.7510 3.88 178.822  46.124  16.019
OT11 128.6350 29.4318 OT21 130.5800 29.4695 3.87 188.764  48.751  88.256
OT11 128.6350 29.4318 NOMT 131.0600 30.7369 3.70 274.941  74.248  57.651
OT05 128.0760 29.0927 NOMT 131.0600 30.7369 3.68 340.942  92.647  56.952
OT04 128.2550 29.0525 OT21 130.5800 29.4695 3.80 230.696  60.757  77.879
OT04 128.2550 29.0525 AMG  128.9210 27.8215 3.91 151.250  38.703 154.265
OT03 128.1910 28.8611 TAS  130.9090 31.1946 3.64 368.285 101.261  44.717
OT02 127.8730 28.7925 OT34 129.4000 27.3185 3.65 221.909  60.747 137.039
OT02 127.8730 28.7925 OT30 130.3310 28.1010 3.96 252.703  63.749 107.068
OT01 127.7730 28.6329 TKRS 129.2090 29.1442 3.90 151.073  38.747  67.624
OKED 128.6160 27.3855 OT24 130.8400 29.4501 3.71 315.990  85.150  43.085
KGM  128.2150 26.7567 OT31 129.6990 27.9990 3.78 201.206  53.243  46.494
OT34 129.4000 27.3185 OT19 129.6600 29.2404 3.71 214.509  57.757   6.755
OT33 129.4500 27.5472 NOMT 131.0600 30.7369 3.73 386.688 103.753  23.514
OT31 129.6990 27.9990 NOMT 131.0600 30.7369 3.73 331.005  88.765  23.206
OT27 130.2110 28.9197 MNTN 130.8700 30.4624 3.67 182.516  49.745  20.301
OT17 128.4090 28.0396 OT19 129.6600 29.2404 3.87 180.734  46.750  42.282
OT16 127.9510 28.2012 KYK  130.4100 30.3781 3.68 339.529  92.238  44.123
OT14 128.4990 28.6807 TAS  130.9090 31.1946 3.71 363.023  97.744  39.271
OT13 128.6020 29.0207 OKED 128.6160 27.3855 3.84 181.228  47.244 179.567
OT06 128.3050 29.3225 OT21 130.5800 29.4695 3.74 221.431  59.254  85.225
OT05 128.0760 29.0927 OT31 129.6990 27.9990 3.72 199.764  53.743 126.968
OKED 128.6160 27.3855 OT26 130.4990 28.8494 3.71 246.082  66.258  48.319
OKED 128.6160 27.3855 OT25 130.5810 28.9975 3.80 262.978  69.241  46.752
OT20 130.1540 29.2781 OT30 130.3310 28.1010 3.73 131.596  35.252 172.422
OT17 128.4090 28.0396 OT07 128.4610 29.7510 3.78 189.750  50.145   1.519
OT16 127.9510 28.2012 MNTN 130.8700 30.4624 3.74 378.385 101.172  47.820
OT14 128.4990 28.6807 OT31 129.6990 27.9990 3.75 139.803  37.251 122.426
OT14 128.4990 28.6807 NOMT 131.0600 30.7369 3.71 336.684  90.750  46.770
OT13 128.6020 29.0207 OT21 130.5800 29.4695 3.67 198.634  54.138  75.018
OT12 128.6050 29.2506 KYK  130.4100 30.3781 3.75 214.582  57.252  53.935
OT11 128.6350 29.4318 OT25 130.5810 28.9975 3.89 195.285  50.253 103.796
OT07 128.4610 29.7510 TAS  130.9090 31.1946 3.68 284.364  77.252  55.140
OT05 128.0760 29.0927 TAS  130.9090 31.1946 3.67 358.859  97.755  48.814
OT05 128.0760 29.0927 KYK  130.4100 30.3781 3.86 266.957  69.250  57.172
OT02 127.8730 28.7925 TAS  130.9090 31.1946 3.69 395.898 107.260  46.991
OT02 127.8730 28.7925 OT21 130.5800 29.4695 3.66 273.961  74.751  73.451
OT01 127.7730 28.6329 TAS  130.9090 31.1946 3.68 415.117 112.742  46.074
OT01 127.7730 28.6329 OT25 130.5810 28.9975 3.89 277.060  71.242  80.942
OKED 128.6160 27.3855 OT21 130.5800 29.4695 3.70 300.631  81.208  39.343
KGM  128.2150 26.7567 OT11 128.6350 29.4318 3.71 299.312  80.742   7.821
OT34 129.4000 27.3185 OT25 130.5810 28.9975 3.80 219.251  57.743  31.660
OT34 129.4000 27.3185 OT23 130.8810 29.5506 3.81 286.760  75.245  30.039
OT33 129.4500 27.5472 OT19 129.6600 29.2404 3.72 188.775  50.746   6.206
OT27 130.2110 28.9197 NOMT 131.0600 30.7369 3.65 217.517  59.659  21.960
OT19 129.6600 29.2404 OT29 130.5910 28.3600 3.68 133.375  36.253 136.796
OT16 127.9510 28.2012 OT21 130.5800 29.4695 3.77 292.543  77.701  60.657
OT16 127.9510 28.2012 NOMT 131.0600 30.7369 3.70 412.195 111.254  46.262
OT13 128.6020 29.0207 OT20 130.1540 29.2781 3.82 153.726  40.253  78.929
OT07 128.4610 29.7510 OT34 129.4000 27.3185 3.79 284.826  75.251 160.947
OT05 128.0760 29.0927 OKED 128.6160 27.3855 3.87 196.472  50.755 164.237
OT02 127.8730 28.7925 TKRS 129.2090 29.1442 3.75 135.955  36.255  73.016
OKED 128.6160 27.3855 OT11 128.6350 29.4318 3.77 226.797  60.142   0.470
TKRS 129.2090 29.1442 NOMT 131.0600 30.7369 3.71 251.221  67.733  44.895
OT34 129.4000 27.3185 TAS  130.9090 31.1946 3.71 453.951 122.260  18.484
OT14 128.4990 28.6807 MNTN 130.8700 30.4624 3.71 302.957  81.748  48.743
OT05 128.0760 29.0927 OT34 129.4000 27.3185 3.67 235.714  64.245 146.212
OT03 128.1910 28.8611 OT21 130.5800 29.4695 3.60 241.991  67.257  73.243
OT03 128.1910 28.8611 OKED 128.6160 27.3855 3.90 168.768  43.252 165.591
OT01 127.7730 28.6329 NOMT 131.0600 30.7369 3.68 394.441 107.214  52.955
OKED 128.6160 27.3855 OT28 130.2290 28.5500 3.78 204.546  54.170  50.509
KGM  128.2150 26.7567 OT23 130.8810 29.5506 3.75 405.470 108.241  39.603
TKRS 129.2090 29.1442 KYK  130.4100 30.3781 3.76 179.439  47.749  40.045
OT26 130.4990 28.8494 NOMT 131.0600 30.7369 3.56 216.152  60.751  14.400
OT16 127.9510 28.2012 OT31 129.6990 27.9990 3.87 173.193  44.718  97.024
OT13 128.6020 29.0207 OT29 130.5910 28.3600 3.76 207.759  55.255 110.160
OT12 128.6050 29.2506 OT24 130.8400 29.4501 3.68 218.139  59.245  83.638
OT12 128.6050 29.2506 OT21 130.5800 29.4695 3.74 193.280  51.721  82.308
OT11 128.6350 29.4318 OT28 130.2290 28.5500 3.76 183.501  48.752 121.795
OT11 128.6350 29.4318 KYK  130.4100 30.3781 3.85 200.969  52.254  58.099
OT07 128.4610 29.7510 OT29 130.5910 28.3600 3.79 258.452  68.247 126.101
OT02 127.8730 28.7925 OT29 130.5910 28.3600 3.85 270.269  70.254  99.566
OT02 127.8730 28.7925 OKED 128.6160 27.3855 3.76 172.186  45.745 154.727
OT02 127.8730 28.7925 AMG  128.9210 27.8215 3.91 148.859  38.081 136.047
GMZK 129.6510 28.4973 NOMT 131.0600 30.7369 3.71 283.274  76.251  28.450
OT31 129.6990 27.9990 OT24 130.8400 29.4501 3.72 195.700  52.636  34.464
OT30 130.3310 28.1010 TAS  130.9090 31.1946 3.65 347.456  95.246   9.133
OT06 128.3050 29.3225 OT31 129.6990 27.9990 3.83 200.191  52.256 136.779
OT05 128.0760 29.0927 OT24 130.8400 29.4501 3.76 271.513  72.249  80.940
OT04 128.2550 29.0525 OT27 130.2110 28.9197 3.92 191.211  48.716  93.943
OT02 127.8730 28.7925 MNTN 130.8700 30.4624 3.65 344.275  94.219  56.749
OT01 127.7730 28.6329 OT31 129.6990 27.9990 3.82 201.491  52.746 109.949
AMG  128.9210 27.8215 OT25 130.5810 28.9975 3.67 208.434  56.748  50.907
OT34 129.4000 27.3185 OT29 130.5910 28.3600 3.76 164.568  43.745  45.192
OT34 129.4000 27.3185 MNTN 130.8700 30.4624 3.74 376.775 100.661  22.015
OT33 129.4500 27.5472 TAS  130.9090 31.1946 3.70 428.375 115.746  18.959
OT33 129.4500 27.5472 OT27 130.2110 28.9197 3.70 169.449  45.748  25.972
OT31 129.6990 27.9990 TAS  130.9090 31.1946 3.70 373.117 100.761  18.023
OT30 130.3310 28.1010 OT21 130.5800 29.4695 3.77 153.614  40.746   9.055
OT29 130.5910 28.3600 OT24 130.8400 29.4501 3.82 123.233  32.252  11.296
OT28 130.2290 28.5500 OT21 130.5800 29.4695 3.81 107.514  28.249  18.490
OT17 128.4090 28.0396 TAS  130.9090 31.1946 3.76 425.328 113.240  34.090
OT13 128.6020 29.0207 NOMT 131.0600 30.7369 3.63 304.269  83.728  50.698
OT12 128.6050 29.2506 NOMT 131.0600 30.7369 3.71 288.524  77.686  54.572
OT12 128.6050 29.2506 AMG  128.9210 27.8215 3.87 161.375  41.753 168.881
OT07 128.4610 29.7510 NOMT 131.0600 30.7369 3.86 272.968  70.754  65.750
OT05 128.0760 29.0927 OT29 130.5910 28.3600 3.68 258.785  70.246 107.683
OT05 128.0760 29.0927 OT28 130.2290 28.5500 3.75 218.534  58.245 105.458
OT04 128.2550 29.0525 NOMT 131.0600 30.7369 3.69 329.059  89.273  54.741
OKED 128.6160 27.3855 GMZK 129.6510 28.4973 3.79 159.905  42.247  39.360
OT33 129.4500 27.5472 OT30 130.3310 28.1010 3.76 106.293  28.247  54.530
OT30 130.3310 28.1010 OT23 130.8810 29.5506 3.83 169.400  44.253  18.351
OT21 130.5800 29.4695 NOMT 131.0600 30.7369 3.56 147.921  41.551  18.107
OT17 128.4090 28.0396 KYK  130.4100 30.3781 3.76 324.068  86.257  36.409
OT07 128.4610 29.7510 OT31 129.6990 27.9990 3.67 228.646  62.250 147.831
OT07 128.4610 29.7510 OT25 130.5810 28.9975 3.69 222.117  60.243 111.567
OT03 128.1910 28.8611 MNTN 130.8700 30.4624 3.69 314.269  85.260  54.961
OT34 129.4000 27.3185 OT21 130.5800 29.4695 3.72 264.938  71.258  25.596
OT06 128.3050 29.3225 KYK  130.4100 30.3781 3.80 234.640  61.747  59.569
OT03 128.1910 28.8611 NOMT 131.0600 30.7369 3.68 346.637  94.195  52.440
OKED 128.6160 27.3855 OT30 130.3310 28.1010 3.95 186.778  47.250  64.484
OT34 129.4000 27.3185 NOMT 131.0600 30.7369 3.72 411.922 110.672  22.712
OT31 129.6990 27.9990 MNTN 130.8700 30.4624 3.71 295.834  79.654  22.360
KGM  128.2150 26.7567 KYK  130.4100 30.3781 3.75 455.152 121.245  27.631
AMG  128.9210 27.8215 MNTN 130.8700 30.4624 3.81 348.761  91.659  32.472
OT17 128.4090 28.0396 NOMT 131.0600 30.7369 3.75 394.437 105.239  40.079
OT17 128.4090 28.0396 MNTN 130.8700 30.4624 3.74 359.609  96.204  41.103
