KGM  128.2150 26.7567 OT04 128.2550 29.0525 3.68 254.446  69.124   0.864
KGM  128.2150 26.7567 GMZK 129.6510 28.4973 3.65 239.356  65.631  35.983
GMZK 129.6510 28.4973 TAS  130.9090 31.1946 3.60 322.754  89.629  21.815
GMZK 129.6510 28.4973 KYK  130.4100 30.3781 3.65 221.081  60.620  19.258
OT07 128.4610 29.7510 OT30 130.3310 28.1010 3.61 258.218  71.628 134.635
AMG  128.9210 27.8215 KYK  130.4100 30.3781 3.72 318.263  85.601  26.728
OT04 128.2550 29.0525 OT26 130.4990 28.8494 3.72 219.937  59.123  95.333
OT04 128.2550 29.0525 KYK  130.4100 30.3781 3.72 255.097  68.630  54.303
OT14 128.4990 28.6807 KYK  130.4100 30.3781 3.71 264.016  71.125  44.087
OT02 127.8730 28.7925 OT28 130.2290 28.5500 3.82 231.858  60.632  96.093
KGM  128.2150 26.7567 OT29 130.5910 28.3600 3.61 294.320  81.620  52.328
OT34 129.4000 27.3185 OT27 130.2110 28.9197 3.56 194.496  54.618  23.981
OT02 127.8730 28.7925 OT27 130.2110 28.9197 3.74 228.598  61.122  85.903
KGM  128.2150 26.7567 OT24 130.8400 29.4501 3.60 394.467 109.635  40.225
OT28 130.2290 28.5500 NOMT 131.0600 30.7369 3.57 255.433  71.570  18.170
OT17 128.4090 28.0396 OT24 130.8400 29.4501 3.76 284.272  75.624  56.063
OT04 128.2550 29.0525 OT30 130.3310 28.1010 3.60 228.867  63.627 116.939
KGM  128.2150 26.7567 OT33 129.4500 27.5472 3.71 150.507  40.524  54.132
KGM  128.2150 26.7567 OT14 128.4990 28.6807 3.76 215.037  57.130   7.413
OT28 130.2290 28.5500 TAS  130.9090 31.1946 3.55 300.437  84.630  12.474
OT11 128.6350 29.4318 OT34 129.4000 27.3185 3.72 245.935  66.129 162.052
OT04 128.2550 29.0525 OT34 129.4000 27.3185 3.67 222.676  60.625 149.381
KGM  128.2150 26.7567 OT20 130.1540 29.2781 3.67 338.279  92.124  33.865
OT27 130.2110 28.9197 TAS  130.9090 31.1946 3.57 261.015  73.134  14.778
OT20 130.1540 29.2781 TAS  130.9090 31.1946 3.56 224.538  63.126  18.694
OT01 127.7730 28.6329 OT34 129.4000 27.3185 3.66 216.441  59.121 131.914
KYK  130.4100 30.3781 OT25 130.5810 28.9975 3.79 153.933  40.626 173.771
KGM  128.2150 26.7567 OT28 130.2290 28.5500 3.62 280.989  77.621  44.532
KGM  128.2150 26.7567 OT06 128.3050 29.3225 3.66 284.480  77.621   1.758
OT34 129.4000 27.3185 OT28 130.2290 28.5500 3.60 158.962  44.119  30.657
OT34 129.4000 27.3185 KYK  130.4100 30.3781 3.65 353.116  96.612  15.957
OT29 130.5910 28.3600 TAS  130.9090 31.1946 3.54 315.713  89.134   5.510
OT28 130.2290 28.5500 KYK  130.4100 30.3781 3.72 203.394  54.632   4.913
OT25 130.5810 28.9975 TAS  130.9090 31.1946 3.63 245.602  67.622   7.315
OT21 130.5800 29.4695 TAS  130.9090 31.1946 3.62 193.842  53.622   9.314
OT14 128.4990 28.6807 OT20 130.1540 29.2781 3.74 174.381  46.641  67.287
OT13 128.6020 29.0207 OT24 130.8400 29.4501 3.67 222.742  60.627  77.120
OT03 128.1910 28.8611 KGM  128.2150 26.7567 3.72 233.215  62.625 179.411
OT01 127.7730 28.6329 KGM  128.2150 26.7567 3.69 212.434  57.633 168.052
AMG  128.9210 27.8215 OT21 130.5800 29.4695 3.64 244.263  67.105  41.213
OT28 130.2290 28.5500 MNTN 130.8700 30.4624 3.56 220.913  62.124  16.199
OT27 130.2110 28.9197 KYK  130.4100 30.3781 3.78 162.802  43.126   6.745
OT24 130.8400 29.4501 TAS  130.9090 31.1946 3.64 193.506  53.132   1.951
OT20 130.1540 29.2781 NOMT 131.0600 30.7369 3.53 183.816  52.132  28.162
OT16 127.9510 28.2012 OT20 130.1540 29.2781 3.72 246.087  66.117  60.464
OT14 128.4990 28.6807 OT34 129.4000 27.3185 3.72 175.069  47.112 149.361
OT13 128.6020 29.0207 OT34 129.4000 27.3185 3.64 204.294  56.125 157.236
OT10 128.8440 29.6621 NOMT 131.0600 30.7369 3.54 244.431  69.126  60.276
OT06 128.3050 29.3225 TAS  130.9090 31.1946 3.65 325.370  89.118  49.725
KYK  130.4100 30.3781 OT29 130.5910 28.3600 3.64 224.384  61.627 175.451
KYK  130.4100 30.3781 OT23 130.8810 29.5506 3.71 102.390  27.628 153.505
KGM  128.2150 26.7567 OT34 129.4000 27.3185 3.79 133.056  35.126  61.839
KGM  128.2150 26.7567 OT30 130.3310 28.1010 3.66 256.800  70.126  54.065
KGM  128.2150 26.7567 OT21 130.5800 29.4695 3.63 379.947 104.611  37.154
KGM  128.2150 26.7567 OT07 128.4610 29.7510 3.67 332.717  90.634   4.103
GMZK 129.6510 28.4973 MNTN 130.8700 30.4624 3.64 247.821  68.045  28.193
OT33 129.4500 27.5472 KYK  130.4100 30.3781 3.65 327.410  89.628  16.374
OT31 129.6990 27.9990 KYK  130.4100 30.3781 3.68 272.614  74.120  14.525
OT30 130.3310 28.1010 NOMT 131.0600 30.7369 3.51 300.620  85.622  13.438
OT11 128.6350 29.4318 OT29 130.5910 28.3600 3.62 224.778  62.128 121.429
OT07 128.4610 29.7510 OT33 129.4500 27.5472 3.72 262.679  70.632 158.169
OT02 127.8730 28.7925 OT19 129.6600 29.2404 3.76 181.072  48.119  73.658
KGM  128.2150 26.7567 TKRS 129.2090 29.1442 3.70 282.067  76.131  20.052
KGM  128.2150 26.7567 OT27 130.2110 28.9197 3.62 309.992  85.633  38.899
KGM  128.2150 26.7567 OT25 130.5810 28.9975 3.66 340.488  93.131  42.631
KGM  128.2150 26.7567 AMG  128.9210 27.8215 3.60 137.132  38.124  30.480
OT29 130.5910 28.3600 NOMT 131.0600 30.7369 3.54 267.360  75.632   9.670
OT17 128.4090 28.0396 OT27 130.2110 28.9197 3.72 201.591  54.118  60.639
OT11 128.6350 29.4318 OT27 130.2110 28.9197 3.70 163.481  44.124 109.932
OT07 128.4610 29.7510 OT28 130.2290 28.5500 3.74 217.460  58.129 127.312
OT06 128.3050 29.3225 OT30 130.3310 28.1010 3.77 239.806  63.626 123.882
OT02 127.8730 28.7925 KGM  128.2150 26.7567 3.67 228.114  62.123 171.404
OT01 127.7730 28.6329 OT33 129.4500 27.5472 3.67 204.049  55.629 125.736
OT01 127.7730 28.6329 OT24 130.8400 29.4501 3.62 312.143  86.132  72.396
AMG  128.9210 27.8215 NOMT 131.0600 30.7369 3.65 384.202 105.117  32.235
OT33 129.4500 27.5472 MNTN 130.8700 30.4624 3.66 351.478  96.137  22.844
OT16 127.9510 28.2012 OT34 129.4000 27.3185 3.71 173.145  46.620 124.060
OT04 128.2550 29.0525 OT24 130.8400 29.4501 3.74 255.146  68.130  79.427
OT04 128.2550 29.0525 OT17 128.4090 28.0396 3.89 113.273  29.127 172.287
OKED 128.6160 27.3855 OT27 130.2110 28.9197 3.63 231.212  63.607  42.291
KYK  130.4100 30.3781 TAS  130.9090 31.1946 3.57 102.368  28.635  27.710
KGM  128.2150 26.7567 OT13 128.6020 29.0207 3.64 253.763  69.619   8.538
OT21 130.5800 29.4695 OT29 130.5910 28.3600 3.66 122.976  33.628 179.488
OT20 130.1540 29.2781 MNTN 130.8700 30.4624 3.48 148.379  42.625  27.606
OT20 130.1540 29.2781 KYK  130.4100 30.3781 3.65 124.410  34.122  11.386
OT16 127.9510 28.2012 TKRS 129.2090 29.1442 3.74 161.354  43.120  49.331
OT16 127.9510 28.2012 OT24 130.8400 29.4501 3.63 314.099  86.624  63.166
OT13 128.6020 29.0207 OT33 129.4500 27.5472 3.69 183.277  49.628 152.797
OT11 128.6350 29.4318 TAS  130.9090 31.1946 3.66 293.316  80.119  47.659
OT11 128.6350 29.4318 OT30 130.3310 28.1010 3.72 221.783  59.619 131.276
OT07 128.4610 29.7510 AMG  128.9210 27.8215 3.70 218.517  59.075 168.030
OT06 128.3050 29.3225 OT29 130.5910 28.3600 3.68 247.299  67.128 115.002
OT03 128.1910 28.8611 KYK  130.4100 30.3781 3.66 272.847  74.630  51.415
OT01 127.7730 28.6329 OT30 130.3310 28.1010 3.84 257.563  67.126 102.623
OT01 127.7730 28.6329 OT27 130.2110 28.9197 3.63 240.155  66.122  81.812
OT01 127.7730 28.6329 OT19 129.6600 29.2404 3.72 195.892  52.631  69.444
OT30 130.3310 28.1010 KYK  130.4100 30.3781 3.58 252.511  70.632   1.722
OT26 130.4990 28.8494 TAS  130.9090 31.1946 3.57 262.968  73.619   8.555
OT25 130.5810 28.9975 NOMT 131.0600 30.7369 3.60 198.290  55.126  13.376
OT16 127.9510 28.2012 KGM  128.2150 26.7567 3.76 162.181  43.122 170.678
OT13 128.6020 29.0207 KYK  130.4100 30.3781 3.68 230.762  62.622  48.864
OT07 128.4610 29.7510 OT27 130.2110 28.9197 3.64 193.305  53.062 118.039
OT06 128.3050 29.3225 OT28 130.2290 28.5500 3.58 206.164  57.620 114.072
OT06 128.3050 29.3225 GMZK 129.6510 28.4973 3.80 160.013  42.120 124.536
OT02 127.8730 28.7925 OT11 128.6350 29.4318 3.78 102.597  27.128  46.135
OT02 127.8730 28.7925 OT07 128.4610 29.7510 3.94 120.666  30.626  28.161
OT01 127.7730 28.6329 OT11 128.6350 29.4318 3.86 122.008  31.625  43.262
KGM  128.2150 26.7567 OT19 129.6600 29.2404 3.70 309.753  83.627  26.973
AMG  128.9210 27.8215 OT28 130.2290 28.5500 3.69 151.657  41.122  57.530
OT34 129.4000 27.3185 OT26 130.4990 28.8494 3.62 201.094  55.628  32.216
OT34 129.4000 27.3185 OT20 130.1540 29.2781 3.52 229.415  65.119  18.628
OT33 129.4500 27.5472 OT25 130.5810 28.9975 3.68 195.321  53.120  34.361
OT28 130.2290 28.5500 OT24 130.8400 29.4501 3.62 116.202  32.127  30.701
OT24 130.8400 29.4501 NOMT 131.0600 30.7369 3.64 144.219  39.621   8.401
OT23 130.8810 29.5506 NOMT 131.0600 30.7369 3.79 132.637  34.997   7.427
OT17 128.4090 28.0396 OT28 130.2290 28.5500 3.70 187.217  50.627  71.987
OT16 127.9510 28.2012 OT12 128.6050 29.2506 3.83 132.709  34.623  28.633
OT13 128.6020 29.0207 OT30 130.3310 28.1010 3.65 197.517  54.040 120.654
OT13 128.6020 29.0207 OT28 130.2290 28.5500 3.75 167.186  44.595 107.791
OT07 128.4610 29.7510 KYK  130.4100 30.3781 3.67 200.335  54.632  69.213
OT05 128.0760 29.0927 OT30 130.3310 28.1010 3.62 246.414  68.089 115.949
OT04 128.2550 29.0525 OT33 129.4500 27.5472 3.67 203.906  55.621 144.614
OT04 128.2550 29.0525 GMZK 129.6510 28.4973 3.82 149.628  39.129 113.948
OT03 128.1910 28.8611 OT33 129.4500 27.5472 3.70 190.989  51.619 139.377
OT03 128.1910 28.8611 AMG  128.9210 27.8215 3.70 135.641  36.620 147.975
OT02 127.8730 28.7925 OT33 129.4500 27.5472 3.70 207.473  56.119 131.322
OT02 127.8730 28.7925 OT24 130.8400 29.4501 3.65 297.867  81.630  75.121
OT01 127.7730 28.6329 OT07 128.4610 29.7510 3.85 140.844  36.621  28.204
OKED 128.6160 27.3855 TKRS 129.2090 29.1442 3.66 203.416  55.563  16.487
OKED 128.6160 27.3855 KYK  130.4100 30.3781 3.71 375.013 101.109  27.392
KGM  128.2150 26.7567 OT26 130.4990 28.8494 3.57 323.125  90.613  43.614
OT34 129.4000 27.3185 GMZK 129.6510 28.4973 3.79 132.946  35.124  10.650
OT33 129.4500 27.5472 OT23 130.8810 29.5506 3.72 262.504  70.623  31.904
OT19 129.6600 29.2404 TAS  130.9090 31.1946 3.64 247.779  68.127  28.729
OT19 129.6600 29.2404 NOMT 131.0600 30.7369 3.66 213.951  58.489  38.816
OT16 127.9510 28.2012 OT19 129.6600 29.2404 3.75 202.820  54.129  54.993
OT13 128.6020 29.0207 TAS  130.9090 31.1946 3.64 327.902  90.132  42.132
OT13 128.6020 29.0207 OT25 130.5810 28.9975 3.81 192.869  50.622  90.286
OT12 128.6050 29.2506 OT31 129.6990 27.9990 3.68 175.139  47.605 142.112
OT06 128.3050 29.3225 OT33 129.4500 27.5472 3.62 226.475  62.631 150.039
OT06 128.3050 29.3225 OT27 130.2110 28.9197 3.81 190.787  50.128 103.070
OT06 128.3050 29.3225 AMG  128.9210 27.8215 3.76 176.941  47.121 159.934
OT03 128.1910 28.8611 OT28 130.2290 28.5500 3.80 202.054  53.130  99.337
OT02 127.8730 28.7925 OT20 130.1540 29.2781 3.54 228.681  64.617  75.838
OT01 127.7730 28.6329 OKED 128.6160 27.3855 3.74 161.174  43.129 148.862
OKED 128.6160 27.3855 OT20 130.1540 29.2781 3.71 258.373  69.624  35.368
GMZK 129.6510 28.4973 OT21 130.5800 29.4695 3.64 140.725  38.629  39.807
OT34 129.4000 27.3185 OT24 130.8400 29.4501 3.66 275.162  75.119  30.513
OT33 129.4500 27.5472 OT24 130.8400 29.4501 3.66 250.990  68.633  32.508
OT30 130.3310 28.1010 OT24 130.8400 29.4501 3.61 157.574  43.625  18.273
OT19 129.6600 29.2404 OT30 130.3310 28.1010 3.59 142.296  39.626 152.393
OT16 127.9510 28.2012 TAS  130.9090 31.1946 3.65 438.193 120.119  40.067
OT16 127.9510 28.2012 OT30 130.3310 28.1010 3.77 234.014  62.122  92.161
OT12 128.6050 29.2506 OT34 129.4000 27.3185 3.70 227.887  61.624 159.796
OT11 128.6350 29.4318 OT33 129.4500 27.5472 3.69 223.596  60.628 158.891
OT07 128.4610 29.7510 OT24 130.8400 29.4501 3.87 232.842  60.119  97.650
OT07 128.4610 29.7510 OT21 130.5800 29.4695 3.94 207.595  52.622  98.123
OT07 128.4610 29.7510 OT14 128.4990 28.6807 3.75 118.689  31.625 178.216
OT06 128.3050 29.3225 OT34 129.4000 27.3185 3.70 246.705  66.623 153.927
OT05 128.0760 29.0927 OT33 129.4500 27.5472 3.72 217.920  58.628 141.483
OT05 128.0760 29.0927 OT27 130.2110 28.9197 3.79 208.880  55.128  94.751
OT05 128.0760 29.0927 KGM  128.2150 26.7567 3.64 259.234  71.120 176.940
OT04 128.2550 29.0525 OT31 129.6990 27.9990 3.70 183.333  49.563 129.212
OT04 128.2550 29.0525 OT28 130.2290 28.5500 3.78 200.595  53.124 105.645
OT03 128.1910 28.8611 OT34 129.4000 27.3185 3.61 208.204  57.626 144.907
OT03 128.1910 28.8611 OT24 130.8400 29.4501 3.64 265.862  73.119  75.146
OT02 127.8730 28.7925 OT31 129.6990 27.9990 3.62 199.404  55.130 115.734
OT02 127.8730 28.7925 OT25 130.5810 28.9975 3.73 265.169  71.129  84.435
OT02 127.8730 28.7925 GMZK 129.6510 28.4973 3.88 176.966  45.622 100.229
OT01 127.7730 28.6329 MNTN 130.8700 30.4624 3.64 362.224  99.594  55.206
OT01 127.7730 28.6329 KYK  130.4100 30.3781 3.64 320.577  88.119  52.246
OKED 128.6160 27.3855 OT31 129.6990 27.9990 3.71 126.633  34.124  57.278
KYK  130.4100 30.3781 OT26 130.4990 28.8494 3.77 169.670  45.029 177.063
KYK  130.4100 30.3781 OT24 130.8400 29.4501 3.74 110.945  29.625 157.897
GMZK 129.6510 28.4973 OT24 130.8400 29.4501 3.59 156.767  43.619  47.366
AMG  128.9210 27.8215 OT27 130.2110 28.9197 3.68 175.488  47.622  45.785
AMG  128.9210 27.8215 OT24 130.8400 29.4501 3.56 260.348  73.131  45.656
OT34 129.4000 27.3185 OT30 130.3310 28.1010 3.65 126.256  34.629  46.409
OT33 129.4500 27.5472 OT28 130.2290 28.5500 3.63 134.943  37.123  34.379
OT33 129.4500 27.5472 OT21 130.5800 29.4695 3.58 240.053  67.129  27.176
OT31 129.6990 27.9990 OT25 130.5810 28.9975 3.68 140.395  38.130  37.773
OT31 129.6990 27.9990 OT23 130.8810 29.5506 3.63 207.128  57.123  33.596
OT31 129.6990 27.9990 OT21 130.5800 29.4695 3.54 184.322  52.098  27.638
OT30 130.3310 28.1010 MNTN 130.8700 30.4624 3.53 266.928  75.531  11.192
OT24 130.8400 29.4501 MNTN 130.8700 30.4624 3.61 112.248  31.128   1.475
OT21 130.5800 29.4695 MNTN 130.8700 30.4624 3.54 113.566  32.126  14.201
OT19 129.6600 29.2404 OT31 129.6990 27.9990 3.86 137.637  35.630 178.411
OT16 127.9510 28.2012 OT26 130.4990 28.8494 3.62 259.515  71.630  73.327
OT16 127.9510 28.2012 OT07 128.4610 29.7510 3.76 178.822  47.509  16.019
OT14 128.4990 28.6807 OKED 128.6160 27.3855 3.88 143.997  37.122 175.404
OT13 128.6020 29.0207 AMG  128.9210 27.8215 3.83 136.538  35.622 166.676
OT11 128.6350 29.4318 OT21 130.5800 29.4695 3.80 188.764  49.623  88.256
OT11 128.6350 29.4318 NOMT 131.0600 30.7369 3.64 274.941  75.616  57.651
OT11 128.6350 29.4318 GMZK 129.6510 28.4973 3.97 143.336  36.123 136.024
OT05 128.0760 29.0927 NOMT 131.0600 30.7369 3.64 340.942  93.563  56.952
OT04 128.2550 29.0525 OT21 130.5800 29.4695 3.74 230.696  61.618  77.879
OT04 128.2550 29.0525 AMG  128.9210 27.8215 3.82 151.250  39.584 154.265
OT03 128.1910 28.8611 TAS  130.9090 31.1946 3.64 368.285 101.122  44.717
OT02 127.8730 28.7925 OT34 129.4000 27.3185 3.63 221.909  61.132 137.039
OT02 127.8730 28.7925 OT30 130.3310 28.1010 3.68 252.703  68.632 107.068
OT01 127.7730 28.6329 TKRS 129.2090 29.1442 3.82 151.073  39.600  67.624
OKED 128.6160 27.3855 OT24 130.8400 29.4501 3.61 315.990  87.532  43.085
KGM  128.2150 26.7567 OT31 129.6990 27.9990 3.65 201.206  55.125  46.494
AMG  128.9210 27.8215 TKRS 129.2090 29.1442 3.87 149.277  38.623  10.808
OT34 129.4000 27.3185 OT19 129.6600 29.2404 3.72 214.509  57.617   6.755
OT33 129.4500 27.5472 NOMT 131.0600 30.7369 3.63 386.688 106.614  23.514
OT31 129.6990 27.9990 NOMT 131.0600 30.7369 3.63 331.005  91.136  23.206
OT27 130.2110 28.9197 MNTN 130.8700 30.4624 3.57 182.516  51.125  20.301
OT17 128.4090 28.0396 OT19 129.6600 29.2404 3.80 180.734  47.624  42.282
OT16 127.9510 28.2012 OT27 130.2110 28.9197 3.61 235.014  65.119  69.660
OT16 127.9510 28.2012 KYK  130.4100 30.3781 3.65 339.529  93.124  44.123
OT14 128.4990 28.6807 TAS  130.9090 31.1946 3.66 363.023  99.132  39.271
OT14 128.4990 28.6807 OT21 130.5800 29.4695 3.68 220.685  60.034  66.161
OT13 128.6020 29.0207 OKED 128.6160 27.3855 3.77 181.228  48.122 179.567
OT06 128.3050 29.3225 OT21 130.5800 29.4695 3.74 221.431  59.127  85.225
OT05 128.0760 29.0927 OT31 129.6990 27.9990 3.69 199.764  54.122 126.968
OKED 128.6160 27.3855 OT26 130.4990 28.8494 3.59 246.082  68.623  48.319
OKED 128.6160 27.3855 OT25 130.5810 28.9975 3.67 262.978  71.617  46.752
OT20 130.1540 29.2781 OT30 130.3310 28.1010 3.75 131.596  35.130 172.422
OT17 128.4090 28.0396 TKRS 129.2090 29.1442 3.86 145.276  37.627  32.385
OT17 128.4090 28.0396 OT25 130.5810 28.9975 3.71 237.636  64.122  62.953
OT17 128.4090 28.0396 OT07 128.4610 29.7510 3.72 189.750  51.008   1.519
OT16 127.9510 28.2012 MNTN 130.8700 30.4624 3.71 378.385 102.046  47.820
OT14 128.4990 28.6807 OT31 129.6990 27.9990 3.77 139.803  37.122 122.426
OT14 128.4990 28.6807 NOMT 131.0600 30.7369 3.63 336.684  92.623  46.770
OT13 128.6020 29.0207 OT21 130.5800 29.4695 3.67 198.634  54.050  75.018
OT12 128.6050 29.2506 KYK  130.4100 30.3781 3.72 214.582  57.621  53.935
OT11 128.6350 29.4318 OT25 130.5810 28.9975 3.78 195.285  51.622 103.796
OT07 128.4610 29.7510 TAS  130.9090 31.1946 3.66 284.364  77.631  55.140
OT05 128.0760 29.0927 TAS  130.9090 31.1946 3.68 358.859  97.622  48.814
OT05 128.0760 29.0927 KYK  130.4100 30.3781 3.78 266.957  70.624  57.172
OT03 128.1910 28.8611 OT27 130.2110 28.9197 3.61 197.120  54.619  87.627
OT02 127.8730 28.7925 TAS  130.9090 31.1946 3.68 395.898 107.639  46.991
OT02 127.8730 28.7925 OT21 130.5800 29.4695 3.62 273.961  75.617  73.451
OT01 127.7730 28.6329 TAS  130.9090 31.1946 3.65 415.117 113.637  46.074
OT01 127.7730 28.6329 OT25 130.5810 28.9975 3.76 277.060  73.627  80.942
OKED 128.6160 27.3855 OT21 130.5800 29.4695 3.62 300.631  83.070  39.343
OKED 128.6160 27.3855 OT19 129.6600 29.2404 3.76 229.670  61.050  26.238
KGM  128.2150 26.7567 OT11 128.6350 29.4318 3.67 299.312  81.623   7.821
OT34 129.4000 27.3185 OT25 130.5810 28.9975 3.71 219.251  59.129  31.660
OT34 129.4000 27.3185 OT23 130.8810 29.5506 3.74 286.760  76.633  30.039
OT33 129.4500 27.5472 OT19 129.6600 29.2404 3.69 188.775  51.131   6.206
OT27 130.2110 28.9197 NOMT 131.0600 30.7369 3.53 217.517  61.567  21.960
OT25 130.5810 28.9975 MNTN 130.8700 30.4624 3.65 164.766  45.129   9.699
OT19 129.6600 29.2404 OT29 130.5910 28.3600 3.64 133.375  36.621 136.796
OT19 129.6600 29.2404 OT23 130.8810 29.5506 3.73 123.421  33.124  73.527
OT17 128.4090 28.0396 OT12 128.6050 29.2506 3.86 135.578  35.124   8.083
OT16 127.9510 28.2012 OT21 130.5800 29.4695 3.70 292.543  79.066  60.657
OT16 127.9510 28.2012 NOMT 131.0600 30.7369 3.66 412.195 112.622  46.262
OT13 128.6020 29.0207 OT20 130.1540 29.2781 3.78 153.726  40.625  78.929
OT13 128.6020 29.0207 GMZK 129.6510 28.4973 3.72 117.778  31.627 119.256
OT07 128.4610 29.7510 OT34 129.4000 27.3185 3.72 284.826  76.628 160.947
OT05 128.0760 29.0927 OKED 128.6160 27.3855 3.77 196.472  52.128 164.237
OT03 128.1910 28.8611 OT19 129.6600 29.2404 3.96 149.098  37.623  73.269
OT02 127.8730 28.7925 TKRS 129.2090 29.1442 3.71 135.955  36.626  73.016
OKED 128.6160 27.3855 OT11 128.6350 29.4318 3.75 226.797  60.544   0.470
TKRS 129.2090 29.1442 NOMT 131.0600 30.7369 3.63 251.221  69.112  44.895
OT34 129.4000 27.3185 TAS  130.9090 31.1946 3.61 453.951 125.609  18.484
OT14 128.4990 28.6807 MNTN 130.8700 30.4624 3.64 302.957  83.116  48.743
OT06 128.3050 29.3225 OT20 130.1540 29.2781 3.77 179.737  47.625  91.119
OT05 128.0760 29.0927 OT34 129.4000 27.3185 3.62 235.714  65.132 146.212
OT03 128.1910 28.8611 OT21 130.5800 29.4695 3.61 241.991  67.126  73.243
OT03 128.1910 28.8611 OKED 128.6160 27.3855 3.78 168.768  44.624 165.591
OT01 127.7730 28.6329 NOMT 131.0600 30.7369 3.63 394.441 108.602  52.955
OKED 128.6160 27.3855 OT28 130.2290 28.5500 3.65 204.546  56.040  50.509
KGM  128.2150 26.7567 OT23 130.8810 29.5506 3.65 405.470 111.118  39.603
TKRS 129.2090 29.1442 KYK  130.4100 30.3781 3.69 179.439  48.628  40.045
OT26 130.4990 28.8494 NOMT 131.0600 30.7369 3.51 216.152  61.617  14.400
OT16 127.9510 28.2012 OT31 129.6990 27.9990 3.76 173.193  46.111  97.024
OT13 128.6020 29.0207 OT29 130.5910 28.3600 3.70 207.759  56.121 110.160
OT12 128.6050 29.2506 OT24 130.8400 29.4501 3.66 218.139  59.617  83.638
OT12 128.6050 29.2506 OT21 130.5800 29.4695 3.67 193.280  52.593  82.308
OT11 128.6350 29.4318 OT28 130.2290 28.5500 3.66 183.501  50.123 121.795
OT11 128.6350 29.4318 KYK  130.4100 30.3781 3.71 200.969  54.126  58.099
OT07 128.4610 29.7510 OT29 130.5910 28.3600 3.71 258.452  69.626 126.101
OT02 127.8730 28.7925 OT29 130.5910 28.3600 3.75 270.269  72.129  99.566
OT02 127.8730 28.7925 OKED 128.6160 27.3855 3.69 172.186  46.625 154.727
OT02 127.8730 28.7925 AMG  128.9210 27.8215 3.82 148.859  38.979 136.047
GMZK 129.6510 28.4973 NOMT 131.0600 30.7369 3.60 283.274  78.622  28.450
OT31 129.6990 27.9990 OT24 130.8400 29.4501 3.59 195.700  54.513  34.464
OT30 130.3310 28.1010 TAS  130.9090 31.1946 3.54 347.456  98.124   9.133
OT06 128.3050 29.3225 OT31 129.6990 27.9990 3.70 200.191  54.120 136.779
OT05 128.0760 29.0927 OT24 130.8400 29.4501 3.74 271.513  72.616  80.940
OT04 128.2550 29.0525 OT27 130.2110 28.9197 3.82 191.211  50.108  93.943
OT03 128.1910 28.8611 OT31 129.6990 27.9990 3.65 175.905  48.127 122.539
OT03 128.1910 28.8611 OT25 130.5810 28.9975 3.79 233.534  61.611  85.714
OT02 127.8730 28.7925 MNTN 130.8700 30.4624 3.64 344.275  94.581  56.749
OT01 127.7730 28.6329 OT31 129.6990 27.9990 3.72 201.491  54.121 109.949
AMG  128.9210 27.8215 TAS  130.9090 31.1946 3.65 420.630 115.115  26.792
AMG  128.9210 27.8215 OT25 130.5810 28.9975 3.62 208.434  57.626  50.907
TKRS 129.2090 29.1442 OT24 130.8400 29.4501 3.63 162.080  44.626  77.530
OT34 129.4000 27.3185 OT29 130.5910 28.3600 3.61 164.568  45.625  45.192
OT34 129.4000 27.3185 MNTN 130.8700 30.4624 3.65 376.775 103.085  22.015
OT33 129.4500 27.5472 TAS  130.9090 31.1946 3.63 428.375 118.140  18.959
OT33 129.4500 27.5472 OT27 130.2110 28.9197 3.60 169.449  47.122  25.972
OT31 129.6990 27.9990 TAS  130.9090 31.1946 3.62 373.117 103.128  18.023
OT30 130.3310 28.1010 OT21 130.5800 29.4695 3.60 153.614  42.623   9.055
OT29 130.5910 28.3600 OT24 130.8400 29.4501 3.78 123.233  32.627  11.296
OT28 130.2290 28.5500 OT21 130.5800 29.4695 3.69 107.514  29.129  18.490
OT17 128.4090 28.0396 TAS  130.9090 31.1946 3.66 425.328 116.115  34.090
OT13 128.6020 29.0207 NOMT 131.0600 30.7369 3.60 304.269  84.590  50.698
OT12 128.6050 29.2506 NOMT 131.0600 30.7369 3.63 288.524  79.571  54.572
OT12 128.6050 29.2506 AMG  128.9210 27.8215 3.79 161.375  42.624 168.881
OT07 128.4610 29.7510 NOMT 131.0600 30.7369 3.81 272.968  71.626  65.750
OT05 128.0760 29.0927 OT29 130.5910 28.3600 3.72 258.785  69.622 107.683
OT05 128.0760 29.0927 OT28 130.2290 28.5500 3.66 218.534  59.627 105.458
OT04 128.2550 29.0525 NOMT 131.0600 30.7369 3.63 329.059  90.600  54.741
OKED 128.6160 27.3855 GMZK 129.6510 28.4973 3.66 159.905  43.630  39.360
OT33 129.4500 27.5472 OT30 130.3310 28.1010 3.65 106.293  29.121  54.530
OT30 130.3310 28.1010 OT23 130.8810 29.5506 3.63 169.400  46.628  18.351
OT21 130.5800 29.4695 NOMT 131.0600 30.7369 3.53 147.921  41.952  18.107
OT17 128.4090 28.0396 OT30 130.3310 28.1010 3.77 189.020  50.111  87.487
OT17 128.4090 28.0396 KYK  130.4100 30.3781 3.70 324.068  87.633  36.409
OT12 128.6050 29.2506 OT28 130.2290 28.5500 3.71 176.339  47.531 115.734
OT11 128.6350 29.4318 OT31 129.6990 27.9990 3.68 189.793  51.630 146.536
OT07 128.4610 29.7510 OT31 129.6990 27.9990 3.65 228.646  62.626 147.831
OT07 128.4610 29.7510 OT25 130.5810 28.9975 3.60 222.117  61.631 111.567
OT03 128.1910 28.8611 MNTN 130.8700 30.4624 3.63 314.269  86.623  54.961
TKRS 129.2090 29.1442 OT28 130.2290 28.5500 3.83 119.334  31.125 123.251
OT34 129.4000 27.3185 OT21 130.5800 29.4695 3.62 264.938  73.127  25.596
OT33 129.4500 27.5472 OT29 130.5910 28.3600 3.71 143.965  38.752  51.005
OT06 128.3050 29.3225 KYK  130.4100 30.3781 3.75 234.640  62.621  59.569
OT05 128.0760 29.0927 OT21 130.5800 29.4695 3.63 246.878  68.048  79.653
OT03 128.1910 28.8611 NOMT 131.0600 30.7369 3.63 346.637  95.571  52.440
OKED 128.6160 27.3855 OT30 130.3310 28.1010 3.80 186.778  49.126  64.484
TKRS 129.2090 29.1442 OT30 130.3310 28.1010 3.49 159.400  45.621 136.228
OT31 129.6990 27.9990 OT27 130.2110 28.9197 3.65 113.703  31.126  26.059
OT34 129.4000 27.3185 NOMT 131.0600 30.7369 3.61 411.922 114.043  22.712
OT31 129.6990 27.9990 MNTN 130.8700 30.4624 3.63 295.834  81.564  22.360
KGM  128.2150 26.7567 KYK  130.4100 30.3781 3.68 455.152 123.615  27.631
AMG  128.9210 27.8215 MNTN 130.8700 30.4624 3.67 348.761  95.056  32.472
OT17 128.4090 28.0396 NOMT 131.0600 30.7369 3.67 394.437 107.593  40.079
OT17 128.4090 28.0396 MNTN 130.8700 30.4624 3.65 359.609  98.550  41.103
OT11 128.6350 29.4318 MNTN 130.8700 30.4624 3.78 244.163  64.593  61.552
