KGM  128.2150 26.7567 OT04 128.2550 29.0525 3.65 254.446  69.749   0.864
KGM  128.2150 26.7567 GMZK 129.6510 28.4973 3.59 239.356  66.747  35.983
GMZK 129.6510 28.4973 TAS  130.9090 31.1946 3.58 322.754  90.256  21.815
GMZK 129.6510 28.4973 KYK  130.4100 30.3781 3.64 221.081  60.753  19.258
OT07 128.4610 29.7510 OT30 130.3310 28.1010 3.57 258.218  72.249 134.635
AMG  128.9210 27.8215 KYK  130.4100 30.3781 3.67 318.263  86.720  26.728
OT04 128.2550 29.0525 OT26 130.4990 28.8494 3.71 219.937  59.250  95.333
OT04 128.2550 29.0525 KYK  130.4100 30.3781 3.68 255.097  69.245  54.303
OT14 128.4990 28.6807 KYK  130.4100 30.3781 3.68 264.016  71.743  44.087
OT02 127.8730 28.7925 OT28 130.2290 28.5500 3.79 231.858  61.257  96.093
KGM  128.2150 26.7567 OT29 130.5910 28.3600 3.56 294.320  82.744  52.328
OT34 129.4000 27.3185 OT27 130.2110 28.9197 3.52 194.496  55.255  23.981
OT02 127.8730 28.7925 OT27 130.2110 28.9197 3.73 228.598  61.253  85.903
KGM  128.2150 26.7567 OT24 130.8400 29.4501 3.58 394.467 110.248  40.225
OT28 130.2290 28.5500 NOMT 131.0600 30.7369 3.51 255.433  72.690  18.170
OT17 128.4090 28.0396 OT24 130.8400 29.4501 3.73 284.272  76.253  56.063
OT04 128.2550 29.0525 OT30 130.3310 28.1010 3.59 228.867  63.751 116.939
KGM  128.2150 26.7567 OT33 129.4500 27.5472 3.66 150.507  41.167  54.132
KGM  128.2150 26.7567 OT14 128.4990 28.6807 3.76 215.037  57.252   7.413
OT28 130.2290 28.5500 TAS  130.9090 31.1946 3.52 300.437  85.255  12.474
OT11 128.6350 29.4318 OT34 129.4000 27.3185 3.68 245.935  66.758 162.052
OT04 128.2550 29.0525 OT34 129.4000 27.3185 3.64 222.676  61.242 149.381
KGM  128.2150 26.7567 OT20 130.1540 29.2781 3.63 338.279  93.241  33.865
OT27 130.2110 28.9197 TAS  130.9090 31.1946 3.54 261.015  73.754  14.778
OT20 130.1540 29.2781 TAS  130.9090 31.1946 3.52 224.538  63.753  18.694
OT01 127.7730 28.6329 OT34 129.4000 27.3185 3.62 216.441  59.757 131.914
KYK  130.4100 30.3781 OT25 130.5810 28.9975 3.73 153.933  41.247 173.771
KGM  128.2150 26.7567 OT28 130.2290 28.5500 3.59 280.989  78.248  44.532
KGM  128.2150 26.7567 OT06 128.3050 29.3225 3.64 284.480  78.240   1.758
OT34 129.4000 27.3185 OT28 130.2290 28.5500 3.55 158.962  44.753  30.657
OT34 129.4000 27.3185 KYK  130.4100 30.3781 3.63 353.116  97.250  15.957
OT29 130.5910 28.3600 TAS  130.9090 31.1946 3.50 315.713  90.255   5.510
OT28 130.2290 28.5500 KYK  130.4100 30.3781 3.68 203.394  55.255   4.913
OT25 130.5810 28.9975 TAS  130.9090 31.1946 3.60 245.602  68.242   7.315
OT21 130.5800 29.4695 TAS  130.9090 31.1946 3.57 193.842  54.252   9.314
OT14 128.4990 28.6807 OT20 130.1540 29.2781 3.69 174.381  47.239  67.287
OT13 128.6020 29.0207 OT24 130.8400 29.4501 3.67 222.742  60.742  77.120
OT03 128.1910 28.8611 KGM  128.2150 26.7567 3.72 233.215  62.743 179.411
OT01 127.7730 28.6329 KGM  128.2150 26.7567 3.68 212.434  57.742 168.052
AMG  128.9210 27.8215 OT21 130.5800 29.4695 3.58 244.263  68.211  41.213
OT28 130.2290 28.5500 MNTN 130.8700 30.4624 3.52 220.913  62.742  16.199
OT27 130.2110 28.9197 KYK  130.4100 30.3781 3.68 162.802  44.252   6.745
OT24 130.8400 29.4501 TAS  130.9090 31.1946 3.60 193.506  53.752   1.951
OT20 130.1540 29.2781 NOMT 131.0600 30.7369 3.48 183.816  52.745  28.162
OT16 127.9510 28.2012 OT20 130.1540 29.2781 3.71 246.087  66.241  60.464
OT14 128.4990 28.6807 OT34 129.4000 27.3185 3.67 175.069  47.729 149.361
OT13 128.6020 29.0207 OT34 129.4000 27.3185 3.63 204.294  56.248 157.236
OT10 128.8440 29.6621 NOMT 131.0600 30.7369 3.50 244.431  69.758  60.276
OT06 128.3050 29.3225 TAS  130.9090 31.1946 3.62 325.370  89.757  49.725
KYK  130.4100 30.3781 OT29 130.5910 28.3600 3.61 224.384  62.242 175.451
KYK  130.4100 30.3781 OT23 130.8810 29.5506 3.69 102.390  27.748 153.505
KGM  128.2150 26.7567 OT34 129.4000 27.3185 3.72 133.056  35.749  61.839
KGM  128.2150 26.7567 OT30 130.3310 28.1010 3.63 256.800  70.744  54.065
KGM  128.2150 26.7567 OT21 130.5800 29.4695 3.59 379.947 105.746  37.154
KGM  128.2150 26.7567 OT07 128.4610 29.7510 3.65 332.717  91.255   4.103
GMZK 129.6510 28.4973 MNTN 130.8700 30.4624 3.58 247.821  69.146  28.193
OT33 129.4500 27.5472 KYK  130.4100 30.3781 3.63 327.410  90.245  16.374
OT31 129.6990 27.9990 KYK  130.4100 30.3781 3.65 272.614  74.750  14.525
OT30 130.3310 28.1010 NOMT 131.0600 30.7369 3.48 300.620  86.261  13.438
OT11 128.6350 29.4318 OT29 130.5910 28.3600 3.61 224.778  62.248 121.429
OT07 128.4610 29.7510 OT33 129.4500 27.5472 3.69 262.679  71.245 158.169
OT02 127.8730 28.7925 OT19 129.6600 29.2404 3.75 181.072  48.247  73.658
KGM  128.2150 26.7567 TKRS 129.2090 29.1442 3.67 282.067  76.753  20.052
KGM  128.2150 26.7567 OT27 130.2110 28.9197 3.57 309.992  86.760  38.899
KGM  128.2150 26.7567 OT25 130.5810 28.9975 3.61 340.488  94.240  42.631
KGM  128.2150 26.7567 AMG  128.9210 27.8215 3.59 137.132  38.252  30.480
OT29 130.5910 28.3600 NOMT 131.0600 30.7369 3.51 267.360  76.258   9.670
OT17 128.4090 28.0396 OT27 130.2110 28.9197 3.68 201.591  54.750  60.639
OT11 128.6350 29.4318 OT27 130.2110 28.9197 3.69 163.481  44.256 109.932
OT07 128.4610 29.7510 OT28 130.2290 28.5500 3.73 217.460  58.253 127.312
OT06 128.3050 29.3225 OT30 130.3310 28.1010 3.73 239.806  64.257 123.882
OT02 127.8730 28.7925 KGM  128.2150 26.7567 3.67 228.114  62.224 171.404
OT01 127.7730 28.6329 OT33 129.4500 27.5472 3.66 204.049  55.751 125.736
OT01 127.7730 28.6329 OT24 130.8400 29.4501 3.60 312.143  86.755  72.396
AMG  128.9210 27.8215 NOMT 131.0600 30.7369 3.60 384.202 106.752  32.235
OT33 129.4500 27.5472 MNTN 130.8700 30.4624 3.63 351.478  96.746  22.844
OT16 127.9510 28.2012 OT34 129.4000 27.3185 3.66 173.145  47.256 124.060
OT04 128.2550 29.0525 OT24 130.8400 29.4501 3.74 255.146  68.257  79.427
OT04 128.2550 29.0525 OT17 128.4090 28.0396 3.94 113.273  28.749 172.287
OKED 128.6160 27.3855 OT27 130.2110 28.9197 3.57 231.212  64.711  42.291
KYK  130.4100 30.3781 TAS  130.9090 31.1946 3.56 102.368  28.742  27.710
KGM  128.2150 26.7567 OT13 128.6020 29.0207 3.66 253.763  69.258   8.538
OT21 130.5800 29.4695 OT29 130.5910 28.3600 3.59 122.976  34.246 179.488
OT20 130.1540 29.2781 MNTN 130.8700 30.4624 3.47 148.379  42.748  27.606
OT20 130.1540 29.2781 KYK  130.4100 30.3781 3.63 124.410  34.254  11.386
OT16 127.9510 28.2012 TKRS 129.2090 29.1442 3.69 161.354  43.751  49.331
OT16 127.9510 28.2012 OT24 130.8400 29.4501 3.62 314.099  86.744  63.166
OT13 128.6020 29.0207 OT33 129.4500 27.5472 3.68 183.277  49.749 152.797
OT11 128.6350 29.4318 TAS  130.9090 31.1946 3.65 293.316  80.251  47.659
OT11 128.6350 29.4318 OT30 130.3310 28.1010 3.68 221.783  60.251 131.276
OT07 128.4610 29.7510 AMG  128.9210 27.8215 3.72 218.517  58.694 168.030
OT06 128.3050 29.3225 OT29 130.5910 28.3600 3.68 247.299  67.256 115.002
OT03 128.1910 28.8611 KYK  130.4100 30.3781 3.65 272.847  74.753  51.415
OT01 127.7730 28.6329 OT30 130.3310 28.1010 3.80 257.563  67.744 102.623
OT01 127.7730 28.6329 OT27 130.2110 28.9197 3.60 240.155  66.747  81.812
OT01 127.7730 28.6329 OT19 129.6600 29.2404 3.71 195.892  52.744  69.444
OT30 130.3310 28.1010 KYK  130.4100 30.3781 3.54 252.511  71.250   1.722
OT26 130.4990 28.8494 TAS  130.9090 31.1946 3.57 262.968  73.743   8.555
OT25 130.5810 28.9975 NOMT 131.0600 30.7369 3.56 198.290  55.746  13.376
OT16 127.9510 28.2012 KGM  128.2150 26.7567 3.75 162.181  43.248 170.678
OT13 128.6020 29.0207 KYK  130.4100 30.3781 3.65 230.762  63.257  48.864
OT07 128.4610 29.7510 OT27 130.2110 28.9197 3.60 193.305  53.711 118.039
OT06 128.3050 29.3225 OT28 130.2290 28.5500 3.57 206.164  57.749 114.072
OT06 128.3050 29.3225 GMZK 129.6510 28.4973 3.74 160.013  42.761 124.536
OT02 127.8730 28.7925 OT11 128.6350 29.4318 3.77 102.597  27.250  46.135
OT02 127.8730 28.7925 OT07 128.4610 29.7510 3.92 120.666  30.751  28.161
OT01 127.7730 28.6329 OT11 128.6350 29.4318 3.84 122.008  31.748  43.262
KGM  128.2150 26.7567 OT19 129.6600 29.2404 3.70 309.753  83.740  26.973
AMG  128.9210 27.8215 OT28 130.2290 28.5500 3.63 151.657  41.756  57.530
OT34 129.4000 27.3185 OT26 130.4990 28.8494 3.61 201.094  55.751  32.216
OT34 129.4000 27.3185 OT20 130.1540 29.2781 3.49 229.415  65.754  18.628
OT33 129.4500 27.5472 OT25 130.5810 28.9975 3.63 195.321  53.748  34.361
OT28 130.2290 28.5500 OT24 130.8400 29.4501 3.55 116.202  32.751  30.701
OT24 130.8400 29.4501 NOMT 131.0600 30.7369 3.58 144.219  40.251   8.401
OT23 130.8810 29.5506 NOMT 131.0600 30.7369 3.72 132.637  35.626   7.427
OT17 128.4090 28.0396 OT28 130.2290 28.5500 3.69 187.217  50.750  71.987
OT16 127.9510 28.2012 OT12 128.6050 29.2506 3.82 132.709  34.750  28.633
OT13 128.6020 29.0207 OT30 130.3310 28.1010 3.64 197.517  54.188 120.654
OT13 128.6020 29.0207 OT28 130.2290 28.5500 3.74 167.186  44.726 107.791
OT07 128.4610 29.7510 KYK  130.4100 30.3781 3.66 200.335  54.751  69.213
OT05 128.0760 29.0927 OT30 130.3310 28.1010 3.61 246.414  68.221 115.949
OT04 128.2550 29.0525 OT33 129.4500 27.5472 3.62 203.906  56.250 144.614
OT04 128.2550 29.0525 GMZK 129.6510 28.4973 3.76 149.628  39.752 113.948
OT03 128.1910 28.8611 OT33 129.4500 27.5472 3.69 190.989  51.745 139.377
OT03 128.1910 28.8611 AMG  128.9210 27.8215 3.69 135.641  36.749 147.975
OT02 127.8730 28.7925 OT33 129.4500 27.5472 3.69 207.473  56.256 131.322
OT02 127.8730 28.7925 OT24 130.8400 29.4501 3.64 297.867  81.742  75.121
OT01 127.7730 28.6329 OT07 128.4610 29.7510 3.83 140.844  36.755  28.204
OKED 128.6160 27.3855 TKRS 129.2090 29.1442 3.65 203.416  55.700  16.487
OKED 128.6160 27.3855 KYK  130.4100 30.3781 3.67 375.013 102.239  27.392
KGM  128.2150 26.7567 OT26 130.4990 28.8494 3.52 323.125  91.745  43.614
OT34 129.4000 27.3185 GMZK 129.6510 28.4973 3.72 132.946  35.748  10.650
OT33 129.4500 27.5472 OT23 130.8810 29.5506 3.66 262.504  71.742  31.904
OT19 129.6600 29.2404 TAS  130.9090 31.1946 3.60 247.779  68.751  28.729
OT19 129.6600 29.2404 NOMT 131.0600 30.7369 3.62 213.951  59.119  38.816
OT17 128.4090 28.0396 OT33 129.4500 27.5472 3.72 116.181  31.223 117.770
OT16 127.9510 28.2012 OT19 129.6600 29.2404 3.74 202.820  54.244  54.993
OT13 128.6020 29.0207 TAS  130.9090 31.1946 3.65 327.902  89.738  42.132
OT13 128.6020 29.0207 OT25 130.5810 28.9975 3.80 192.869  50.755  90.286
OT12 128.6050 29.2506 OT31 129.6990 27.9990 3.67 175.139  47.722 142.112
OT06 128.3050 29.3225 OT33 129.4500 27.5472 3.61 226.475  62.753 150.039
OT06 128.3050 29.3225 OT27 130.2110 28.9197 3.76 190.787  50.755 103.070
OT06 128.3050 29.3225 AMG  128.9210 27.8215 3.74 176.941  47.247 159.934
OT03 128.1910 28.8611 OT28 130.2290 28.5500 3.76 202.054  53.752  99.337
OT02 127.8730 28.7925 OT20 130.1540 29.2781 3.53 228.681  64.745  75.838
OT01 127.7730 28.6329 OKED 128.6160 27.3855 3.73 161.174  43.245 148.862
OKED 128.6160 27.3855 OT20 130.1540 29.2781 3.68 258.373  70.248  35.368
GMZK 129.6510 28.4973 OT21 130.5800 29.4695 3.63 140.725  38.746  39.807
OT34 129.4000 27.3185 OT24 130.8400 29.4501 3.61 275.162  76.243  30.513
OT33 129.4500 27.5472 OT24 130.8400 29.4501 3.60 250.990  69.758  32.508
OT30 130.3310 28.1010 OT24 130.8400 29.4501 3.52 157.574  44.753  18.273
OT19 129.6600 29.2404 OT30 130.3310 28.1010 3.54 142.296  40.253 152.393
OT16 127.9510 28.2012 TAS  130.9090 31.1946 3.63 438.193 120.748  40.067
OT16 127.9510 28.2012 OT30 130.3310 28.1010 3.73 234.014  62.755  92.161
OT12 128.6050 29.2506 OT34 129.4000 27.3185 3.66 227.887  62.247 159.796
OT11 128.6350 29.4318 OT33 129.4500 27.5472 3.68 223.596  60.743 158.891
OT07 128.4610 29.7510 OT24 130.8400 29.4501 3.87 232.842  60.244  97.650
OT07 128.4610 29.7510 OT21 130.5800 29.4695 3.93 207.595  52.756  98.123
OT07 128.4610 29.7510 OT14 128.4990 28.6807 3.80 118.689  31.250 178.216
OT06 128.3050 29.3225 OT34 129.4000 27.3185 3.67 246.705  67.259 153.927
OT05 128.0760 29.0927 OT33 129.4500 27.5472 3.71 217.920  58.754 141.483
OT05 128.0760 29.0927 OT27 130.2110 28.9197 3.78 208.880  55.245  94.751
OT05 128.0760 29.0927 KGM  128.2150 26.7567 3.64 259.234  71.257 176.940
OT04 128.2550 29.0525 OT31 129.6990 27.9990 3.69 183.333  49.711 129.212
OT04 128.2550 29.0525 OT28 130.2290 28.5500 3.73 200.595  53.750 105.645
OT03 128.1910 28.8611 OT34 129.4000 27.3185 3.61 208.204  57.754 144.907
OT03 128.1910 28.8611 OT24 130.8400 29.4501 3.65 265.862  72.759  75.146
OT02 127.8730 28.7925 OT31 129.6990 27.9990 3.61 199.404  55.252 115.734
OT02 127.8730 28.7925 OT25 130.5810 28.9975 3.70 265.169  71.745  84.435
OT02 127.8730 28.7925 GMZK 129.6510 28.4973 3.87 176.966  45.751 100.229
OT01 127.7730 28.6329 MNTN 130.8700 30.4624 3.63 362.224  99.704  55.206
OT01 127.7730 28.6329 KYK  130.4100 30.3781 3.63 320.577  88.240  52.246
OKED 128.6160 27.3855 OT31 129.6990 27.9990 3.64 126.633  34.751  57.278
KYK  130.4100 30.3781 OT26 130.4990 28.8494 3.76 169.670  45.161 177.063
KYK  130.4100 30.3781 OT24 130.8400 29.4501 3.73 110.945  29.752 157.897
GMZK 129.6510 28.4973 OT24 130.8400 29.4501 3.54 156.767  44.247  47.366
AMG  128.9210 27.8215 OT27 130.2110 28.9197 3.64 175.488  48.251  45.785
AMG  128.9210 27.8215 OT24 130.8400 29.4501 3.53 260.348  73.753  45.656
OT34 129.4000 27.3185 OT30 130.3310 28.1010 3.63 126.256  34.753  46.409
OT33 129.4500 27.5472 OT28 130.2290 28.5500 3.58 134.943  37.746  34.379
OT33 129.4500 27.5472 OT21 130.5800 29.4695 3.54 240.053  67.754  27.176
OT31 129.6990 27.9990 OT25 130.5810 28.9975 3.62 140.395  38.751  37.773
OT31 129.6990 27.9990 OT23 130.8810 29.5506 3.59 207.128  57.744  33.596
OT31 129.6990 27.9990 OT21 130.5800 29.4695 3.50 184.322  52.694  27.638
OT30 130.3310 28.1010 MNTN 130.8700 30.4624 3.51 266.928  76.135  11.192
OT24 130.8400 29.4501 MNTN 130.8700 30.4624 3.59 112.248  31.249   1.475
OT21 130.5800 29.4695 MNTN 130.8700 30.4624 3.47 113.566  32.747  14.201
OT19 129.6600 29.2404 OT31 129.6990 27.9990 3.80 137.637  36.249 178.411
OT16 127.9510 28.2012 OT26 130.4990 28.8494 3.59 259.515  72.248  73.327
OT16 127.9510 28.2012 OT07 128.4610 29.7510 3.76 178.822  47.622  16.019
OT14 128.4990 28.6807 OKED 128.6160 27.3855 3.87 143.997  37.247 175.404
OT13 128.6020 29.0207 AMG  128.9210 27.8215 3.82 136.538  35.752 166.676
OT11 128.6350 29.4318 OT21 130.5800 29.4695 3.76 188.764  50.243  88.256
OT11 128.6350 29.4318 NOMT 131.0600 30.7369 3.63 274.941  75.741  57.651
OT11 128.6350 29.4318 GMZK 129.6510 28.4973 3.95 143.336  36.251 136.024
OT05 128.0760 29.0927 NOMT 131.0600 30.7369 3.62 340.942  94.183  56.952
OT04 128.2550 29.0525 OT21 130.5800 29.4695 3.71 230.696  62.249  77.879
OT04 128.2550 29.0525 AMG  128.9210 27.8215 3.76 151.250  40.205 154.265
OT03 128.1910 28.8611 TAS  130.9090 31.1946 3.64 368.285 101.261  44.717
OT02 127.8730 28.7925 OT34 129.4000 27.3185 3.59 221.909  61.744 137.039
OT02 127.8730 28.7925 OT30 130.3310 28.1010 3.65 252.703  69.253 107.068
OT01 127.7730 28.6329 TKRS 129.2090 29.1442 3.75 151.073  40.243  67.624
OKED 128.6160 27.3855 OT24 130.8400 29.4501 3.58 315.990  88.167  43.085
KGM  128.2150 26.7567 OT31 129.6990 27.9990 3.58 201.206  56.250  46.494
AMG  128.9210 27.8215 TKRS 129.2090 29.1442 3.85 149.277  38.753  10.808
OT34 129.4000 27.3185 OT19 129.6600 29.2404 3.71 214.509  57.757   6.755
OT33 129.4500 27.5472 NOMT 131.0600 30.7369 3.57 386.688 108.255  23.514
OT31 129.6990 27.9990 NOMT 131.0600 30.7369 3.59 331.005  92.253  23.206
OT27 130.2110 28.9197 MNTN 130.8700 30.4624 3.53 182.516  51.748  20.301
OT17 128.4090 28.0396 OT19 129.6600 29.2404 3.79 180.734  47.750  42.282
OT16 127.9510 28.2012 OT27 130.2110 28.9197 3.57 235.014  65.757  69.660
OT16 127.9510 28.2012 KYK  130.4100 30.3781 3.64 339.529  93.252  44.123
OT14 128.4990 28.6807 TAS  130.9090 31.1946 3.66 363.023  99.241  39.271
OT14 128.4990 28.6807 OT21 130.5800 29.4695 3.64 220.685  60.661  66.161
OT13 128.6020 29.0207 OKED 128.6160 27.3855 3.76 181.228  48.250 179.567
OT06 128.3050 29.3225 OT21 130.5800 29.4695 3.74 221.431  59.254  85.225
OT05 128.0760 29.0927 OT31 129.6990 27.9990 3.68 199.764  54.254 126.968
OKED 128.6160 27.3855 OT26 130.4990 28.8494 3.55 246.082  69.241  48.319
OKED 128.6160 27.3855 OT25 130.5810 28.9975 3.62 262.978  72.746  46.752
OT20 130.1540 29.2781 OT30 130.3310 28.1010 3.68 131.596  35.750 172.422
OT17 128.4090 28.0396 TKRS 129.2090 29.1442 3.85 145.276  37.754  32.385
OT17 128.4090 28.0396 OT25 130.5810 28.9975 3.70 237.636  64.243  62.953
OT17 128.4090 28.0396 OT07 128.4610 29.7510 3.71 189.750  51.159   1.519
OT16 127.9510 28.2012 MNTN 130.8700 30.4624 3.68 378.385 102.710  47.820
OT14 128.4990 28.6807 OT31 129.6990 27.9990 3.80 139.803  36.752 122.426
OT14 128.4990 28.6807 NOMT 131.0600 30.7369 3.63 336.684  92.750  46.770
OT13 128.6020 29.0207 OT21 130.5800 29.4695 3.67 198.634  54.168  75.018
OT12 128.6050 29.2506 KYK  130.4100 30.3781 3.72 214.582  57.745  53.935
OT11 128.6350 29.4318 OT25 130.5810 28.9975 3.74 195.285  52.243 103.796
OT07 128.4610 29.7510 TAS  130.9090 31.1946 3.66 284.364  77.759  55.140
OT05 128.0760 29.0927 TAS  130.9090 31.1946 3.67 358.859  97.755  48.814
OT05 128.0760 29.0927 KYK  130.4100 30.3781 3.72 266.957  71.743  57.172
OT03 128.1910 28.8611 OT27 130.2110 28.9197 3.60 197.120  54.756  87.627
OT02 127.8730 28.7925 TAS  130.9090 31.1946 3.67 395.898 107.757  46.991
OT02 127.8730 28.7925 OT21 130.5800 29.4695 3.59 273.961  76.249  73.451
OT02 127.8730 28.7925 OT17 128.4090 28.0396 3.69  98.630  26.751 147.652
OT01 127.7730 28.6329 TAS  130.9090 31.1946 3.65 415.117 113.762  46.074
OT01 127.7730 28.6329 OT25 130.5810 28.9975 3.73 277.060  74.259  80.942
OKED 128.6160 27.3855 OT21 130.5800 29.4695 3.59 300.631  83.695  39.343
OKED 128.6160 27.3855 OT19 129.6600 29.2404 3.72 229.670  61.689  26.238
KGM  128.2150 26.7567 OT11 128.6350 29.4318 3.66 299.312  81.757   7.821
OT34 129.4000 27.3185 OT25 130.5810 28.9975 3.67 219.251  59.758  31.660
OT34 129.4000 27.3185 OT23 130.8810 29.5506 3.74 286.760  76.756  30.039
OT33 129.4500 27.5472 OT19 129.6600 29.2404 3.68 188.775  51.256   6.206
OT27 130.2110 28.9197 NOMT 131.0600 30.7369 3.50 217.517  62.183  21.960
OT25 130.5810 28.9975 MNTN 130.8700 30.4624 3.60 164.766  45.756   9.699
OT23 130.8810 29.5506 TAS  130.9090 31.1946 3.56 182.272  51.200   0.842
OT19 129.6600 29.2404 OT29 130.5910 28.3600 3.63 133.375  36.753 136.796
OT19 129.6600 29.2404 OT28 130.2290 28.5500 3.60  94.510  26.253 143.925
OT19 129.6600 29.2404 OT23 130.8810 29.5506 3.66 123.421  33.749  73.527
OT17 128.4090 28.0396 OT12 128.6050 29.2506 3.85 135.578  35.252   8.083
OT16 127.9510 28.2012 OT21 130.5800 29.4695 3.67 292.543  79.712  60.657
OT16 127.9510 28.2012 NOMT 131.0600 30.7369 3.64 412.195 113.240  46.262
OT13 128.6020 29.0207 OT20 130.1540 29.2781 3.73 153.726  41.247  78.929
OT13 128.6020 29.0207 GMZK 129.6510 28.4973 3.71 117.778  31.746 119.256
OT07 128.4610 29.7510 OT34 129.4000 27.3185 3.69 284.826  77.251 160.947
OT05 128.0760 29.0927 OKED 128.6160 27.3855 3.76 196.472  52.253 164.237
OT03 128.1910 28.8611 OT19 129.6600 29.2404 3.95 149.098  37.746  73.269
OT02 127.8730 28.7925 TKRS 129.2090 29.1442 3.65 135.955  37.248  73.016
OKED 128.6160 27.3855 OT11 128.6350 29.4318 3.74 226.797  60.673   0.470
TKRS 129.2090 29.1442 NOMT 131.0600 30.7369 3.60 251.221  69.726  44.895
OT34 129.4000 27.3185 TAS  130.9090 31.1946 3.60 453.951 126.238  18.484
OT14 128.4990 28.6807 MNTN 130.8700 30.4624 3.64 302.957  83.253  48.743
OT06 128.3050 29.3225 OT20 130.1540 29.2781 3.76 179.737  47.752  91.119
OT05 128.0760 29.0927 OT34 129.4000 27.3185 3.61 235.714  65.259 146.212
OT03 128.1910 28.8611 OT21 130.5800 29.4695 3.60 241.991  67.257  73.243
OT03 128.1910 28.8611 OKED 128.6160 27.3855 3.77 168.768  44.754 165.591
OT01 127.7730 28.6329 NOMT 131.0600 30.7369 3.61 394.441 109.203  52.955
OKED 128.6160 27.3855 OT28 130.2290 28.5500 3.61 204.546  56.677  50.509
KGM  128.2150 26.7567 OT23 130.8810 29.5506 3.63 405.470 111.761  39.603
TKRS 129.2090 29.1442 KYK  130.4100 30.3781 3.68 179.439  48.747  40.045
OT31 129.6990 27.9990 OT26 130.4990 28.8494 3.63 122.591  33.753  39.566
OT26 130.4990 28.8494 NOMT 131.0600 30.7369 3.47 216.152  62.256  14.400
OT16 127.9510 28.2012 OT31 129.6990 27.9990 3.71 173.193  46.708  97.024
OT13 128.6020 29.0207 OT29 130.5910 28.3600 3.69 207.759  56.258 110.160
OT12 128.6050 29.2506 OT24 130.8400 29.4501 3.65 218.139  59.748  83.638
OT12 128.6050 29.2506 OT21 130.5800 29.4695 3.67 193.280  52.722  82.308
OT11 128.6350 29.4318 OT28 130.2290 28.5500 3.62 183.501  50.747 121.795
OT11 128.6350 29.4318 KYK  130.4100 30.3781 3.70 200.969  54.243  58.099
OT07 128.4610 29.7510 OT29 130.5910 28.3600 3.68 258.452  70.251 126.101
OT02 127.8730 28.7925 OT29 130.5910 28.3600 3.71 270.269  72.751  99.566
OT02 127.8730 28.7925 OKED 128.6160 27.3855 3.68 172.186  46.752 154.727
OT02 127.8730 28.7925 AMG  128.9210 27.8215 3.81 148.859  39.112 136.047
OT01 127.7730 28.6329 OT12 128.6050 29.2506 3.83 106.159  27.747  49.642
GMZK 129.6510 28.4973 NOMT 131.0600 30.7369 3.55 283.274  79.751  28.450
OT31 129.6990 27.9990 OT24 130.8400 29.4501 3.55 195.700  55.142  34.464
OT30 130.3310 28.1010 TAS  130.9090 31.1946 3.52 347.456  98.737   9.133
OT16 127.9510 28.2012 OT05 128.0760 29.0927 3.65  99.558  27.246   7.021
OT06 128.3050 29.3225 OT31 129.6990 27.9990 3.66 200.191  54.757 136.779
OT05 128.0760 29.0927 OT24 130.8400 29.4501 3.73 271.513  72.753  80.940
OT04 128.2550 29.0525 OT27 130.2110 28.9197 3.81 191.211  50.213  93.943
OT03 128.1910 28.8611 OT31 129.6990 27.9990 3.65 175.905  48.246 122.539
OT03 128.1910 28.8611 OT25 130.5810 28.9975 3.75 233.534  62.253  85.714
OT02 127.8730 28.7925 MNTN 130.8700 30.4624 3.62 344.275  95.235  56.749
OT01 127.7730 28.6329 OT31 129.6990 27.9990 3.71 201.491  54.252 109.949
AMG  128.9210 27.8215 TAS  130.9090 31.1946 3.63 420.630 115.748  26.792
AMG  128.9210 27.8215 OT25 130.5810 28.9975 3.58 208.434  58.254  50.907
TKRS 129.2090 29.1442 OT24 130.8400 29.4501 3.62 162.080  44.749  77.530
OT34 129.4000 27.3185 OT29 130.5910 28.3600 3.60 164.568  45.751  45.192
OT34 129.4000 27.3185 MNTN 130.8700 30.4624 3.62 376.775 104.197  22.015
OT33 129.4500 27.5472 TAS  130.9090 31.1946 3.61 428.375 118.762  18.959
OT33 129.4500 27.5472 OT27 130.2110 28.9197 3.55 169.449  47.746  25.972
OT31 129.6990 27.9990 TAS  130.9090 31.1946 3.58 373.117 104.252  18.023
OT30 130.3310 28.1010 OT21 130.5800 29.4695 3.55 153.614  43.247   9.055
OT29 130.5910 28.3600 OT24 130.8400 29.4501 3.76 123.233  32.749  11.296
OT28 130.2290 28.5500 OT21 130.5800 29.4695 3.68 107.514  29.248  18.490
OT17 128.4090 28.0396 TAS  130.9090 31.1946 3.63 425.328 117.235  34.090
OT13 128.6020 29.0207 NOMT 131.0600 30.7369 3.59 304.269  84.731  50.698
OT12 128.6050 29.2506 NOMT 131.0600 30.7369 3.62 288.524  79.725  54.572
OT12 128.6050 29.2506 AMG  128.9210 27.8215 3.78 161.375  42.748 168.881
OT07 128.4610 29.7510 NOMT 131.0600 30.7369 3.78 272.968  72.252  65.750
OT05 128.0760 29.0927 OT29 130.5910 28.3600 3.71 258.785  69.753 107.683
OT05 128.0760 29.0927 OT28 130.2290 28.5500 3.66 218.534  59.758 105.458
OT04 128.2550 29.0525 NOMT 131.0600 30.7369 3.61 329.059  91.253  54.741
OKED 128.6160 27.3855 GMZK 129.6510 28.4973 3.61 159.905  44.246  39.360
OT33 129.4500 27.5472 OT30 130.3310 28.1010 3.63 106.293  29.250  54.530
OT30 130.3310 28.1010 OT23 130.8810 29.5506 3.59 169.400  47.252  18.351
OT21 130.5800 29.4695 NOMT 131.0600 30.7369 3.47 147.921  42.579  18.107
OT17 128.4090 28.0396 OT30 130.3310 28.1010 3.72 189.020  50.744  87.487
OT17 128.4090 28.0396 KYK  130.4100 30.3781 3.67 324.068  88.254  36.409
OT12 128.6050 29.2506 OT28 130.2290 28.5500 3.66 176.339  48.154 115.734
OT11 128.6350 29.4318 OT31 129.6990 27.9990 3.63 189.793  52.256 146.536
OT07 128.4610 29.7510 OT31 129.6990 27.9990 3.64 228.646  62.746 147.831
OT07 128.4610 29.7510 OT25 130.5810 28.9975 3.57 222.117  62.253 111.567
OT03 128.1910 28.8611 MNTN 130.8700 30.4624 3.60 314.269  87.248  54.961
TKRS 129.2090 29.1442 OT28 130.2290 28.5500 3.82 119.334  31.247 123.251
OT34 129.4000 27.3185 OT21 130.5800 29.4695 3.59 264.938  73.758  25.596
OT33 129.4500 27.5472 OT29 130.5910 28.3600 3.65 143.965  39.410  51.005
OT06 128.3050 29.3225 KYK  130.4100 30.3781 3.71 234.640  63.245  59.569
OT05 128.0760 29.0927 OT21 130.5800 29.4695 3.62 246.878  68.180  79.653
OT03 128.1910 28.8611 NOMT 131.0600 30.7369 3.60 346.637  96.235  52.440
OKED 128.6160 27.3855 OT30 130.3310 28.1010 3.75 186.778  49.754  64.484
TKRS 129.2090 29.1442 OT30 130.3310 28.1010 3.48 159.400  45.752 136.228
OT33 129.4500 27.5472 OT20 130.1540 29.2781 3.56 203.864  57.249  19.621
OT31 129.6990 27.9990 OT27 130.2110 28.9197 3.58 113.703  31.752  26.059
OT34 129.4000 27.3185 NOMT 131.0600 30.7369 3.56 411.922 115.676  22.712
OT31 129.6990 27.9990 MNTN 130.8700 30.4624 3.60 295.834  82.176  22.360
KGM  128.2150 26.7567 KYK  130.4100 30.3781 3.65 455.152 124.733  27.631
AMG  128.9210 27.8215 MNTN 130.8700 30.4624 3.63 348.761  96.183  32.472
OT17 128.4090 28.0396 NOMT 131.0600 30.7369 3.63 394.437 108.720  40.079
OT17 128.4090 28.0396 MNTN 130.8700 30.4624 3.62 359.609  99.202  41.103
OT11 128.6350 29.4318 MNTN 130.8700 30.4624 3.74 244.163  65.232  61.552
