KGM  128.2150 26.7567 OT04 128.2550 29.0525 3.69 254.446  68.993   0.864
KGM  128.2150 26.7567 GMZK 129.6510 28.4973 3.68 239.356  65.007  35.983
GMZK 129.6510 28.4973 TAS  130.9090 31.1946 3.63 322.754  89.011  21.815
GMZK 129.6510 28.4973 KYK  130.4100 30.3781 3.68 221.081  59.995  19.258
OT07 128.4610 29.7510 OT30 130.3310 28.1010 3.64 258.218  70.998 134.635
AMG  128.9210 27.8215 KYK  130.4100 30.3781 3.74 318.263  85.006  26.728
OT04 128.2550 29.0525 OT26 130.4990 28.8494 3.70 219.937  59.507  95.333
OT04 128.2550 29.0525 KYK  130.4100 30.3781 3.75 255.097  68.008  54.303
OT14 128.4990 28.6807 KYK  130.4100 30.3781 3.72 264.016  70.991  44.087
OT02 127.8730 28.7925 OT28 130.2290 28.5500 3.86 231.858  60.005  96.093
KGM  128.2150 26.7567 OT29 130.5910 28.3600 3.63 294.320  80.991  52.328
OT34 129.4000 27.3185 OT27 130.2110 28.9197 3.60 194.496  53.997  23.981
OT02 127.8730 28.7925 OT27 130.2110 28.9197 3.75 228.598  60.992  85.903
KGM  128.2150 26.7567 OT24 130.8400 29.4501 3.64 394.467 108.489  40.225
OT28 130.2290 28.5500 NOMT 131.0600 30.7369 3.60 255.433  70.954  18.170
OT17 128.4090 28.0396 OT24 130.8400 29.4501 3.79 284.272  75.006  56.063
OT04 128.2550 29.0525 OT30 130.3310 28.1010 3.63 228.867  62.997 116.939
KGM  128.2150 26.7567 OT33 129.4500 27.5472 3.77 150.507  39.912  54.132
KGM  128.2150 26.7567 OT14 128.4990 28.6807 3.77 215.037  56.994   7.413
OT28 130.2290 28.5500 TAS  130.9090 31.1946 3.60 300.437  83.501  12.474
OT11 128.6350 29.4318 OT34 129.4000 27.3185 3.76 245.935  65.495 162.052
OT04 128.2550 29.0525 OT34 129.4000 27.3185 3.68 222.676  60.493 149.381
KGM  128.2150 26.7567 OT20 130.1540 29.2781 3.72 338.279  91.009  33.865
OT27 130.2110 28.9197 TAS  130.9090 31.1946 3.60 261.015  72.504  14.778
OT20 130.1540 29.2781 TAS  130.9090 31.1946 3.59 224.538  62.493  18.694
OT01 127.7730 28.6329 OT34 129.4000 27.3185 3.67 216.441  59.008 131.914
KYK  130.4100 30.3781 OT25 130.5810 28.9975 3.80 153.933  40.498 173.771
KGM  128.2150 26.7567 OT28 130.2290 28.5500 3.65 280.989  77.004  44.532
KGM  128.2150 26.7567 OT06 128.3050 29.3225 3.69 284.480  76.991   1.758
OT34 129.4000 27.3185 OT28 130.2290 28.5500 3.65 158.962  43.504  30.657
OT34 129.4000 27.3185 KYK  130.4100 30.3781 3.68 353.116  96.008  15.957
OT29 130.5910 28.3600 TAS  130.9090 31.1946 3.57 315.713  88.509   5.510
OT28 130.2290 28.5500 KYK  130.4100 30.3781 3.77 203.394  53.994   4.913
OT25 130.5810 28.9975 TAS  130.9090 31.1946 3.67 245.602  66.995   7.315
OT21 130.5800 29.4695 TAS  130.9090 31.1946 3.66 193.842  53.006   9.314
OT14 128.4990 28.6807 OT20 130.1540 29.2781 3.75 174.381  46.490  67.287
OT13 128.6020 29.0207 OT24 130.8400 29.4501 3.68 222.742  60.495  77.120
OT03 128.1910 28.8611 KGM  128.2150 26.7567 3.73 233.215  62.507 179.411
OT01 127.7730 28.6329 KGM  128.2150 26.7567 3.73 212.434  56.999 168.052
AMG  128.9210 27.8215 OT21 130.5800 29.4695 3.67 244.263  66.466  41.213
OT28 130.2290 28.5500 MNTN 130.8700 30.4624 3.59 220.913  61.501  16.199
OT27 130.2110 28.9197 KYK  130.4100 30.3781 3.79 162.802  43.001   6.745
OT24 130.8400 29.4501 TAS  130.9090 31.1946 3.65 193.506  53.001   1.951
OT20 130.1540 29.2781 NOMT 131.0600 30.7369 3.57 183.816  51.504  28.162
OT16 127.9510 28.2012 OT20 130.1540 29.2781 3.73 246.087  65.993  60.464
OT14 128.4990 28.6807 OT34 129.4000 27.3185 3.77 175.069  46.487 149.361
OT13 128.6020 29.0207 OT34 129.4000 27.3185 3.68 204.294  55.500 157.236
OT10 128.8440 29.6621 NOMT 131.0600 30.7369 3.57 244.431  68.506  60.276
OT06 128.3050 29.3225 TAS  130.9090 31.1946 3.63 325.370  89.510  49.725
KYK  130.4100 30.3781 OT29 130.5910 28.3600 3.65 224.384  61.492 175.451
KYK  130.4100 30.3781 OT23 130.8810 29.5506 3.72 102.390  27.502 153.505
KGM  128.2150 26.7567 OT34 129.4000 27.3185 3.80 133.056  34.996  61.839
KGM  128.2150 26.7567 OT30 130.3310 28.1010 3.72 256.800  68.995  54.065
KGM  128.2150 26.7567 OT21 130.5800 29.4695 3.65 379.947 104.010  37.154
KGM  128.2150 26.7567 OT07 128.4610 29.7510 3.68 332.717  90.511   4.103
GMZK 129.6510 28.4973 MNTN 130.8700 30.4624 3.68 247.821  67.398  28.193
OT33 129.4500 27.5472 KYK  130.4100 30.3781 3.68 327.410  88.994  16.374
OT31 129.6990 27.9990 KYK  130.4100 30.3781 3.71 272.614  73.501  14.525
OT30 130.3310 28.1010 NOMT 131.0600 30.7369 3.56 300.620  84.491  13.438
OT11 128.6350 29.4318 OT29 130.5910 28.3600 3.65 224.778  61.499 121.429
OT07 128.4610 29.7510 OT33 129.4500 27.5472 3.75 262.679  69.992 158.169
OT02 127.8730 28.7925 OT19 129.6600 29.2404 3.81 181.072  47.501  73.658
KGM  128.2150 26.7567 TKRS 129.2090 29.1442 3.74 282.067  75.500  20.052
KGM  128.2150 26.7567 OT27 130.2110 28.9197 3.67 309.992  84.490  38.899
KGM  128.2150 26.7567 OT25 130.5810 28.9975 3.68 340.488  92.499  42.631
KGM  128.2150 26.7567 AMG  128.9210 27.8215 3.66 137.132  37.498  30.480
OT29 130.5910 28.3600 NOMT 131.0600 30.7369 3.57 267.360  74.996   9.670
OT17 128.4090 28.0396 OT27 130.2110 28.9197 3.73 201.591  54.002  60.639
OT11 128.6350 29.4318 OT27 130.2110 28.9197 3.76 163.481  43.502 109.932
OT07 128.4610 29.7510 OT28 130.2290 28.5500 3.75 217.460  58.005 127.312
OT06 128.3050 29.3225 OT30 130.3310 28.1010 3.78 239.806  63.508 123.882
OT02 127.8730 28.7925 KGM  128.2150 26.7567 3.71 228.114  61.470 171.404
OT01 127.7730 28.6329 OT33 129.4500 27.5472 3.71 204.049  55.000 125.736
OT01 127.7730 28.6329 OT24 130.8400 29.4501 3.63 312.143  85.990  72.396
AMG  128.9210 27.8215 NOMT 131.0600 30.7369 3.69 384.202 104.007  32.235
OT33 129.4500 27.5472 MNTN 130.8700 30.4624 3.68 351.478  95.510  22.844
OT16 127.9510 28.2012 OT34 129.4000 27.3185 3.76 173.145  46.000 124.060
OT04 128.2550 29.0525 OT24 130.8400 29.4501 3.78 255.146  67.499  79.427
OT04 128.2550 29.0525 OT17 128.4090 28.0396 3.91 113.273  29.000 172.287
OKED 128.6160 27.3855 OT27 130.2110 28.9197 3.67 231.212  62.966  42.291
KYK  130.4100 30.3781 TAS  130.9090 31.1946 3.59 102.368  28.494  27.710
KGM  128.2150 26.7567 OT13 128.6020 29.0207 3.65 253.763  69.505   8.538
OT21 130.5800 29.4695 OT29 130.5910 28.3600 3.67 122.976  33.499 179.488
OT20 130.1540 29.2781 MNTN 130.8700 30.4624 3.53 148.379  41.998  27.606
OT20 130.1540 29.2781 KYK  130.4100 30.3781 3.71 124.410  33.498  11.386
OT16 127.9510 28.2012 TKRS 129.2090 29.1442 3.75 161.354  43.005  49.331
OT16 127.9510 28.2012 OT24 130.8400 29.4501 3.63 314.099  86.505  63.166
OT13 128.6020 29.0207 OT33 129.4500 27.5472 3.74 183.277  49.005 152.797
OT11 128.6350 29.4318 TAS  130.9090 31.1946 3.69 293.316  79.489  47.659
OT11 128.6350 29.4318 OT30 130.3310 28.1010 3.73 221.783  59.507 131.276
OT07 128.4610 29.7510 AMG  128.9210 27.8215 3.74 218.517  58.443 168.030
OT06 128.3050 29.3225 OT29 130.5910 28.3600 3.72 247.299  66.496 115.002
OT03 128.1910 28.8611 KYK  130.4100 30.3781 3.66 272.847  74.508  51.415
OT01 127.7730 28.6329 OT30 130.3310 28.1010 3.84 257.563  67.004 102.623
OT01 127.7730 28.6329 OT27 130.2110 28.9197 3.64 240.155  65.995  81.812
OT01 127.7730 28.6329 OT19 129.6600 29.2404 3.73 195.892  52.504  69.444
OT30 130.3310 28.1010 KYK  130.4100 30.3781 3.63 252.511  69.505   1.722
OT26 130.4990 28.8494 TAS  130.9090 31.1946 3.60 262.968  73.006   8.555
OT25 130.5810 28.9975 NOMT 131.0600 30.7369 3.61 198.290  55.004  13.376
OT16 127.9510 28.2012 KGM  128.2150 26.7567 3.82 162.181  42.500 170.678
OT13 128.6020 29.0207 KYK  130.4100 30.3781 3.69 230.762  62.503  48.864
OT07 128.4610 29.7510 OT27 130.2110 28.9197 3.65 193.305  52.975 118.039
OT06 128.3050 29.3225 OT28 130.2290 28.5500 3.62 206.164  56.999 114.072
OT06 128.3050 29.3225 GMZK 129.6510 28.4973 3.86 160.013  41.508 124.536
OT02 127.8730 28.7925 OT11 128.6350 29.4318 3.80 102.597  26.999  46.135
OT02 127.8730 28.7925 OT07 128.4610 29.7510 3.96 120.666  30.502  28.161
OT01 127.7730 28.6329 OT11 128.6350 29.4318 3.81 122.008  31.998  43.262
KGM  128.2150 26.7567 OT19 129.6600 29.2404 3.73 309.753  82.999  26.973
AMG  128.9210 27.8215 OT28 130.2290 28.5500 3.70 151.657  40.999  57.530
OT34 129.4000 27.3185 OT26 130.4990 28.8494 3.62 201.094  55.505  32.216
OT34 129.4000 27.3185 OT20 130.1540 29.2781 3.56 229.415  64.497  18.628
OT33 129.4500 27.5472 OT25 130.5810 28.9975 3.72 195.321  52.506  34.361
OT28 130.2290 28.5500 OT24 130.8400 29.4501 3.63 116.202  32.003  30.701
OT24 130.8400 29.4501 NOMT 131.0600 30.7369 3.65 144.219  39.501   8.401
OT23 130.8810 29.5506 NOMT 131.0600 30.7369 3.86 132.637  34.371   7.427
OT17 128.4090 28.0396 OT28 130.2290 28.5500 3.74 187.217  50.005  71.987
OT16 127.9510 28.2012 OT12 128.6050 29.2506 3.85 132.709  34.497  28.633
OT13 128.6020 29.0207 OT30 130.3310 28.1010 3.66 197.517  53.922 120.654
OT07 128.4610 29.7510 KYK  130.4100 30.3781 3.68 200.335  54.498  69.213
OT05 128.0760 29.0927 OT30 130.3310 28.1010 3.65 246.414  67.455 115.949
OT04 128.2550 29.0525 OT33 129.4500 27.5472 3.67 203.906  55.500 144.614
OT04 128.2550 29.0525 GMZK 129.6510 28.4973 3.84 149.628  38.996 113.948
OT03 128.1910 28.8611 OT33 129.4500 27.5472 3.74 190.989  50.998 139.377
OT03 128.1910 28.8611 AMG  128.9210 27.8215 3.72 135.641  36.502 147.975
OT02 127.8730 28.7925 OT33 129.4500 27.5472 3.67 207.473  56.501 131.322
OT02 127.8730 28.7925 OT24 130.8400 29.4501 3.65 297.867  81.496  75.121
OT01 127.7730 28.6329 OT07 128.4610 29.7510 3.86 140.844  36.498  28.204
OKED 128.6160 27.3855 TKRS 129.2090 29.1442 3.67 203.416  55.442  16.487
OKED 128.6160 27.3855 KYK  130.4100 30.3781 3.73 375.013 100.513  27.392
KGM  128.2150 26.7567 OT26 130.4990 28.8494 3.59 323.125  90.007  43.614
OT34 129.4000 27.3185 GMZK 129.6510 28.4973 3.80 132.946  35.004  10.650
OT33 129.4500 27.5472 OT23 130.8810 29.5506 3.75 262.504  70.001  31.904
OT19 129.6600 29.2404 TAS  130.9090 31.1946 3.67 247.779  67.496  28.729
OT19 129.6600 29.2404 NOMT 131.0600 30.7369 3.66 213.951  58.393  38.816
OT16 127.9510 28.2012 OT19 129.6600 29.2404 3.76 202.820  53.999  54.993
OT13 128.6020 29.0207 TAS  130.9090 31.1946 3.64 327.902  90.009  42.132
OT13 128.6020 29.0207 OT25 130.5810 28.9975 3.82 192.869  50.502  90.286
OT12 128.6050 29.2506 OT31 129.6990 27.9990 3.69 175.139  47.463 142.112
OT06 128.3050 29.3225 OT33 129.4500 27.5472 3.65 226.475  61.997 150.039
OT06 128.3050 29.3225 OT27 130.2110 28.9197 3.82 190.787  49.997 103.070
OT06 128.3050 29.3225 AMG  128.9210 27.8215 3.81 176.941  46.502 159.934
OT03 128.1910 28.8611 OT28 130.2290 28.5500 3.85 202.054  52.495  99.337
OT01 127.7730 28.6329 OKED 128.6160 27.3855 3.79 161.174  42.504 148.862
OKED 128.6160 27.3855 OT20 130.1540 29.2781 3.74 258.373  68.991  35.368
GMZK 129.6510 28.4973 OT21 130.5800 29.4695 3.70 140.725  38.003  39.807
OT34 129.4000 27.3185 OT24 130.8400 29.4501 3.69 275.162  74.509  30.513
OT33 129.4500 27.5472 OT24 130.8400 29.4501 3.69 250.990  68.001  32.508
OT30 130.3310 28.1010 OT24 130.8400 29.4501 3.66 157.574  42.994  18.273
OT19 129.6600 29.2404 OT30 130.3310 28.1010 3.60 142.296  39.505 152.393
OT16 127.9510 28.2012 TAS  130.9090 31.1946 3.65 438.193 119.987  40.067
OT16 127.9510 28.2012 OT30 130.3310 28.1010 3.81 234.014  61.502  92.161
OT12 128.6050 29.2506 OT34 129.4000 27.3185 3.70 227.887  61.508 159.796
OT11 128.6350 29.4318 OT33 129.4500 27.5472 3.70 223.596  60.497 158.891
OT07 128.4610 29.7510 OT24 130.8400 29.4501 3.88 232.842  59.995  97.650
OT07 128.4610 29.7510 OT21 130.5800 29.4695 3.99 207.595  52.003  98.123
OT07 128.4610 29.7510 OT14 128.4990 28.6807 3.77 118.689  31.499 178.216
OT06 128.3050 29.3225 OT34 129.4000 27.3185 3.74 246.705  65.999 153.927
OT05 128.0760 29.0927 OT33 129.4500 27.5472 3.72 217.920  58.502 141.483
OT05 128.0760 29.0927 OT27 130.2110 28.9197 3.80 208.880  54.997  94.751
OT05 128.0760 29.0927 KGM  128.2150 26.7567 3.65 259.234  71.004 176.940
OT04 128.2550 29.0525 OT31 129.6990 27.9990 3.71 183.333  49.429 129.212
OT04 128.2550 29.0525 OT28 130.2290 28.5500 3.79 200.595  52.997 105.645
OT03 128.1910 28.8611 OT34 129.4000 27.3185 3.62 208.204  57.499 144.907
OT03 128.1910 28.8611 OT24 130.8400 29.4501 3.64 265.862  72.999  75.146
OT02 127.8730 28.7925 OT31 129.6990 27.9990 3.66 199.404  54.497 115.734
OT02 127.8730 28.7925 OT25 130.5810 28.9975 3.73 265.169  70.996  84.435
OT02 127.8730 28.7925 GMZK 129.6510 28.4973 3.89 176.966  45.504 100.229
OT01 127.7730 28.6329 MNTN 130.8700 30.4624 3.66 362.224  98.995  55.206
OT01 127.7730 28.6329 KYK  130.4100 30.3781 3.62 320.577  88.508  52.246
OKED 128.6160 27.3855 OT31 129.6990 27.9990 3.78 126.633  33.501  57.278
KYK  130.4100 30.3781 OT26 130.4990 28.8494 3.82 169.670  44.393 177.063
KYK  130.4100 30.3781 OT24 130.8400 29.4501 3.76 110.945  29.499 157.897
GMZK 129.6510 28.4973 OT24 130.8400 29.4501 3.60 156.767  43.498  47.366
AMG  128.9210 27.8215 OT27 130.2110 28.9197 3.73 175.488  46.997  45.785
AMG  128.9210 27.8215 OT24 130.8400 29.4501 3.59 260.348  72.500  45.656
OT34 129.4000 27.3185 OT30 130.3310 28.1010 3.71 126.256  34.004  46.409
OT33 129.4500 27.5472 OT28 130.2290 28.5500 3.70 134.943  36.501  34.379
OT33 129.4500 27.5472 OT21 130.5800 29.4695 3.61 240.053  66.497  27.176
OT31 129.6990 27.9990 OT25 130.5810 28.9975 3.74 140.395  37.499  37.773
OT31 129.6990 27.9990 OT23 130.8810 29.5506 3.67 207.128  56.500  33.596
OT31 129.6990 27.9990 OT21 130.5800 29.4695 3.58 184.322  51.429  27.638
OT30 130.3310 28.1010 MNTN 130.8700 30.4624 3.59 266.928  74.415  11.192
OT24 130.8400 29.4501 MNTN 130.8700 30.4624 3.68 112.248  30.502   1.475
OT21 130.5800 29.4695 MNTN 130.8700 30.4624 3.61 113.566  31.502  14.201
OT19 129.6600 29.2404 OT31 129.6990 27.9990 3.88 137.637  35.501 178.411
OT16 127.9510 28.2012 OT26 130.4990 28.8494 3.65 259.515  71.003  73.327
OT16 127.9510 28.2012 OT07 128.4610 29.7510 3.78 178.822  47.358  16.019
OT14 128.4990 28.6807 OKED 128.6160 27.3855 3.89 143.997  36.998 175.404
OT13 128.6020 29.0207 AMG  128.9210 27.8215 3.85 136.538  35.501 166.676
OT11 128.6350 29.4318 OT21 130.5800 29.4695 3.81 188.764  49.505  88.256
OT11 128.6350 29.4318 NOMT 131.0600 30.7369 3.67 274.941  74.998  57.651
OT11 128.6350 29.4318 GMZK 129.6510 28.4973 3.98 143.336  35.996 136.024
OT05 128.0760 29.0927 NOMT 131.0600 30.7369 3.65 340.942  93.434  56.952
OT04 128.2550 29.0525 OT21 130.5800 29.4695 3.78 230.696  60.998  77.879
OT04 128.2550 29.0525 AMG  128.9210 27.8215 3.88 151.250  38.972 154.265
OT03 128.1910 28.8611 TAS  130.9090 31.1946 3.63 368.285 101.512  44.717
OT02 127.8730 28.7925 OT34 129.4000 27.3185 3.64 221.909  60.998 137.039
OT02 127.8730 28.7925 OT30 130.3310 28.1010 3.77 252.703  66.994 107.068
OT01 127.7730 28.6329 TKRS 129.2090 29.1442 3.83 151.073  39.486  67.624
OKED 128.6160 27.3855 OT24 130.8400 29.4501 3.64 315.990  86.906  43.085
KGM  128.2150 26.7567 OT31 129.6990 27.9990 3.69 201.206  54.498  46.494
AMG  128.9210 27.8215 TKRS 129.2090 29.1442 3.88 149.277  38.503  10.808
OT34 129.4000 27.3185 OT19 129.6600 29.2404 3.73 214.509  57.494   6.755
OT33 129.4500 27.5472 NOMT 131.0600 30.7369 3.66 386.688 105.508  23.514
OT31 129.6990 27.9990 NOMT 131.0600 30.7369 3.66 331.005  90.513  23.206
OT27 130.2110 28.9197 MNTN 130.8700 30.4624 3.61 182.516  50.502  20.301
OT17 128.4090 28.0396 OT19 129.6600 29.2404 3.81 180.734  47.499  42.282
OT16 127.9510 28.2012 KYK  130.4100 30.3781 3.67 339.529  92.490  44.123
OT14 128.4990 28.6807 TAS  130.9090 31.1946 3.69 363.023  98.487  39.271
OT14 128.4990 28.6807 OT21 130.5800 29.4695 3.75 220.685  58.896  66.161
OT13 128.6020 29.0207 OKED 128.6160 27.3855 3.78 181.228  47.995 179.567
OT06 128.3050 29.3225 OT21 130.5800 29.4695 3.75 221.431  59.001  85.225
OT05 128.0760 29.0927 OT31 129.6990 27.9990 3.70 199.764  54.005 126.968
OKED 128.6160 27.3855 OT26 130.4990 28.8494 3.62 246.082  67.997  48.319
OKED 128.6160 27.3855 OT25 130.5810 28.9975 3.73 262.978  70.503  46.752
OT20 130.1540 29.2781 OT30 130.3310 28.1010 3.76 131.596  34.999 172.422
OT17 128.4090 28.0396 TKRS 129.2090 29.1442 3.87 145.276  37.500  32.385
OT17 128.4090 28.0396 OT07 128.4610 29.7510 3.73 189.750  50.885   1.519
OT16 127.9510 28.2012 MNTN 130.8700 30.4624 3.73 378.385 101.471  47.820
OT14 128.4990 28.6807 OT31 129.6990 27.9990 3.78 139.803  37.004 122.426
OT14 128.4990 28.6807 NOMT 131.0600 30.7369 3.66 336.684  91.990  46.770
OT13 128.6020 29.0207 OT21 130.5800 29.4695 3.65 198.634  54.405  75.018
OT12 128.6050 29.2506 KYK  130.4100 30.3781 3.73 214.582  57.498  53.935
OT11 128.6350 29.4318 OT25 130.5810 28.9975 3.79 195.285  51.499 103.796
OT07 128.4610 29.7510 TAS  130.9090 31.1946 3.67 284.364  77.505  55.140
OT05 128.0760 29.0927 TAS  130.9090 31.1946 3.68 358.859  97.490  48.814
OT05 128.0760 29.0927 KYK  130.4100 30.3781 3.81 266.957  69.994  57.172
OT02 127.8730 28.7925 TAS  130.9090 31.1946 3.68 395.898 107.493  46.991
OT02 127.8730 28.7925 OT21 130.5800 29.4695 3.63 273.961  75.492  73.451
OT01 127.7730 28.6329 TAS  130.9090 31.1946 3.66 415.117 113.513  46.074
OT01 127.7730 28.6329 OT25 130.5810 28.9975 3.80 277.060  73.007  80.942
OKED 128.6160 27.3855 OT21 130.5800 29.4695 3.65 300.631  82.432  39.343
OKED 128.6160 27.3855 OT19 129.6600 29.2404 3.77 229.670  60.904  26.238
KGM  128.2150 26.7567 OT11 128.6350 29.4318 3.69 299.312  81.005   7.821
OT34 129.4000 27.3185 OT25 130.5810 28.9975 3.75 219.251  58.498  31.660
OT34 129.4000 27.3185 OT23 130.8810 29.5506 3.77 286.760  76.003  30.039
OT33 129.4500 27.5472 OT19 129.6600 29.2404 3.70 188.775  51.006   6.206
OT27 130.2110 28.9197 NOMT 131.0600 30.7369 3.57 217.517  60.929  21.960
OT25 130.5810 28.9975 MNTN 130.8700 30.4624 3.70 164.766  44.495   9.699
OT19 129.6600 29.2404 OT29 130.5910 28.3600 3.65 133.375  36.501 136.796
OT19 129.6600 29.2404 OT23 130.8810 29.5506 3.74 123.421  33.000  73.527
OT17 128.4090 28.0396 OT12 128.6050 29.2506 3.87 135.578  34.997   8.083
OT16 127.9510 28.2012 OT21 130.5800 29.4695 3.73 292.543  78.451  60.657
OT16 127.9510 28.2012 NOMT 131.0600 30.7369 3.68 412.195 112.010  46.262
OT13 128.6020 29.0207 OT20 130.1540 29.2781 3.80 153.726  40.497  78.929
OT07 128.4610 29.7510 OT34 129.4000 27.3185 3.75 284.826  75.994 160.947
OT05 128.0760 29.0927 OKED 128.6160 27.3855 3.82 196.472  51.500 164.237
OT03 128.1910 28.8611 OT19 129.6600 29.2404 3.98 149.098  37.499  73.269
OT02 127.8730 28.7925 TKRS 129.2090 29.1442 3.72 135.955  36.498  73.016
OKED 128.6160 27.3855 OT11 128.6350 29.4318 3.76 226.797  60.383   0.470
TKRS 129.2090 29.1442 NOMT 131.0600 30.7369 3.67 251.221  68.490  44.895
OT34 129.4000 27.3185 TAS  130.9090 31.1946 3.65 453.951 124.507  18.484
OT14 128.4990 28.6807 MNTN 130.8700 30.4624 3.67 302.957  82.505  48.743
OT06 128.3050 29.3225 OT20 130.1540 29.2781 3.74 179.737  47.994  91.119
OT05 128.0760 29.0927 OT34 129.4000 27.3185 3.65 235.714  64.508 146.212
OT03 128.1910 28.8611 OT21 130.5800 29.4695 3.61 241.991  66.996  73.243
OT03 128.1910 28.8611 OKED 128.6160 27.3855 3.84 168.768  43.996 165.591
OT01 127.7730 28.6329 NOMT 131.0600 30.7369 3.65 394.441 107.948  52.955
OKED 128.6160 27.3855 OT28 130.2290 28.5500 3.69 204.546  55.418  50.509
KGM  128.2150 26.7567 OT23 130.8810 29.5506 3.69 405.470 110.003  39.603
TKRS 129.2090 29.1442 KYK  130.4100 30.3781 3.70 179.439  48.497  40.045
OT26 130.4990 28.8494 NOMT 131.0600 30.7369 3.52 216.152  61.494  14.400
OT16 127.9510 28.2012 OT31 129.6990 27.9990 3.77 173.193  45.989  97.024
OT13 128.6020 29.0207 OT29 130.5910 28.3600 3.74 207.759  55.506 110.160
OT12 128.6050 29.2506 OT24 130.8400 29.4501 3.67 218.139  59.503  83.638
OT12 128.6050 29.2506 OT21 130.5800 29.4695 3.72 193.280  51.957  82.308
OT11 128.6350 29.4318 OT28 130.2290 28.5500 3.67 183.501  50.000 121.795
OT11 128.6350 29.4318 KYK  130.4100 30.3781 3.76 200.969  53.506  58.099
OT07 128.4610 29.7510 OT29 130.5910 28.3600 3.75 258.452  68.994 126.101
OT02 127.8730 28.7925 OT29 130.5910 28.3600 3.75 270.269  71.995  99.566
OT02 127.8730 28.7925 OKED 128.6160 27.3855 3.70 172.186  46.499 154.727
OT02 127.8730 28.7925 AMG  128.9210 27.8215 3.88 148.859  38.356 136.047
GMZK 129.6510 28.4973 NOMT 131.0600 30.7369 3.63 283.274  77.994  28.450
OT31 129.6990 27.9990 OT24 130.8400 29.4501 3.63 195.700  53.882  34.464
OT30 130.3310 28.1010 TAS  130.9090 31.1946 3.58 347.456  97.001   9.133
OT06 128.3050 29.3225 OT31 129.6990 27.9990 3.74 200.191  53.498 136.779
OT05 128.0760 29.0927 OT24 130.8400 29.4501 3.74 271.513  72.500  80.940
OT04 128.2550 29.0525 OT27 130.2110 28.9197 3.83 191.211  49.977  93.943
OT02 127.8730 28.7925 MNTN 130.8700 30.4624 3.64 344.275  94.503  56.749
OT01 127.7730 28.6329 OT31 129.6990 27.9990 3.73 201.491  54.005 109.949
AMG  128.9210 27.8215 OT25 130.5810 28.9975 3.62 208.434  57.499  50.907
OT34 129.4000 27.3185 OT29 130.5910 28.3600 3.66 164.568  45.001  45.192
OT34 129.4000 27.3185 MNTN 130.8700 30.4624 3.70 376.775 101.941  22.015
OT33 129.4500 27.5472 TAS  130.9090 31.1946 3.65 428.375 117.492  18.959
OT33 129.4500 27.5472 OT27 130.2110 28.9197 3.64 169.449  46.501  25.972
OT31 129.6990 27.9990 TAS  130.9090 31.1946 3.64 373.117 102.505  18.023
OT30 130.3310 28.1010 OT21 130.5800 29.4695 3.66 153.614  42.005   9.055
OT29 130.5910 28.3600 OT24 130.8400 29.4501 3.79 123.233  32.498  11.296
OT28 130.2290 28.5500 OT21 130.5800 29.4695 3.77 107.514  28.503  18.490
OT17 128.4090 28.0396 TAS  130.9090 31.1946 3.68 425.328 115.515  34.090
OT13 128.6020 29.0207 NOMT 131.0600 30.7369 3.60 304.269  84.449  50.698
OT12 128.6050 29.2506 NOMT 131.0600 30.7369 3.65 288.524  78.961  54.572
OT12 128.6050 29.2506 AMG  128.9210 27.8215 3.84 161.375  42.003 168.881
OT07 128.4610 29.7510 NOMT 131.0600 30.7369 3.85 272.968  70.993  65.750
OT05 128.0760 29.0927 OT29 130.5910 28.3600 3.72 258.785  69.491 107.683
OT05 128.0760 29.0927 OT28 130.2290 28.5500 3.70 218.534  58.999 105.458
OT04 128.2550 29.0525 NOMT 131.0600 30.7369 3.66 329.059  89.981  54.741
OKED 128.6160 27.3855 GMZK 129.6510 28.4973 3.72 159.905  42.997  39.360
OT33 129.4500 27.5472 OT30 130.3310 28.1010 3.66 106.293  29.002  54.530
OT30 130.3310 28.1010 OT23 130.8810 29.5506 3.68 169.400  45.995  18.351
OT21 130.5800 29.4695 NOMT 131.0600 30.7369 3.54 147.921  41.833  18.107
OT17 128.4090 28.0396 KYK  130.4100 30.3781 3.72 324.068  86.998  36.409
OT12 128.6050 29.2506 OT28 130.2290 28.5500 3.72 176.339  47.377 115.734
OT11 128.6350 29.4318 OT31 129.6990 27.9990 3.68 189.793  51.504 146.536
OT07 128.4610 29.7510 OT31 129.6990 27.9990 3.66 228.646  62.506 147.831
OT07 128.4610 29.7510 OT25 130.5810 28.9975 3.61 222.117  61.494 111.567
OT03 128.1910 28.8611 MNTN 130.8700 30.4624 3.63 314.269  86.504  54.961
OT34 129.4000 27.3185 OT21 130.5800 29.4695 3.65 264.938  72.506  25.596
OT33 129.4500 27.5472 OT29 130.5910 28.3600 3.77 143.965  38.147  51.005
OT06 128.3050 29.3225 KYK  130.4100 30.3781 3.75 234.640  62.504  59.569
OT03 128.1910 28.8611 NOMT 131.0600 30.7369 3.65 346.637  94.969  52.440
OKED 128.6160 27.3855 OT30 130.3310 28.1010 3.85 186.778  48.501  64.484
OT31 129.6990 27.9990 OT27 130.2110 28.9197 3.73 113.703  30.500  26.059
OT34 129.4000 27.3185 NOMT 131.0600 30.7369 3.65 411.922 112.948  22.712
OT31 129.6990 27.9990 MNTN 130.8700 30.4624 3.66 295.834  80.917  22.360
KGM  128.2150 26.7567 KYK  130.4100 30.3781 3.72 455.152 122.484  27.631
AMG  128.9210 27.8215 MNTN 130.8700 30.4624 3.71 348.761  93.930  32.472
OT17 128.4090 28.0396 NOMT 131.0600 30.7369 3.69 394.437 106.951  40.079
OT17 128.4090 28.0396 MNTN 130.8700 30.4624 3.69 359.609  97.481  41.103
OT11 128.6350 29.4318 MNTN 130.8700 30.4624 3.79 244.163  64.474  61.552
