KGM  128.2150 26.7567 OT04 128.2550 29.0525 3.34 254.446  76.250   0.864
KGM  128.2150 26.7567 GMZK 129.6510 28.4973 3.29 239.356  72.753  35.983
GMZK 129.6510 28.4973 TAS  130.9090 31.1946 3.25 322.754  99.248  21.815
GMZK 129.6510 28.4973 KYK  130.4100 30.3781 3.24 221.081  68.235  19.258
OT07 128.4610 29.7510 OT30 130.3310 28.1010 3.14 258.218  82.261 134.635
AMG  128.9210 27.8215 KYK  130.4100 30.3781 3.31 318.263  96.239  26.728
OT04 128.2550 29.0525 OT26 130.4990 28.8494 3.13 219.937  70.245  95.333
OT04 128.2550 29.0525 KYK  130.4100 30.3781 3.30 255.097  77.255  54.303
OT14 128.4990 28.6807 KYK  130.4100 30.3781 3.23 264.016  81.739  44.087
OT02 127.8730 28.7925 OT28 130.2290 28.5500 3.16 231.858  73.257  96.093
KGM  128.2150 26.7567 OT29 130.5910 28.3600 2.84 294.320 103.743  52.328
OT34 129.4000 27.3185 OT27 130.2110 28.9197 2.89 194.496  67.207  23.981
OT02 127.8730 28.7925 OT27 130.2110 28.9197 3.28 228.598  69.758  85.903
KGM  128.2150 26.7567 OT24 130.8400 29.4501 3.08 394.467 128.240  40.225
OT17 128.4090 28.0396 OT24 130.8400 29.4501 3.13 284.272  90.764  56.063
OT04 128.2550 29.0525 OT30 130.3310 28.1010 3.15 228.867  72.749 116.939
KGM  128.2150 26.7567 OT33 129.4500 27.5472 2.97 150.507  50.710  54.132
KGM  128.2150 26.7567 OT14 128.4990 28.6807 3.30 215.037  65.242   7.413
OT28 130.2290 28.5500 TAS  130.9090 31.1946 3.00 300.437 100.246  12.474
OT11 128.6350 29.4318 OT34 129.4000 27.3185 3.14 245.935  78.248 162.052
OT04 128.2550 29.0525 OT34 129.4000 27.3185 3.19 222.676  69.761 149.381
KGM  128.2150 26.7567 OT20 130.1540 29.2781 3.23 338.279 104.763  33.865
OT27 130.2110 28.9197 TAS  130.9090 31.1946 3.10 261.015  84.253  14.778
OT20 130.1540 29.2781 TAS  130.9090 31.1946 3.17 224.538  70.743  18.694
OT01 127.7730 28.6329 OT34 129.4000 27.3185 3.15 216.441  68.755 131.914
KYK  130.4100 30.3781 OT25 130.5810 28.9975 2.86 153.933  53.748 173.771
KGM  128.2150 26.7567 OT28 130.2290 28.5500 2.98 280.989  94.260  44.532
KGM  128.2150 26.7567 OT06 128.3050 29.3225 3.38 284.480  84.240   1.758
OT34 129.4000 27.3185 OT28 130.2290 28.5500 2.71 158.962  58.744  30.657
OT34 129.4000 27.3185 KYK  130.4100 30.3781 3.15 353.116 112.243  15.957
OT29 130.5910 28.3600 TAS  130.9090 31.1946 2.81 315.713 112.194   5.510
OT28 130.2290 28.5500 KYK  130.4100 30.3781 2.98 203.394  68.253   4.913
OT25 130.5810 28.9975 TAS  130.9090 31.1946 2.95 245.602  83.255   7.315
OT21 130.5800 29.4695 TAS  130.9090 31.1946 3.07 193.842  63.244   9.314
OT14 128.4990 28.6807 OT20 130.1540 29.2781 3.21 174.381  54.251  67.287
OT13 128.6020 29.0207 OT24 130.8400 29.4501 3.10 222.742  71.760  77.120
OT03 128.1910 28.8611 KGM  128.2150 26.7567 3.32 233.215  70.245 179.411
OT01 127.7730 28.6329 KGM  128.2150 26.7567 3.26 212.434  65.244 168.052
AMG  128.9210 27.8215 OT21 130.5800 29.4695 3.16 244.263  77.225  41.213
OT27 130.2110 28.9197 KYK  130.4100 30.3781 3.09 162.802  52.755   6.745
OT24 130.8400 29.4501 TAS  130.9090 31.1946 2.92 193.506  66.246   1.951
OT20 130.1540 29.2781 NOMT 131.0600 30.7369 3.05 183.816  60.248  28.162
OT16 127.9510 28.2012 OT20 130.1540 29.2781 3.25 246.087  75.742  60.464
OT14 128.4990 28.6807 OT34 129.4000 27.3185 3.14 175.069  55.737 149.361
OT13 128.6020 29.0207 OT34 129.4000 27.3185 3.15 204.294  64.752 157.236
OT10 128.8440 29.6621 NOMT 131.0600 30.7369 3.21 244.431  76.242  60.276
OT06 128.3050 29.3225 TAS  130.9090 31.1946 3.28 325.370  99.259  49.725
KYK  130.4100 30.3781 OT29 130.5910 28.3600 2.76 224.384  81.181 175.451
KYK  130.4100 30.3781 OT23 130.8810 29.5506 3.08 102.390  33.250 153.505
KGM  128.2150 26.7567 OT34 129.4000 27.3185 2.91 133.056  45.755  61.839
KGM  128.2150 26.7567 OT30 130.3310 28.1010 2.83 256.800  90.742  54.065
KGM  128.2150 26.7567 OT21 130.5800 29.4695 3.19 379.947 119.255  37.154
KGM  128.2150 26.7567 OT07 128.4610 29.7510 3.34 332.717  99.735   4.103
OT33 129.4500 27.5472 KYK  130.4100 30.3781 3.16 327.410 103.742  16.374
OT31 129.6990 27.9990 KYK  130.4100 30.3781 3.14 272.614  86.737  14.525
OT11 128.6350 29.4318 OT29 130.5910 28.3600 2.99 224.778  75.252 121.429
OT07 128.4610 29.7510 OT33 129.4500 27.5472 3.32 262.679  79.240 158.169
OT02 127.8730 28.7925 OT19 129.6600 29.2404 3.25 181.072  55.749  73.658
KGM  128.2150 26.7567 TKRS 129.2090 29.1442 3.25 282.067  86.763  20.052
KGM  128.2150 26.7567 OT25 130.5810 28.9975 3.03 340.488 112.261  42.631
KGM  128.2150 26.7567 AMG  128.9210 27.8215 3.21 137.132  42.747  30.480
OT17 128.4090 28.0396 OT27 130.2110 28.9197 3.21 201.591  62.742  60.639
OT11 128.6350 29.4318 OT27 130.2110 28.9197 3.22 163.481  50.755 109.932
OT07 128.4610 29.7510 OT28 130.2290 28.5500 3.14 217.460  69.255 127.312
OT06 128.3050 29.3225 OT30 130.3310 28.1010 3.08 239.806  77.758 123.882
OT02 127.8730 28.7925 KGM  128.2150 26.7567 3.32 228.114  68.730 171.404
OT01 127.7730 28.6329 OT33 129.4500 27.5472 3.15 204.049  64.757 125.736
OT01 127.7730 28.6329 OT24 130.8400 29.4501 3.11 312.143 100.239  72.396
AMG  128.9210 27.8215 NOMT 131.0600 30.7369 3.14 384.202 122.241  32.235
OT16 127.9510 28.2012 OT34 129.4000 27.3185 3.11 173.145  55.745 124.060
OT04 128.2550 29.0525 OT24 130.8400 29.4501 3.12 255.146  81.751  79.427
OT04 128.2550 29.0525 OT17 128.4090 28.0396 3.46 113.273  32.747 172.287
OKED 128.6160 27.3855 OT27 130.2110 28.9197 3.14 231.212  73.728  42.291
KYK  130.4100 30.3781 TAS  130.9090 31.1946 3.33 102.368  30.741  27.710
KGM  128.2150 26.7567 OT13 128.6020 29.0207 3.22 253.763  78.759   8.538
OT21 130.5800 29.4695 OT29 130.5910 28.3600 2.52 122.976  48.742 179.488
OT20 130.1540 29.2781 MNTN 130.8700 30.4624 3.08 148.379  48.253  27.606
OT20 130.1540 29.2781 KYK  130.4100 30.3781 3.17 124.410  39.246  11.386
OT16 127.9510 28.2012 TKRS 129.2090 29.1442 3.28 161.354  49.253  49.331
OT16 127.9510 28.2012 OT24 130.8400 29.4501 3.12 314.099 100.770  63.166
OT13 128.6020 29.0207 OT33 129.4500 27.5472 3.20 183.277  57.256 152.797
OT11 128.6350 29.4318 TAS  130.9090 31.1946 3.25 293.316  90.251  47.659
OT11 128.6350 29.4318 OT30 130.3310 28.1010 3.05 221.783  72.740 131.276
OT07 128.4610 29.7510 AMG  128.9210 27.8215 3.23 218.517  67.715 168.030
OT06 128.3050 29.3225 OT29 130.5910 28.3600 3.03 247.299  81.752 115.002
OT03 128.1910 28.8611 KYK  130.4100 30.3781 3.26 272.847  83.747  51.415
OT01 127.7730 28.6329 OT30 130.3310 28.1010 3.19 257.563  80.741 102.623
OT01 127.7730 28.6329 OT27 130.2110 28.9197 3.26 240.155  73.758  81.812
OT01 127.7730 28.6329 OT19 129.6600 29.2404 3.22 195.892  60.742  69.444
OT30 130.3310 28.1010 KYK  130.4100 30.3781 2.85 252.511  88.756   1.722
OT26 130.4990 28.8494 TAS  130.9090 31.1946 2.87 262.968  91.754   8.555
OT25 130.5810 28.9975 NOMT 131.0600 30.7369 2.95 198.290  67.240  13.376
OT16 127.9510 28.2012 KGM  128.2150 26.7567 3.33 162.181  48.747 170.678
OT13 128.6020 29.0207 KYK  130.4100 30.3781 3.24 230.762  71.245  48.864
OT07 128.4610 29.7510 OT27 130.2110 28.9197 3.26 193.305  59.223 118.039
OT06 128.3050 29.3225 OT28 130.2290 28.5500 3.21 206.164  64.226 114.072
OT06 128.3050 29.3225 GMZK 129.6510 28.4973 3.39 160.013  47.257 124.536
OT02 127.8730 28.7925 OT11 128.6350 29.4318 3.34 102.597  30.745  46.135
OT02 127.8730 28.7925 OT07 128.4610 29.7510 3.38 120.666  35.753  28.161
OT01 127.7730 28.6329 OT11 128.6350 29.4318 3.32 122.008  36.749  43.262
KGM  128.2150 26.7567 OT19 129.6600 29.2404 3.25 309.753  95.250  26.973
AMG  128.9210 27.8215 OT28 130.2290 28.5500 2.96 151.657  51.253  57.530
OT34 129.4000 27.3185 OT26 130.4990 28.8494 2.69 201.094  74.756  32.216
OT33 129.4500 27.5472 OT25 130.5810 28.9975 2.74 195.321  71.233  34.361
OT28 130.2290 28.5500 OT24 130.8400 29.4501 2.57 116.202  45.250  30.701
OT24 130.8400 29.4501 NOMT 131.0600 30.7369 2.84 144.219  50.746   8.401
OT23 130.8810 29.5506 NOMT 131.0600 30.7369 2.81 132.637  47.168   7.427
OT17 128.4090 28.0396 OT28 130.2290 28.5500 3.16 187.217  59.246  71.987
OT16 127.9510 28.2012 OT12 128.6050 29.2506 3.34 132.709  39.745  28.633
OT13 128.6020 29.0207 OT30 130.3310 28.1010 3.08 197.517  64.212 120.654
OT13 128.6020 29.0207 OT28 130.2290 28.5500 3.20 167.186  52.229 107.791
OT07 128.4610 29.7510 KYK  130.4100 30.3781 3.22 200.335  62.255  69.213
OT05 128.0760 29.0927 OT30 130.3310 28.1010 3.09 246.414  79.746 115.949
OT04 128.2550 29.0525 OT33 129.4500 27.5472 3.17 203.906  64.243 144.614
OT04 128.2550 29.0525 GMZK 129.6510 28.4973 3.31 149.628  45.246 113.948
OT03 128.1910 28.8611 OT33 129.4500 27.5472 3.20 190.989  59.759 139.377
OT03 128.1910 28.8611 AMG  128.9210 27.8215 3.37 135.641  40.250 147.975
OT02 127.8730 28.7925 OT33 129.4500 27.5472 3.20 207.473  64.754 131.322
OT02 127.8730 28.7925 OT24 130.8400 29.4501 3.16 297.867  94.262  75.121
OT01 127.7730 28.6329 OT07 128.4610 29.7510 3.37 140.844  41.744  28.204
OKED 128.6160 27.3855 TKRS 129.2090 29.1442 3.30 203.416  61.735  16.487
OKED 128.6160 27.3855 KYK  130.4100 30.3781 3.30 375.013 113.744  27.392
KGM  128.2150 26.7567 OT26 130.4990 28.8494 3.01 323.125 107.244  43.614
OT34 129.4000 27.3185 GMZK 129.6510 28.4973 3.04 132.946  43.747  10.650
OT33 129.4500 27.5472 OT23 130.8810 29.5506 2.88 262.504  91.242  31.904
OT19 129.6600 29.2404 TAS  130.9090 31.1946 3.32 247.779  74.745  28.729
OT19 129.6600 29.2404 NOMT 131.0600 30.7369 3.14 213.951  68.202  38.816
OT17 128.4090 28.0396 OT33 129.4500 27.5472 3.16 116.181  36.731 117.770
OT16 127.9510 28.2012 OT19 129.6600 29.2404 3.26 202.820  62.253  54.993
OT13 128.6020 29.0207 TAS  130.9090 31.1946 3.21 327.902 102.246  42.132
OT13 128.6020 29.0207 OT25 130.5810 28.9975 3.17 192.869  60.746  90.286
OT12 128.6050 29.2506 OT31 129.6990 27.9990 3.29 175.139  53.250 142.112
OT06 128.3050 29.3225 OT33 129.4500 27.5472 3.22 226.475  70.247 150.039
OT06 128.3050 29.3225 OT27 130.2110 28.9197 3.28 190.787  58.256 103.070
OT06 128.3050 29.3225 AMG  128.9210 27.8215 3.29 176.941  53.749 159.934
OT03 128.1910 28.8611 OT28 130.2290 28.5500 3.12 202.054  64.740  99.337
OT02 127.8730 28.7925 OT20 130.1540 29.2781 3.30 228.681  69.255  75.838
OT01 127.7730 28.6329 OKED 128.6160 27.3855 3.34 161.174  48.256 148.862
OKED 128.6160 27.3855 OT20 130.1540 29.2781 3.22 258.373  80.240  35.368
GMZK 129.6510 28.4973 OT21 130.5800 29.4695 2.98 140.725  47.255  39.807
OT19 129.6600 29.2404 OT30 130.3310 28.1010 3.01 142.296  47.243 152.393
OT19 129.6600 29.2404 KYK  130.4100 30.3781 3.33 145.463  43.748  29.707
OT17 128.4090 28.0396 OT34 129.4000 27.3185 3.06 126.280  41.254 129.026
OT16 127.9510 28.2012 TAS  130.9090 31.1946 3.23 438.193 135.748  40.067
OT16 127.9510 28.2012 OT33 129.4500 27.5472 3.18 164.437  51.742 115.801
OT16 127.9510 28.2012 OT30 130.3310 28.1010 3.15 234.014  74.243  92.161
OT16 127.9510 28.2012 OT11 128.6350 29.4318 3.36 151.842  45.247  25.910
OT12 128.6050 29.2506 OT34 129.4000 27.3185 3.15 227.887  72.253 159.796
OT11 128.6350 29.4318 OT33 129.4500 27.5472 3.21 223.596  69.743 158.891
OT07 128.4610 29.7510 OT24 130.8400 29.4501 3.16 232.842  73.754  97.650
OT07 128.4610 29.7510 OT21 130.5800 29.4695 3.26 207.595  63.758  98.123
OT07 128.4610 29.7510 OT14 128.4990 28.6807 3.41 118.689  34.755 178.216
OT06 128.3050 29.3225 OT34 129.4000 27.3185 3.26 246.705  75.746 153.927
OT06 128.3050 29.3225 OT17 128.4090 28.0396 3.37 142.549  42.249 175.878
OT05 128.0760 29.0927 OT33 129.4500 27.5472 3.24 217.920  67.259 141.483
OT05 128.0760 29.0927 OT27 130.2110 28.9197 3.25 208.880  64.251  94.751
OT05 128.0760 29.0927 KGM  128.2150 26.7567 3.31 259.234  78.248 176.940
OT04 128.2550 29.0525 OT31 129.6990 27.9990 3.26 183.333  56.220 129.212
OT04 128.2550 29.0525 OT28 130.2290 28.5500 3.30 200.595  60.750 105.645
OT03 128.1910 28.8611 OT34 129.4000 27.3185 3.14 208.204  66.244 144.907
OT03 128.1910 28.8611 OT24 130.8400 29.4501 3.10 265.862  85.762  75.146
OT02 127.8730 28.7925 OT31 129.6990 27.9990 3.34 199.404  59.755 115.734
OT02 127.8730 28.7925 OT25 130.5810 28.9975 3.22 265.169  82.248  84.435
OT02 127.8730 28.7925 GMZK 129.6510 28.4973 3.36 176.966  52.747 100.229
OT01 127.7730 28.6329 MNTN 130.8700 30.4624 3.24 362.224 111.729  55.206
OT01 127.7730 28.6329 KYK  130.4100 30.3781 3.30 320.577  97.262  52.246
OKED 128.6160 27.3855 OT31 129.6990 27.9990 3.07 126.633  41.249  57.278
KYK  130.4100 30.3781 OT26 130.4990 28.8494 2.94 169.670  57.691 177.063
KYK  130.4100 30.3781 OT24 130.8400 29.4501 2.98 110.945  37.255 157.897
AMG  128.9210 27.8215 OT27 130.2110 28.9197 3.18 175.488  55.254  45.785
OT34 129.4000 27.3185 OT30 130.3310 28.1010 2.62 126.256  48.189  46.409
OT33 129.4500 27.5472 OT28 130.2290 28.5500 2.74 134.943  49.249  34.379
OT33 129.4500 27.5472 OT21 130.5800 29.4695 2.92 240.053  82.238  27.176
OT31 129.6990 27.9990 OT23 130.8810 29.5506 2.85 207.128  72.753  33.596
OT31 129.6990 27.9990 OT21 130.5800 29.4695 2.78 184.322  66.231  27.638
OT27 130.2110 28.9197 OT30 130.3310 28.1010 2.43  91.492  37.667 172.595
OT24 130.8400 29.4501 MNTN 130.8700 30.4624 2.86 112.248  39.248   1.475
OT21 130.5800 29.4695 MNTN 130.8700 30.4624 3.09 113.566  36.753  14.201
OT19 129.6600 29.2404 OT31 129.6990 27.9990 3.11 137.637  44.256 178.411
OT16 127.9510 28.2012 OT26 130.4990 28.8494 3.17 259.515  81.763  73.327
OT16 127.9510 28.2012 OT07 128.4610 29.7510 3.33 178.822  53.766  16.019
OT14 128.4990 28.6807 OKED 128.6160 27.3855 3.37 143.997  42.754 175.404
OT13 128.6020 29.0207 AMG  128.9210 27.8215 3.43 136.538  39.749 166.676
OT11 128.6350 29.4318 OT21 130.5800 29.4695 3.24 188.764  58.243  88.256
OT11 128.6350 29.4318 GMZK 129.6510 28.4973 3.20 143.336  44.751 136.024
OT05 128.0760 29.0927 NOMT 131.0600 30.7369 3.24 340.942 105.229  56.952
OT04 128.2550 29.0525 OT21 130.5800 29.4695 3.24 230.696  71.246  77.879
OT04 128.2550 29.0525 AMG  128.9210 27.8215 3.35 151.250  45.217 154.265
OT03 128.1910 28.8611 TAS  130.9090 31.1946 3.24 368.285 113.738  44.717
OT02 127.8730 28.7925 OT34 129.4000 27.3185 3.20 221.909  69.260 137.039
OT02 127.8730 28.7925 OT30 130.3310 28.1010 3.06 252.703  82.664 107.068
OT01 127.7730 28.6329 TKRS 129.2090 29.1442 3.34 151.073  45.231  67.624
OKED 128.6160 27.3855 OT24 130.8400 29.4501 3.05 315.990 103.671  43.085
KGM  128.2150 26.7567 OT31 129.6990 27.9990 3.06 201.206  65.754  46.494
KGM  128.2150 26.7567 OT17 128.4090 28.0396 3.28 143.447  43.759   7.643
AMG  128.9210 27.8215 TKRS 129.2090 29.1442 3.34 149.277  44.747  10.808
OT34 129.4000 27.3185 OT19 129.6600 29.2404 3.12 214.509  68.753   6.755
OT17 128.4090 28.0396 OT31 129.6990 27.9990 3.32 126.895  38.244  91.730
OT17 128.4090 28.0396 OT19 129.6600 29.2404 3.36 180.734  53.758  42.282
OT17 128.4090 28.0396 OT13 128.6020 29.0207 3.32 110.356  33.250   9.790
OT16 127.9510 28.2012 OT27 130.2110 28.9197 3.16 235.014  74.254  69.660
OT16 127.9510 28.2012 KYK  130.4100 30.3781 3.24 339.529 104.761  44.123
OT14 128.4990 28.6807 TAS  130.9090 31.1946 3.21 363.023 113.232  39.271
OT14 128.4990 28.6807 OT21 130.5800 29.4695 3.12 220.685  70.710  66.161
OT13 128.6020 29.0207 OKED 128.6160 27.3855 3.31 181.228  54.752 179.567
OT05 128.0760 29.0927 OT31 129.6990 27.9990 3.23 199.764  61.751 126.968
OT05 128.0760 29.0927 GMZK 129.6510 28.4973 3.30 167.349  50.712 112.845
OT03 128.1910 28.8611 OT17 128.4090 28.0396 3.51  93.517  26.674 166.742
OT01 127.7730 28.6329 OT17 128.4090 28.0396 3.27  90.630  27.749 136.360
OKED 128.6160 27.3855 OT26 130.4990 28.8494 2.97 246.082  82.744  48.319
OKED 128.6160 27.3855 OT25 130.5810 28.9975 3.00 262.978  87.747  46.752
OT20 130.1540 29.2781 OT30 130.3310 28.1010 2.59 131.596  50.750 172.422
OT17 128.4090 28.0396 TKRS 129.2090 29.1442 3.36 145.276  43.250  32.385
OT17 128.4090 28.0396 OT25 130.5810 28.9975 3.10 237.636  76.756  62.953
OT17 128.4090 28.0396 OT07 128.4610 29.7510 3.41 189.750  55.711   1.519
OT14 128.4990 28.6807 OT31 129.6990 27.9990 3.23 139.803  43.256 122.426
OT13 128.6020 29.0207 OT21 130.5800 29.4695 3.14 198.634  63.219  75.018
OT12 128.6050 29.2506 KYK  130.4100 30.3781 3.26 214.582  65.742  53.935
OT05 128.0760 29.0927 TAS  130.9090 31.1946 3.30 358.859 108.745  48.814
OT03 128.1910 28.8611 OT27 130.2110 28.9197 3.33 197.120  59.249  87.627
OT02 127.8730 28.7925 TAS  130.9090 31.1946 3.28 395.898 120.737  46.991
OT02 127.8730 28.7925 OT21 130.5800 29.4695 3.27 273.961  83.755  73.451
OT02 127.8730 28.7925 OT17 128.4090 28.0396 3.37  98.630  29.250 147.652
OT01 127.7730 28.6329 TAS  130.9090 31.1946 3.28 415.117 126.753  46.074
OT01 127.7730 28.6329 OT25 130.5810 28.9975 3.16 277.060  87.761  80.942
OKED 128.6160 27.3855 OT21 130.5800 29.4695 3.17 300.631  94.747  39.343
OKED 128.6160 27.3855 OT19 129.6600 29.2404 3.29 229.670  69.724  26.238
KGM  128.2150 26.7567 OT11 128.6350 29.4318 3.26 299.312  91.757   7.821
OT33 129.4500 27.5472 OT26 130.4990 28.8494 2.76 177.287  64.258  35.266
OT33 129.4500 27.5472 OT19 129.6600 29.2404 3.19 188.775  59.251   6.206
OT25 130.5810 28.9975 MNTN 130.8700 30.4624 2.88 164.766  57.250   9.699
OT23 130.8810 29.5506 TAS  130.9090 31.1946 2.93 182.272  62.251   0.842
OT19 129.6600 29.2404 OT29 130.5910 28.3600 2.74 133.375  48.748 136.796
OT19 129.6600 29.2404 OT28 130.2290 28.5500 2.93  94.510  32.245 143.925
OT19 129.6600 29.2404 OT23 130.8810 29.5506 2.99 123.421  41.250  73.527
OT17 128.4090 28.0396 OT20 130.1540 29.2781 3.28 218.956  66.755  50.766
OT17 128.4090 28.0396 OT12 128.6050 29.2506 3.33 135.578  40.751   8.083
OT16 127.9510 28.2012 OT21 130.5800 29.4695 3.26 292.543  89.710  60.657
OT14 128.4990 28.6807 GMZK 129.6510 28.4973 3.25 114.541  35.254  99.948
OT13 128.6020 29.0207 OT20 130.1540 29.2781 3.36 153.726  45.752  78.929
OT13 128.6020 29.0207 GMZK 129.6510 28.4973 3.34 117.778  35.252 119.256
OT07 128.4610 29.7510 OT34 129.4000 27.3185 3.23 284.826  88.263 160.947
OT03 128.1910 28.8611 OT19 129.6600 29.2404 3.22 149.098  46.246  73.269
OT02 127.8730 28.7925 TKRS 129.2090 29.1442 3.38 135.955  40.247  73.016
OKED 128.6160 27.3855 OT11 128.6350 29.4318 3.37 226.797  67.219   0.470
TKRS 129.2090 29.1442 NOMT 131.0600 30.7369 3.19 251.221  78.728  44.895
OT28 130.2290 28.5500 OT30 130.3310 28.1010 2.39  50.762  21.248 168.578
OT28 130.2290 28.5500 OT26 130.4990 28.8494 2.46  42.412  17.248  38.455
OT27 130.2110 28.9197 OT24 130.8400 29.4501 2.82  84.861  30.103  45.999
OT16 127.9510 28.2012 OT06 128.3050 29.3225 3.34 128.992  38.644  15.457
OT14 128.4990 28.6807 OT33 129.4500 27.5472 3.21 156.559  48.696 143.131
OT14 128.4990 28.6807 OT27 130.2110 28.9197 3.21 169.210  52.746  80.584
OT14 128.4990 28.6807 OT25 130.5810 28.9975 3.09 206.210  66.756  79.698
OT14 128.4990 28.6807 AMG  128.9210 27.8215 3.39 103.843  30.623 156.388
OT12 128.6050 29.2506 GMZK 129.6510 28.4973 3.28 131.851  40.248 129.037
OT07 128.4610 29.7510 OT13 128.6020 29.0207 3.53  82.091  23.249 170.395
OT06 128.3050 29.3225 OT20 130.1540 29.2781 3.41 179.737  52.744  91.119
OT05 128.0760 29.0927 OT34 129.4000 27.3185 3.17 235.714  74.241 146.212
OT05 128.0760 29.0927 OT11 128.6350 29.4318 3.34  66.040  19.749  55.174
OT04 128.2550 29.0525 OT23 130.8810 29.5506 3.14 261.075  83.251  77.154
OT03 128.1910 28.8611 OT21 130.5800 29.4695 3.19 241.991  75.741  73.243
OT03 128.1910 28.8611 OKED 128.6160 27.3855 3.36 168.768  50.244 165.591
OT01 127.7730 28.6329 OT05 128.0760 29.0927 3.32  58.915  17.751  30.046
OT01 127.7730 28.6329 NOMT 131.0600 30.7369 3.24 394.441 121.703  52.955
OKED 128.6160 27.3855 OT28 130.2290 28.5500 3.04 204.546  67.219  50.509
MNTN 130.8700 30.4624 OT23 130.8810 29.5506 2.83 101.076  35.754 179.401
KGM  128.2150 26.7567 OT23 130.8810 29.5506 3.07 405.470 132.247  39.603
KGM  128.2150 26.7567 OKED 128.6160 27.3855 3.18  80.197  25.251  29.598
TKRS 129.2090 29.1442 KYK  130.4100 30.3781 3.40 179.439  52.745  40.045
OT31 129.6990 27.9990 OT26 130.4990 28.8494 2.71 122.591  45.253  39.566
OT19 129.6600 29.2404 OT21 130.5800 29.4695 3.02  92.893  30.749  73.911
OT17 128.4090 28.0396 OT21 130.5800 29.4695 3.22 264.700  82.256  52.709
OT16 127.9510 28.2012 OT31 129.6990 27.9990 3.41 173.193  50.730  97.024
OT16 127.9510 28.2012 OKED 128.6160 27.3855 3.26 111.626  34.252 143.923
OT14 128.4990 28.6807 OT24 130.8400 29.4501 3.03 243.392  80.248  68.927
OT14 128.4990 28.6807 OT23 130.8810 29.5506 3.13 251.092  80.247  66.846
OT13 128.6020 29.0207 OT29 130.5910 28.3600 3.00 207.759  69.253 110.160
OT12 128.6050 29.2506 TAS  130.9090 31.1946 3.23 309.234  95.738  45.253
OT12 128.6050 29.2506 OT24 130.8400 29.4501 3.17 218.139  68.749  83.638
OT12 128.6050 29.2506 OT21 130.5800 29.4695 3.29 193.280  58.730  82.308
OT11 128.6350 29.4318 OT28 130.2290 28.5500 3.18 183.501  57.741 121.795
OT11 128.6350 29.4318 KYK  130.4100 30.3781 3.31 200.969  60.752  58.099
OT07 128.4610 29.7510 OT29 130.5910 28.3600 3.07 258.452  84.241 126.101
OT02 127.8730 28.7925 OT29 130.5910 28.3600 3.01 270.269  89.761  99.566
OT02 127.8730 28.7925 OT14 128.4990 28.6807 3.73  62.442  16.749 101.296
OT02 127.8730 28.7925 OT04 128.2550 29.0525 3.19  47.103  14.752  52.189
OT02 127.8730 28.7925 OKED 128.6160 27.3855 3.39 172.186  50.747 154.727
OT02 127.8730 28.7925 AMG  128.9210 27.8215 3.37 148.859  44.159 136.047
OT01 127.7730 28.6329 OT20 130.1540 29.2781 3.36 242.882  72.243  72.306
OT01 127.7730 28.6329 OT14 128.4990 28.6807 3.27  71.161  21.748  85.558
OT01 127.7730 28.6329 OT13 128.6020 29.0207 3.24  91.592  28.252  61.815
OT01 127.7730 28.6329 OT12 128.6050 29.2506 3.29 106.159  32.248  49.642
GMZK 129.6510 28.4973 NOMT 131.0600 30.7369 3.04 283.274  93.244  28.450
OT31 129.6990 27.9990 OT29 130.5910 28.3600 2.49  96.350  38.679  65.257
OT31 129.6990 27.9990 OT24 130.8400 29.4501 2.89 195.700  67.693  34.464
OT31 129.6990 27.9990 OT20 130.1540 29.2781 3.05 148.597  48.752  17.336
OT30 130.3310 28.1010 TAS  130.9090 31.1946 2.87 347.456 121.234   9.133
OT28 130.2290 28.5500 OT25 130.5810 28.9975 2.26  60.377  26.751  34.685
OT27 130.2110 28.9197 OT28 130.2290 28.5500 2.60  41.011  15.749 177.579
OT20 130.1540 29.2781 OT29 130.5910 28.3600 2.55 110.334  43.251 157.152
OT20 130.1540 29.2781 OT28 130.2290 28.5500 2.82  81.023  28.752 174.852
OT19 129.6600 29.2404 OT24 130.8400 29.4501 2.94 116.945  39.750  78.249
OT16 127.9510 28.2012 OT13 128.6020 29.0207 3.34 110.901  33.237  34.864
OT16 127.9510 28.2012 OT05 128.0760 29.0927 3.29  99.558  30.252   7.021
OT16 127.9510 28.2012 OT04 128.2550 29.0525 3.38  98.907  29.254  17.389
OT12 128.6050 29.2506 OT33 129.4500 27.5472 3.23 206.131  63.739 156.122
OT06 128.3050 29.3225 OT31 129.6990 27.9990 3.27 200.191  61.258 136.779
OT05 128.0760 29.0927 OT24 130.8400 29.4501 3.17 271.513  85.759  80.940
OT04 128.2550 29.0525 OT27 130.2110 28.9197 3.40 191.211  56.239  93.943
OT04 128.2550 29.0525 OT07 128.4610 29.7510 3.44  79.978  23.250  14.470
OT03 128.1910 28.8611 OT31 129.6990 27.9990 3.27 175.905  53.744 122.539
OT03 128.1910 28.8611 OT25 130.5810 28.9975 3.17 233.534  73.758  85.714
OT03 128.1910 28.8611 OT20 130.1540 29.2781 3.21 196.671  61.249  75.935
OT03 128.1910 28.8611 OT07 128.4610 29.7510 3.32 102.068  30.753  14.832
OT01 127.7730 28.6329 OT31 129.6990 27.9990 3.37 201.491  59.754 109.949
OT01 127.7730 28.6329 OT06 128.3050 29.3225 3.33  92.353  27.750  34.019
KYK  130.4100 30.3781 OT21 130.5800 29.4695 3.07 102.053  33.256 170.685
AMG  128.9210 27.8215 TAS  130.9090 31.1946 3.33 420.630 126.239  26.792
TKRS 129.2090 29.1442 TAS  130.9090 31.1946 3.41 280.149  82.252  35.354
TKRS 129.2090 29.1442 OT34 129.4000 27.3185 3.16 203.205  64.224 174.644
TKRS 129.2090 29.1442 OT24 130.8400 29.4501 2.99 162.080  54.244  77.530
OT28 130.2290 28.5500 OT29 130.5910 28.3600 2.54  41.297  16.252 120.571
OT25 130.5810 28.9975 OT24 130.8400 29.4501 3.08  56.127  18.253  26.584
OT17 128.4090 28.0396 OT11 128.6350 29.4318 3.33 155.866  46.750   8.075
OT16 127.9510 28.2012 OT29 130.5910 28.3600 2.99 259.612  86.740  85.492
OT16 127.9510 28.2012 OT25 130.5810 28.9975 3.06 271.965  88.761  70.442
OT14 128.4990 28.6807 TKRS 129.2090 29.1442 3.29  86.201  26.209  53.247
OT13 128.6020 29.0207 OT19 129.6600 29.2404 3.28 105.811  32.246  76.439
OT12 128.6050 29.2506 OKED 128.6160 27.3855 3.35 206.707  61.704 179.716
OT06 128.3050 29.3225 OT23 130.8810 29.5506 3.15 251.221  79.753  83.595
OT05 128.0760 29.0927 OT17 128.4090 28.0396 3.39 121.179  35.746 164.318
OT04 128.2550 29.0525 TAS  130.9090 31.1946 3.25 349.015 107.257  46.475
OT02 127.8730 28.7925 OT16 127.9510 28.2012 3.43  65.983  19.248 173.283
OT01 127.7730 28.6329 OT21 130.5800 29.4695 3.22 288.664  89.731  70.589
KGM  128.2150 26.7567 OT12 128.6050 29.2506 3.27 279.024  85.250   7.813
GMZK 129.6510 28.4973 OT25 130.5810 28.9975 2.75 106.408  38.750  58.378
TKRS 129.2090 29.1442 OT21 130.5800 29.4695 3.05 138.014  45.250  74.524
OT31 129.6990 27.9990 OT30 130.3310 28.1010 2.66  63.174  23.723  79.545
OT27 130.2110 28.9197 OT25 130.5810 28.9975 2.60  37.112  14.252  76.476
OT21 130.5800 29.4695 OT25 130.5810 28.9975 2.58  52.317  20.246 179.883
OT17 128.4090 28.0396 OT30 130.3310 28.1010 3.06 189.020  61.751  87.487
OT17 128.4090 28.0396 OT29 130.5910 28.3600 2.89 217.158  75.245  80.078
OT16 127.9510 28.2012 AMG  128.9210 27.8215 3.28 104.273  31.752 113.573
OT14 128.4990 28.6807 OT30 130.3310 28.1010 3.02 190.681  63.202 109.255
OT14 128.4990 28.6807 OT26 130.4990 28.8494 3.05 196.198  64.243  84.053
OT14 128.4990 28.6807 OT19 129.6600 29.2404 3.29 129.048  39.248  60.990
OT12 128.6050 29.2506 OT30 130.3310 28.1010 3.05 211.373  69.257 126.653
OT12 128.6050 29.2506 OT28 130.2290 28.5500 3.14 176.339  56.195 115.734
OT11 128.6350 29.4318 OT31 129.6990 27.9990 3.37 189.793  56.252 146.536
OT11 128.6350 29.4318 OT26 130.4990 28.8494 3.10 192.530  62.207 109.136
OT11 128.6350 29.4318 AMG  128.9210 27.8215 3.39 180.655  53.243 171.015
OT07 128.4610 29.7510 OT19 129.6600 29.2404 3.34 129.284  38.754 115.667
OT03 128.1910 28.8611 GMZK 129.6510 28.4973 3.32 148.307  44.725 105.427
OT01 127.7730 28.6329 OT28 130.2290 28.5500 3.15 240.368  76.259  91.606
OT01 127.7730 28.6329 OT04 128.2550 29.0525 3.27  66.111  20.248  45.180
GMZK 129.6510 28.4973 OT26 130.4990 28.8494 2.88  91.576  31.753  64.575
AMG  128.9210 27.8215 OT30 130.3310 28.1010 2.91 142.131  48.758  77.084
TKRS 129.2090 29.1442 OT33 129.4500 27.5472 3.26 178.564  54.757 172.332
TKRS 129.2090 29.1442 OT28 130.2290 28.5500 2.93 119.334  40.756 123.251
TAS  130.9090 31.1946 NOMT 131.0600 30.7369 2.97  52.749  17.749 164.101
OT34 129.4000 27.3185 OT31 129.6990 27.9990 2.92  80.950  27.751  21.253
OT31 129.6990 27.9990 OT28 130.2290 28.5500 2.65  80.197  30.252  40.286
OT17 128.4090 28.0396 OT23 130.8810 29.5506 3.08 293.732  95.244  54.655
OT17 128.4090 28.0396 GMZK 129.6510 28.4973 3.36 132.007  39.253  67.112
OT16 127.9510 28.2012 OT17 128.4090 28.0396 3.52  48.442  13.750 111.590
OT14 128.4990 28.6807 OT11 128.6350 29.4318 3.27  84.294  25.746   8.994
OT13 128.6020 29.0207 OT31 129.6990 27.9990 3.20 156.051  48.747 136.257
OT11 128.6350 29.4318 OT19 129.6600 29.2404 3.31 101.795  30.754 101.779
OT05 128.0760 29.0927 TKRS 129.2090 29.1442 3.37 110.390  32.747  86.761
OT05 128.0760 29.0927 OT14 128.4990 28.6807 3.28  61.537  18.750 137.804
OT01 127.7730 28.6329 OT16 127.9510 28.2012 3.23  50.924  15.751 159.929
GMZK 129.6510 28.4973 OT19 129.6600 29.2404 3.33  82.367  24.750   0.580
AMG  128.9210 27.8215 OT31 129.6990 27.9990 3.19  79.033  24.752  75.406
TKRS 129.2090 29.1442 MNTN 130.8700 30.4624 3.18 217.128  68.258  47.299
OT33 129.4500 27.5472 GMZK 129.6510 28.4973 3.13 107.134  34.250  10.603
OT30 130.3310 28.1010 OT26 130.4990 28.8494 2.30  84.559  36.749  11.179
OT27 130.2110 28.9197 OT29 130.5910 28.3600 2.43  72.328  29.752 148.962
OT27 130.2110 28.9197 OT23 130.8810 29.5506 2.80  95.578  34.159  42.814
OT26 130.4990 28.8494 OT24 130.8400 29.4501 2.50  74.398  29.747  26.419
OT21 130.5800 29.4695 OT23 130.8810 29.5506 2.60  30.537  11.749  72.806
OT20 130.1540 29.2781 OT26 130.4990 28.8494 2.61  58.170  22.253 144.687
OT17 128.4090 28.0396 OT14 128.4990 28.6807 3.29  71.594  21.748   7.042
OT16 127.9510 28.2012 OT28 130.2290 28.5500 3.16 226.556  71.740  79.639
OT16 127.9510 28.2012 OT14 128.4990 28.6807 3.25  75.529  23.247  45.155
OT11 128.6350 29.4318 OT20 130.1540 29.2781 3.28 148.530  45.256  96.215
OT06 128.3050 29.3225 OT19 129.6600 29.2404 3.41 131.975  38.748  93.624
OT05 128.0760 29.0927 OT23 130.8810 29.5506 3.18 277.145  87.262  78.767
OT03 128.1910 28.8611 OT29 130.5910 28.3600 2.97 241.221  81.247 102.737
GMZK 129.6510 28.4973 OT28 130.2290 28.5500 2.74  56.806  20.747  83.960
OT30 130.3310 28.1010 OT25 130.5810 28.9975 2.39 102.333  42.746  13.790
OT26 130.4990 28.8494 OT21 130.5800 29.4695 2.54  69.184  27.216   6.538
OT26 130.4990 28.8494 MNTN 130.8700 30.4624 2.77 182.369  65.742  11.277
OT20 130.1540 29.2781 OT24 130.8400 29.4501 2.86  69.263  24.192  73.856
OT20 130.1540 29.2781 OT21 130.5800 29.4695 2.86  46.465  16.252  62.729
OT19 129.6600 29.2404 OT26 130.4990 28.8494 3.01  92.495  30.750 117.736
OT16 127.9510 28.2012 OT23 130.8810 29.5506 3.17 322.582 101.761  61.682
OT16 127.9510 28.2012 OT03 128.1910 28.8611 3.45  76.815  22.252  17.749
OT14 128.4990 28.6807 OT28 130.2290 28.5500 3.08 169.769  55.174  94.482
OT12 128.6050 29.2506 OT29 130.5910 28.3600 2.93 217.552  74.250 116.503
OT12 128.6050 29.2506 OT25 130.5810 28.9975 3.10 194.333  62.749  97.821
OT07 128.4610 29.7510 OT26 130.4990 28.8494 3.18 221.762  69.758 116.285
OT07 128.4610 29.7510 OT23 130.8810 29.5506 3.19 235.346  73.753  94.820
OT06 128.3050 29.3225 OT24 130.8400 29.4501 3.28 246.495  75.243  86.092
OT06 128.3050 29.3225 OT14 128.4990 28.6807 3.31  73.603  22.250 165.072
OT06 128.3050 29.3225 NOMT 131.0600 30.7369 3.24 308.541  95.229  58.779
OT05 128.0760 29.0927 OT26 130.4990 28.8494 3.06 237.671  77.746  95.930
OT03 128.1910 28.8611 OT30 130.3310 28.1010 3.08 225.828  73.260 111.392
OT03 128.1910 28.8611 OT11 128.6350 29.4318 3.31  76.585  23.144  34.207
OT02 127.8730 28.7925 OT13 128.6020 29.0207 3.25  75.489  23.249  70.250
OT02 127.8730 28.7925 OT06 128.3050 29.3225 3.26  72.283  22.193  35.536
OT02 127.8730 28.7925 NOMT 131.0600 30.7369 3.24 376.127 116.232  54.261
OT02 127.8730 28.7925 KYK  130.4100 30.3781 3.31 302.178  91.237  53.819
OT01 127.7730 28.6329 GMZK 129.6510 28.4973 3.31 184.386  55.706  94.228
OKED 128.6160 27.3855 AMG  128.9210 27.8215 3.21  56.958  17.749  31.903
MNTN 130.8700 30.4624 TAS  130.9090 31.1946 3.04  81.267  26.750   2.623
KYK  130.4100 30.3781 NOMT 131.0600 30.7369 2.93  73.995  25.254  57.314
AMG  128.9210 27.8215 OT19 129.6600 29.2404 3.31 173.082  52.243  24.518
OT33 129.4500 27.5472 OT31 129.6990 27.9990 2.90  55.746  19.249  26.030
OT19 129.6600 29.2404 OT20 130.1540 29.2781 3.29  48.235  14.679  84.910
OT17 128.4090 28.0396 OKED 128.6160 27.3855 3.38  75.293  22.250 164.264
OT13 128.6020 29.0207 OT27 130.2110 28.9197 3.29 157.232  47.747  93.695
OT13 128.6020 29.0207 OT23 130.8810 29.5506 3.07 229.130  74.757  74.595
OT11 128.6350 29.4318 OT23 130.8810 29.5506 3.18 218.228  68.725  85.991
OT05 128.0760 29.0927 OT25 130.5810 28.9975 3.14 244.212  77.750  91.871
OT05 128.0760 29.0927 OT19 129.6600 29.2404 3.39 154.942  45.746  83.551
OT03 128.1910 28.8611 TKRS 129.2090 29.1442 3.28 104.008  31.748  72.195
OT03 128.1910 28.8611 OT23 130.8810 29.5506 3.09 272.518  88.251  73.064
OT03 128.1910 28.8611 OT12 128.6050 29.2506 3.33  59.083  17.748  42.957
OT01 127.7730 28.6329 OT03 128.1910 28.8611 3.26  48.027  14.750  58.123
OKED 128.6160 27.3855 TAS  130.9090 31.1946 3.34 477.377 142.756  27.275
GMZK 129.6510 28.4973 OT27 130.2110 28.9197 2.91  71.981  24.753  49.295
TKRS 129.2090 29.1442 OT25 130.5810 28.9975 3.08 134.620  43.750  96.606
OT19 129.6600 29.2404 OT25 130.5810 28.9975 3.00  93.622  31.249 106.489
OT17 128.4090 28.0396 OT26 130.4990 28.8494 3.09 223.502  72.261  65.833
OT12 128.6050 29.2506 TKRS 129.2090 29.1442 3.68  59.865  16.250 101.213
OT12 128.6050 29.2506 OT10 128.8440 29.6621 3.25  51.136  15.749  26.820
OT07 128.4610 29.7510 MNTN 130.8700 30.4624 3.30 245.204  74.214  70.643
OT06 128.3050 29.3225 OT07 128.4610 29.7510 3.38  49.852  14.749  17.643
OT04 128.2550 29.0525 OT11 128.6350 29.4318 3.34  55.978  16.750  41.227
OT04 128.2550 29.0525 MNTN 130.8700 30.4624 3.22 297.344  92.228  57.653
OT03 128.1910 28.8611 OT26 130.4990 28.8494 3.21 225.183  70.247  89.776
OT01 127.7730 28.6329 AMG  128.9210 27.8215 3.37 144.167  42.741 128.318
OT26 130.4990 28.8494 OT29 130.5910 28.3600 2.39  54.988  22.998 170.518
OT20 130.1540 29.2781 OT23 130.8810 29.5506 2.77  76.729  27.750  66.641
OT05 128.0760 29.0927 AMG  128.9210 27.8215 3.39 163.397  48.257 149.365
OT04 128.2550 29.0525 TKRS 129.2090 29.1442 3.49  93.442  26.751  83.523
OKED 128.6160 27.3855 OT33 129.4500 27.5472 3.00  84.396  28.169  77.548
OKED 128.6160 27.3855 NOMT 131.0600 30.7369 3.17 441.159 139.211  32.069
GMZK 129.6510 28.4973 OT30 130.3310 28.1010 2.98  79.825  26.751 123.219
AMG  128.9210 27.8215 OT33 129.4500 27.5472 2.91  60.378  20.749 120.103
OT11 128.6350 29.4318 TKRS 129.2090 29.1442 3.25  64.239  19.748 119.609
OT07 128.4610 29.7510 TKRS 129.2090 29.1442 3.33  98.913  29.748 132.657
OT02 127.8730 28.7925 OT12 128.6050 29.2506 3.34  87.603  26.252  54.402
OT19 129.6600 29.2404 OT27 130.2110 28.9197 3.03  64.354  21.253 123.394
OT12 128.6050 29.2506 OT27 130.2110 28.9197 3.23 160.564  49.695 102.815
OT05 128.0760 29.0927 OT13 128.6020 29.0207 3.40  51.814  15.248  98.733
OT05 128.0760 29.0927 OT07 128.4610 29.7510 3.38  81.981  24.248  27.025
OT04 128.2550 29.0525 OT25 130.5810 28.9975 3.27 226.726  69.250  90.979
OT03 128.1910 28.8611 OT06 128.3050 29.3225 3.55  52.329  14.749  12.207
