KGM  128.2150 26.7567 OT04 128.2550 29.0525 2.82 254.446  90.133   0.864
KGM  128.2150 26.7567 GMZK 129.6510 28.4973 2.93 239.356  81.636  35.983
GMZK 129.6510 28.4973 TAS  130.9090 31.1946 2.83 322.754 114.128  21.815
GMZK 129.6510 28.4973 KYK  130.4100 30.3781 2.79 221.081  79.127  19.258
OT07 128.4610 29.7510 OT30 130.3310 28.1010 2.69 258.218  96.135 134.635
AMG  128.9210 27.8215 KYK  130.4100 30.3781 2.86 318.263 111.125  26.728
OT04 128.2550 29.0525 OT26 130.4990 28.8494 2.87 219.937  76.633  95.333
OT04 128.2550 29.0525 KYK  130.4100 30.3781 2.89 255.097  88.120  54.303
OT14 128.4990 28.6807 KYK  130.4100 30.3781 2.87 264.016  92.120  44.087
OT02 127.8730 28.7925 OT28 130.2290 28.5500 2.77 231.858  83.613  96.093
OT34 129.4000 27.3185 OT27 130.2110 28.9197 2.34 194.496  83.118  23.981
OT02 127.8730 28.7925 OT27 130.2110 28.9197 2.73 228.598  83.613  85.903
OT17 128.4090 28.0396 OT24 130.8400 29.4501 2.69 284.272 105.638  56.063
OT04 128.2550 29.0525 OT30 130.3310 28.1010 2.77 228.867  82.564 116.939
KGM  128.2150 26.7567 OT33 129.4500 27.5472 2.61 150.507  57.599  54.132
KGM  128.2150 26.7567 OT14 128.4990 28.6807 2.88 215.037  74.614   7.413
OT28 130.2290 28.5500 TAS  130.9090 31.1946 2.63 300.437 114.104  12.474
OT11 128.6350 29.4318 OT34 129.4000 27.3185 2.78 245.935  88.625 162.052
OT04 128.2550 29.0525 OT34 129.4000 27.3185 2.76 222.676  80.621 149.381
OT27 130.2110 28.9197 TAS  130.9090 31.1946 2.77 261.015  94.127  14.778
OT20 130.1540 29.2781 TAS  130.9090 31.1946 2.82 224.538  79.623  18.694
OT01 127.7730 28.6329 OT34 129.4000 27.3185 2.81 216.441  77.108 131.914
KYK  130.4100 30.3781 OT25 130.5810 28.9975 2.36 153.933  65.115 173.771
KGM  128.2150 26.7567 OT28 130.2290 28.5500 2.69 280.989 104.612  44.532
KGM  128.2150 26.7567 OT06 128.3050 29.3225 2.75 284.480 103.560   1.758
OT14 128.4990 28.6807 OT20 130.1540 29.2781 2.72 174.381  64.118  67.287
AMG  128.9210 27.8215 OT21 130.5800 29.4695 2.87 244.263  85.139  41.213
OT27 130.2110 28.9197 KYK  130.4100 30.3781 2.73 162.802  59.634   6.745
OT20 130.1540 29.2781 NOMT 131.0600 30.7369 2.78 183.816  66.121  28.162
OT14 128.4990 28.6807 OT34 129.4000 27.3185 2.75 175.069  63.615 149.361
OT13 128.6020 29.0207 OT34 129.4000 27.3185 2.74 204.294  74.614 157.236
KYK  130.4100 30.3781 OT23 130.8810 29.5506 2.62 102.390  39.122 153.505
KGM  128.2150 26.7567 OT34 129.4000 27.3185 2.60 133.056  51.116  61.839
KGM  128.2150 26.7567 OT07 128.4610 29.7510 2.70 332.717 123.046   4.103
OT02 127.8730 28.7925 OT19 129.6600 29.2404 2.76 181.072  65.630  73.658
KGM  128.2150 26.7567 TKRS 129.2090 29.1442 2.88 282.067  98.110  20.052
KGM  128.2150 26.7567 AMG  128.9210 27.8215 2.88 137.132  47.632  30.480
OT17 128.4090 28.0396 OT27 130.2110 28.9197 2.82 201.591  71.613  60.639
OT11 128.6350 29.4318 OT27 130.2110 28.9197 2.74 163.481  59.621 109.932
OT02 127.8730 28.7925 KGM  128.2150 26.7567 2.78 228.114  82.144 171.404
OT01 127.7730 28.6329 OT33 129.4500 27.5472 2.75 204.049  74.146 125.736
OT01 127.7730 28.6329 OT24 130.8400 29.4501 2.70 312.143 115.609  72.396
AMG  128.9210 27.8215 NOMT 131.0600 30.7369 2.90 384.202 132.621  32.235
OT16 127.9510 28.2012 OT34 129.4000 27.3185 2.77 173.145  62.620 124.060
OT04 128.2550 29.0525 OT17 128.4090 28.0396 2.79 113.273  40.629 172.287
OKED 128.6160 27.3855 OT27 130.2110 28.9197 2.92 231.212  79.101  42.291
KYK  130.4100 30.3781 TAS  130.9090 31.1946 2.87 102.368  35.618  27.710
KGM  128.2150 26.7567 OT13 128.6020 29.0207 2.88 253.763  88.112   8.538
OT21 130.5800 29.4695 OT29 130.5910 28.3600 1.98 122.976  62.140 179.488
OT20 130.1540 29.2781 MNTN 130.8700 30.4624 2.77 148.379  53.625  27.606
OT20 130.1540 29.2781 KYK  130.4100 30.3781 2.79 124.410  44.623  11.386
OT16 127.9510 28.2012 OT24 130.8400 29.4501 2.67 314.099 117.596  63.166
OT01 127.7730 28.6329 OT30 130.3310 28.1010 2.89 257.563  89.122 102.623
OT01 127.7730 28.6329 OT27 130.2110 28.9197 2.74 240.155  87.616  81.812
OT01 127.7730 28.6329 OT19 129.6600 29.2404 2.84 195.892  68.952  69.444
OT16 127.9510 28.2012 KGM  128.2150 26.7567 2.84 162.181  57.126 170.678
OT13 128.6020 29.0207 KYK  130.4100 30.3781 2.78 230.762  83.068  48.864
OT07 128.4610 29.7510 OT27 130.2110 28.9197 2.74 193.305  70.627 118.039
OT06 128.3050 29.3225 GMZK 129.6510 28.4973 2.85 160.013  56.125 124.536
OT02 127.8730 28.7925 OT11 128.6350 29.4318 2.56 102.597  40.124  46.135
AMG  128.9210 27.8215 OT28 130.2290 28.5500 2.65 151.657  57.121  57.530
OT28 130.2290 28.5500 OT24 130.8400 29.4501 2.27 116.202  51.123  30.701
OT24 130.8400 29.4501 NOMT 131.0600 30.7369 2.46 144.219  58.626   8.401
OT23 130.8810 29.5506 NOMT 131.0600 30.7369 2.52 132.637  52.571   7.427
OT13 128.6020 29.0207 OT30 130.3310 28.1010 2.60 197.517  76.114 120.654
OT13 128.6020 29.0207 OT28 130.2290 28.5500 2.83 167.186  59.118 107.791
OT04 128.2550 29.0525 GMZK 129.6510 28.4973 2.90 149.628  51.631 113.948
OT03 128.1910 28.8611 AMG  128.9210 27.8215 2.82 135.641  48.117 147.975
OT02 127.8730 28.7925 OT33 129.4500 27.5472 2.74 207.473  75.610 131.322
OT02 127.8730 28.7925 OT24 130.8400 29.4501 2.76 297.867 108.079  75.121
OT01 127.7730 28.6329 OT07 128.4610 29.7510 2.81 140.844  50.122  28.204
KGM  128.2150 26.7567 OT26 130.4990 28.8494 2.62 323.125 123.142  43.614
OT19 129.6600 29.2404 TAS  130.9090 31.1946 2.83 247.779  87.616  28.729
OT17 128.4090 28.0396 OT33 129.4500 27.5472 2.86 116.181  40.623 117.770
OT13 128.6020 29.0207 TAS  130.9090 31.1946 2.83 327.902 116.072  42.132
OT12 128.6050 29.2506 OT31 129.6990 27.9990 2.80 175.139  62.639 142.112
OT06 128.3050 29.3225 OT33 129.4500 27.5472 2.84 226.475  79.633 150.039
OT06 128.3050 29.3225 OT27 130.2110 28.9197 2.82 190.787  67.631 103.070
OT02 127.8730 28.7925 OT20 130.1540 29.2781 2.75 228.681  83.127  75.838
OKED 128.6160 27.3855 OT20 130.1540 29.2781 2.91 258.373  88.636  35.368
GMZK 129.6510 28.4973 OT21 130.5800 29.4695 2.73 140.725  51.623  39.807
OT19 129.6600 29.2404 KYK  130.4100 30.3781 2.82 145.463  51.612  29.707
OT17 128.4090 28.0396 OT34 129.4000 27.3185 2.93 126.280  43.128 129.026
OT16 127.9510 28.2012 TAS  130.9090 31.1946 2.83 438.193 154.620  40.067
OT16 127.9510 28.2012 OT33 129.4500 27.5472 2.81 164.437  58.623 115.801
OT16 127.9510 28.2012 OT11 128.6350 29.4318 2.61 151.842  58.134  25.910
OT12 128.6050 29.2506 OT34 129.4000 27.3185 2.76 227.887  82.628 159.796
OT11 128.6350 29.4318 OT33 129.4500 27.5472 2.86 223.596  78.126 158.891
OT07 128.4610 29.7510 OT21 130.5800 29.4695 2.74 207.595  75.627  98.123
OT06 128.3050 29.3225 OT17 128.4090 28.0396 2.71 142.549  52.621 175.878
OT05 128.0760 29.0927 KGM  128.2150 26.7567 2.81 259.234  92.123 176.940
OT04 128.2550 29.0525 OT31 129.6990 27.9990 2.82 183.333  65.104 129.212
OT04 128.2550 29.0525 OT28 130.2290 28.5500 2.69 200.595  74.598 105.645
OT03 128.1910 28.8611 OT34 129.4000 27.3185 2.85 208.204  73.131 144.907
OT03 128.1910 28.8611 OT24 130.8400 29.4501 2.83 265.862  94.110  75.146
OT02 127.8730 28.7925 OT31 129.6990 27.9990 2.95 199.404  67.618 115.734
OT02 127.8730 28.7925 OT25 130.5810 28.9975 2.66 265.169  99.613  84.435
OT02 127.8730 28.7925 GMZK 129.6510 28.4973 2.83 176.966  62.621 100.229
OT01 127.7730 28.6329 KYK  130.4100 30.3781 2.99 320.577 107.109  52.246
OKED 128.6160 27.3855 OT31 129.6990 27.9990 2.81 126.633  45.129  57.278
KYK  130.4100 30.3781 OT26 130.4990 28.8494 2.29 169.670  74.124 177.063
KYK  130.4100 30.3781 OT24 130.8400 29.4501 2.60 110.945  42.622 157.897
AMG  128.9210 27.8215 OT27 130.2110 28.9197 2.97 175.488  59.127  45.785
OT27 130.2110 28.9197 OT30 130.3310 28.1010 1.83  91.492  50.078 172.595
OT14 128.4990 28.6807 OKED 128.6160 27.3855 2.84 143.997  50.632 175.404
OT13 128.6020 29.0207 AMG  128.9210 27.8215 2.81 136.538  48.625 166.676
OT11 128.6350 29.4318 GMZK 129.6510 28.4973 2.86 143.336  50.117 136.024
KGM  128.2150 26.7567 OT17 128.4090 28.0396 2.86 143.447  50.125   7.643
AMG  128.9210 27.8215 TKRS 129.2090 29.1442 2.92 149.277  51.122  10.808
OT17 128.4090 28.0396 OT31 129.6990 27.9990 2.66 126.895  47.630  91.730
OT17 128.4090 28.0396 OT13 128.6020 29.0207 2.86 110.356  38.627   9.790
OT16 127.9510 28.2012 OT27 130.2110 28.9197 2.76 235.014  85.119  69.660
OT14 128.4990 28.6807 OT21 130.5800 29.4695 2.67 220.685  82.623  66.161
OT05 128.0760 29.0927 GMZK 129.6510 28.4973 2.81 167.349  59.597 112.845
OT03 128.1910 28.8611 OT17 128.4090 28.0396 2.74  93.517  34.081 166.742
OT01 127.7730 28.6329 OT17 128.4090 28.0396 2.69  90.630  33.629 136.360
OT17 128.4090 28.0396 OT25 130.5810 28.9975 2.58 237.636  92.107  62.953
OT03 128.1910 28.8611 OT27 130.2110 28.9197 2.87 197.120  68.635  87.627
OT02 127.8730 28.7925 OT17 128.4090 28.0396 2.73  98.630  36.117 147.652
OT33 129.4500 27.5472 OT26 130.4990 28.8494 2.23 177.287  79.608  35.266
OT23 130.8810 29.5506 TAS  130.9090 31.1946 2.60 182.272  70.132   0.842
OT19 129.6600 29.2404 OT28 130.2290 28.5500 2.55  94.510  37.121 143.925
OT17 128.4090 28.0396 OT20 130.1540 29.2781 2.88 218.956  76.132  50.766
OT14 128.4990 28.6807 GMZK 129.6510 28.4973 2.93 114.541  39.119  99.948
OT28 130.2290 28.5500 OT30 130.3310 28.1010 1.63  50.762  31.123 168.578
OT28 130.2290 28.5500 OT26 130.4990 28.8494 1.62  42.412  26.132  38.455
OT27 130.2110 28.9197 OT24 130.8400 29.4501 2.20  84.861  38.556  45.999
OT16 127.9510 28.2012 OT06 128.3050 29.3225 2.74 128.992  47.077  15.457
OT14 128.4990 28.6807 OT33 129.4500 27.5472 2.82 156.559  55.596 143.131
OT14 128.4990 28.6807 OT27 130.2110 28.9197 2.79 169.210  60.627  80.584
OT14 128.4990 28.6807 OT25 130.5810 28.9975 2.67 206.210  77.117  79.698
OT14 128.4990 28.6807 AMG  128.9210 27.8215 2.96 103.843  35.070 156.388
OT12 128.6050 29.2506 GMZK 129.6510 28.4973 2.86 131.851  46.118 129.037
OT07 128.4610 29.7510 OT13 128.6020 29.0207 2.87  82.091  28.623 170.395
OT05 128.0760 29.0927 OT11 128.6350 29.4318 2.80  66.040  23.628  55.174
OT04 128.2550 29.0525 OT23 130.8810 29.5506 2.79 261.075  93.607  77.154
OT01 127.7730 28.6329 OT05 128.0760 29.0927 2.55  58.915  23.122  30.046
MNTN 130.8700 30.4624 OT23 130.8810 29.5506 2.49 101.076  40.625 179.401
KGM  128.2150 26.7567 OKED 128.6160 27.3855 2.85  80.197  28.129  29.598
OT19 129.6600 29.2404 OT21 130.5800 29.4695 2.64  92.893  35.120  73.911
OT16 127.9510 28.2012 OKED 128.6160 27.3855 2.85 111.626  39.126 143.923
OT14 128.4990 28.6807 OT23 130.8810 29.5506 2.65 251.092  94.609  66.846
OT02 127.8730 28.7925 OT14 128.4990 28.6807 2.82  62.442  22.127 101.296
OT02 127.8730 28.7925 OT04 128.2550 29.0525 2.67  47.103  17.622  52.189
OT01 127.7730 28.6329 OT20 130.1540 29.2781 2.74 242.882  88.611  72.306
OT01 127.7730 28.6329 OT14 128.4990 28.6807 2.95  71.161  24.114  85.558
OT01 127.7730 28.6329 OT13 128.6020 29.0207 2.81  91.592  32.584  61.815
OT31 129.6990 27.9990 OT29 130.5910 28.3600 1.94  96.350  49.588  65.257
OT27 130.2110 28.9197 OT28 130.2290 28.5500 2.09  41.011  19.623 177.579
OT20 130.1540 29.2781 OT28 130.2290 28.5500 2.37  81.023  34.129 174.852
OT19 129.6600 29.2404 OT24 130.8400 29.4501 2.48 116.945  47.117  78.249
OT16 127.9510 28.2012 OT13 128.6020 29.0207 2.80 110.901  39.627  34.864
OT04 128.2550 29.0525 OT07 128.4610 29.7510 2.89  79.978  27.626  14.470
OT01 127.7730 28.6329 OT06 128.3050 29.3225 2.56  92.353  36.132  34.019
OT28 130.2290 28.5500 OT29 130.5910 28.3600 1.50  41.297  27.623 120.571
OT25 130.5810 28.9975 OT24 130.8400 29.4501 2.28  56.127  24.628  26.584
OT14 128.4990 28.6807 TKRS 129.2090 29.1442 2.82  86.201  30.611  53.247
OT13 128.6020 29.0207 OT19 129.6600 29.2404 2.78 105.811  38.122  76.439
OT06 128.3050 29.3225 OT23 130.8810 29.5506 2.67 251.221  94.126  83.595
OT05 128.0760 29.0927 OT17 128.4090 28.0396 2.91 121.179  41.628 164.318
OT02 127.8730 28.7925 OT16 127.9510 28.2012 2.64  65.983  25.022 173.283
OT01 127.7730 28.6329 OT21 130.5800 29.4695 2.79 288.664 103.612  70.589
OT31 129.6990 27.9990 OT30 130.3310 28.1010 1.70  63.174  37.096  79.545
OT27 130.2110 28.9197 OT25 130.5810 28.9975 1.51  37.112  24.626  76.476
OT01 127.7730 28.6329 OT04 128.2550 29.0525 2.63  66.111  25.128  45.180
OT17 128.4090 28.0396 OT23 130.8810 29.5506 2.65 293.732 110.634  54.655
OT16 127.9510 28.2012 OT17 128.4090 28.0396 2.83  48.442  17.123 111.590
OT14 128.4990 28.6807 OT11 128.6350 29.4318 2.71  84.294  31.128   8.994
OT11 128.6350 29.4318 OT19 129.6600 29.2404 2.67 101.795  38.125 101.779
OT05 128.0760 29.0927 OT14 128.4990 28.6807 2.61  61.537  23.623 137.804
OT01 127.7730 28.6329 OT16 127.9510 28.2012 2.73  50.924  18.626 159.929
AMG  128.9210 27.8215 OT31 129.6990 27.9990 2.91  79.033  27.122  75.406
OT21 130.5800 29.4695 OT23 130.8810 29.5506 2.24  30.537  13.626  72.806
OT17 128.4090 28.0396 OT14 128.4990 28.6807 2.91  71.594  24.628   7.042
GMZK 129.6510 28.4973 OT28 130.2290 28.5500 2.40  56.806  23.630  83.960
OT20 130.1540 29.2781 OT21 130.5800 29.4695 2.64  46.465  17.627  62.729
OKED 128.6160 27.3855 AMG  128.9210 27.8215 2.98  56.958  19.126  31.903
OT33 129.4500 27.5472 OT31 129.6990 27.9990 2.41  55.746  23.122  26.030
OT19 129.6600 29.2404 OT20 130.1540 29.2781 2.74  48.235  17.591  84.910
OT17 128.4090 28.0396 OKED 128.6160 27.3855 3.00  75.293  25.123 164.264
OT03 128.1910 28.8611 OT12 128.6050 29.2506 2.67  59.083  22.129  42.957
OT01 127.7730 28.6329 OT03 128.1910 28.8611 2.80  48.027  17.128  58.123
OT12 128.6050 29.2506 TKRS 129.2090 29.1442 2.90  59.865  20.622 101.213
OT12 128.6050 29.2506 OT10 128.8440 29.6621 2.82  51.136  18.127  26.820
OT06 128.3050 29.3225 OT07 128.4610 29.7510 2.61  49.852  19.122  17.643
OT04 128.2550 29.0525 OT11 128.6350 29.4318 2.78  55.978  20.122  41.227
OKED 128.6160 27.3855 OT35 129.1000 27.2007 2.73  52.147  19.123 113.005
OT20 130.1540 29.2781 OT23 130.8810 29.5506 2.32  76.729  33.130  66.641
OT04 128.2550 29.0525 TKRS 129.2090 29.1442 2.74  93.442  34.128  83.523
OKED 128.6160 27.3855 OT33 129.4500 27.5472 2.67  84.396  31.597  77.548
OT14 128.4990 28.6807 OT13 128.6020 29.0207 2.67  38.996  14.627  14.881
OT14 128.4990 28.6807 OT12 128.6050 29.2506 2.77  64.009  23.125   9.289
OT04 128.2550 29.0525 OT14 128.4990 28.6807 2.63  47.610  18.123 149.886
OT03 128.1910 28.8611 OT13 128.6020 29.0207 2.74  43.775  16.000  66.067
OT06 128.3050 29.3225 OT13 128.6020 29.0207 2.93  44.188  15.097 139.130
OKED 128.6160 27.3855 OT34 129.4000 27.3185 2.68  78.001  29.127  95.279
TKRS 129.2090 29.1442 GMZK 129.6510 28.4973 2.78  83.707  30.121 148.828
OT20 130.1540 29.2781 OT27 130.2110 28.9197 2.57  40.104  15.623 172.090
OT13 128.6020 29.0207 OT11 128.6350 29.4318 2.59  45.679  17.623   4.020
OT02 127.8730 28.7925 OT05 128.0760 29.0927 2.40  38.744  16.123  30.771
GMZK 129.6510 28.4973 OT20 130.1540 29.2781 2.75  99.480  36.122  29.430
OT05 128.0760 29.0927 OT12 128.6050 29.2506 2.51  54.372  21.628  71.095
OT27 130.2110 28.9197 OT26 130.4990 28.8494 2.74  29.154  10.624 105.432
OT21 130.5800 29.4695 OT24 130.8400 29.4501 1.86  25.312  13.623  94.810
OT06 128.3050 29.3225 OT11 128.6350 29.4318 2.34  34.234  14.624  69.194
OT05 128.0760 29.0927 OT06 128.3050 29.3225 2.24  33.826  15.128  41.094
