KGM  128.2150 26.7567 OT04 128.2550 29.0525 3.53 254.446  72.122   0.864
KGM  128.2150 26.7567 GMZK 129.6510 28.4973 3.39 239.356  70.627  35.983
GMZK 129.6510 28.4973 TAS  130.9090 31.1946 3.48 322.754  92.612  21.815
GMZK 129.6510 28.4973 KYK  130.4100 30.3781 3.50 221.081  63.112  19.258
OT07 128.4610 29.7510 OT30 130.3310 28.1010 3.39 258.218  76.126 134.635
AMG  128.9210 27.8215 KYK  130.4100 30.3781 3.51 318.263  90.622  26.728
OT04 128.2550 29.0525 OT26 130.4990 28.8494 3.43 219.937  64.122  95.333
OT04 128.2550 29.0525 KYK  130.4100 30.3781 3.49 255.097  73.115  54.303
OT14 128.4990 28.6807 KYK  130.4100 30.3781 3.54 264.016  74.623  44.087
OT02 127.8730 28.7925 OT28 130.2290 28.5500 3.45 231.858  67.127  96.093
KGM  128.2150 26.7567 OT29 130.5910 28.3600 3.19 294.320  92.119  52.328
OT34 129.4000 27.3185 OT27 130.2110 28.9197 3.13 194.496  62.100  23.981
OT02 127.8730 28.7925 OT27 130.2110 28.9197 3.51 228.598  65.128  85.903
KGM  128.2150 26.7567 OT24 130.8400 29.4501 3.30 394.467 119.608  40.225
OT28 130.2290 28.5500 NOMT 131.0600 30.7369 3.15 255.433  81.090  18.170
OT17 128.4090 28.0396 OT24 130.8400 29.4501 3.40 284.272  83.634  56.063
OT04 128.2550 29.0525 OT30 130.3310 28.1010 3.34 228.867  68.626 116.939
KGM  128.2150 26.7567 OT33 129.4500 27.5472 3.20 150.507  47.063  54.132
KGM  128.2150 26.7567 OT14 128.4990 28.6807 3.52 215.037  61.125   7.413
OT28 130.2290 28.5500 TAS  130.9090 31.1946 3.23 300.437  93.130  12.474
OT11 128.6350 29.4318 OT34 129.4000 27.3185 3.39 245.935  72.633 162.052
OT04 128.2550 29.0525 OT34 129.4000 27.3185 3.42 222.676  65.129 149.381
KGM  128.2150 26.7567 OT20 130.1540 29.2781 3.40 338.279  99.611  33.865
OT27 130.2110 28.9197 TAS  130.9090 31.1946 3.30 261.015  79.119  14.778
OT20 130.1540 29.2781 TAS  130.9090 31.1946 3.35 224.538  67.126  18.694
OT01 127.7730 28.6329 OT34 129.4000 27.3185 3.43 216.441  63.121 131.914
KYK  130.4100 30.3781 OT25 130.5810 28.9975 3.27 153.933  47.132 173.771
KGM  128.2150 26.7567 OT28 130.2290 28.5500 3.17 280.989  88.612  44.532
KGM  128.2150 26.7567 OT06 128.3050 29.3225 3.48 284.480  81.630   1.758
OT34 129.4000 27.3185 OT28 130.2290 28.5500 3.11 158.962  51.130  30.657
OT34 129.4000 27.3185 KYK  130.4100 30.3781 3.38 353.116 104.627  15.957
OT29 130.5910 28.3600 TAS  130.9090 31.1946 3.22 315.713  98.139   5.510
OT28 130.2290 28.5500 KYK  130.4100 30.3781 3.25 203.394  62.621   4.913
OT25 130.5810 28.9975 TAS  130.9090 31.1946 3.18 245.602  77.136   7.315
OT21 130.5800 29.4695 TAS  130.9090 31.1946 3.25 193.842  59.625   9.314
OT14 128.4990 28.6807 OT20 130.1540 29.2781 3.51 174.381  49.627  67.287
OT13 128.6020 29.0207 OT24 130.8400 29.4501 3.42 222.742  65.129  77.120
OT03 128.1910 28.8611 KGM  128.2150 26.7567 3.50 233.215  66.633 179.411
OT01 127.7730 28.6329 KGM  128.2150 26.7567 3.45 212.434  61.629 168.052
AMG  128.9210 27.8215 OT21 130.5800 29.4695 3.34 244.263  73.111  41.213
OT28 130.2290 28.5500 MNTN 130.8700 30.4624 3.15 220.913  70.131  16.199
OT27 130.2110 28.9197 KYK  130.4100 30.3781 3.35 162.802  48.627   6.745
OT24 130.8400 29.4501 TAS  130.9090 31.1946 3.19 193.506  60.622   1.951
OT20 130.1540 29.2781 NOMT 131.0600 30.7369 3.22 183.816  57.121  28.162
OT16 127.9510 28.2012 OT20 130.1540 29.2781 3.48 246.087  70.633  60.464
OT14 128.4990 28.6807 OT34 129.4000 27.3185 3.39 175.069  51.612 149.361
OT13 128.6020 29.0207 OT34 129.4000 27.3185 3.40 204.294  60.122 157.236
OT10 128.8440 29.6621 NOMT 131.0600 30.7369 3.39 244.431  72.125  60.276
OT06 128.3050 29.3225 TAS  130.9090 31.1946 3.47 325.370  93.632  49.725
KYK  130.4100 30.3781 OT29 130.5910 28.3600 3.37 224.384  66.622 175.451
KYK  130.4100 30.3781 OT23 130.8810 29.5506 3.29 102.390  31.118 153.505
KGM  128.2150 26.7567 OT34 129.4000 27.3185 3.23 133.056  41.130  61.839
KGM  128.2150 26.7567 OT30 130.3310 28.1010 3.27 256.800  78.628  54.065
KGM  128.2150 26.7567 OT21 130.5800 29.4695 3.36 379.947 113.113  37.154
KGM  128.2150 26.7567 OT07 128.4610 29.7510 3.50 332.717  95.116   4.103
GMZK 129.6510 28.4973 MNTN 130.8700 30.4624 3.35 247.821  74.065  28.193
OT33 129.4500 27.5472 KYK  130.4100 30.3781 3.41 327.410  96.127  16.374
OT31 129.6990 27.9990 KYK  130.4100 30.3781 3.38 272.614  80.631  14.525
OT11 128.6350 29.4318 OT29 130.5910 28.3600 3.35 224.778  67.118 121.429
OT07 128.4610 29.7510 OT33 129.4500 27.5472 3.45 262.679  76.117 158.169
OT02 127.8730 28.7925 OT19 129.6600 29.2404 3.54 181.072  51.121  73.658
KGM  128.2150 26.7567 TKRS 129.2090 29.1442 3.50 282.067  80.614  20.052
KGM  128.2150 26.7567 OT27 130.2110 28.9197 3.29 309.992  94.137  38.899
KGM  128.2150 26.7567 OT25 130.5810 28.9975 3.22 340.488 105.610  42.631
KGM  128.2150 26.7567 AMG  128.9210 27.8215 3.34 137.132  41.119  30.480
OT29 130.5910 28.3600 NOMT 131.0600 30.7369 3.20 267.360  83.628   9.670
OT17 128.4090 28.0396 OT27 130.2110 28.9197 3.47 201.591  58.129  60.639
OT11 128.6350 29.4318 OT27 130.2110 28.9197 3.43 163.481  47.620 109.932
OT07 128.4610 29.7510 OT28 130.2290 28.5500 3.42 217.460  63.622 127.312
OT06 128.3050 29.3225 OT30 130.3310 28.1010 3.35 239.806  71.627 123.882
OT02 127.8730 28.7925 KGM  128.2150 26.7567 3.45 228.114  66.101 171.404
OT01 127.7730 28.6329 OT33 129.4500 27.5472 3.45 204.049  59.127 125.736
OT01 127.7730 28.6329 OT24 130.8400 29.4501 3.42 312.143  91.137  72.396
AMG  128.9210 27.8215 NOMT 131.0600 30.7369 3.41 384.202 112.636  32.235
OT16 127.9510 28.2012 OT34 129.4000 27.3185 3.39 173.145  51.120 124.060
OT04 128.2550 29.0525 OT24 130.8400 29.4501 3.44 255.146  74.127  79.427
OT04 128.2550 29.0525 OT17 128.4090 28.0396 3.64 113.273  31.128 172.287
OKED 128.6160 27.3855 OT27 130.2110 28.9197 3.30 231.212  70.107  42.291
KYK  130.4100 30.3781 TAS  130.9090 31.1946 3.40 102.368  30.121  27.710
KGM  128.2150 26.7567 OT13 128.6020 29.0207 3.49 253.763  72.628   8.538
OT21 130.5800 29.4695 OT29 130.5910 28.3600 3.27 122.976  37.630 179.488
OT20 130.1540 29.2781 MNTN 130.8700 30.4624 3.22 148.379  46.123  27.606
OT20 130.1540 29.2781 KYK  130.4100 30.3781 3.35 124.410  37.126  11.386
OT16 127.9510 28.2012 TKRS 129.2090 29.1442 3.50 161.354  46.128  49.331
OT16 127.9510 28.2012 OT24 130.8400 29.4501 3.41 314.099  92.138  63.166
OT13 128.6020 29.0207 OT33 129.4500 27.5472 3.42 183.277  53.621 152.797
OT11 128.6350 29.4318 TAS  130.9090 31.1946 3.47 293.316  84.627  47.659
OT11 128.6350 29.4318 OT30 130.3310 28.1010 3.33 221.783  66.622 131.276
OT07 128.4610 29.7510 AMG  128.9210 27.8215 3.52 218.517  62.061 168.030
OT06 128.3050 29.3225 OT29 130.5910 28.3600 3.40 247.299  72.628 115.002
OT03 128.1910 28.8611 KYK  130.4100 30.3781 3.49 272.847  78.135  51.415
OT01 127.7730 28.6329 OT30 130.3310 28.1010 3.41 257.563  75.620 102.623
OT01 127.7730 28.6329 OT27 130.2110 28.9197 3.47 240.155  69.129  81.812
OT01 127.7730 28.6329 OT19 129.6600 29.2404 3.55 195.892  55.119  69.444
OT30 130.3310 28.1010 KYK  130.4100 30.3781 3.25 252.511  77.624   1.722
OT26 130.4990 28.8494 TAS  130.9090 31.1946 3.22 262.968  81.616   8.555
OT25 130.5810 28.9975 NOMT 131.0600 30.7369 3.12 198.290  63.616  13.376
OT16 127.9510 28.2012 KGM  128.2150 26.7567 3.44 162.181  47.118 170.678
OT13 128.6020 29.0207 KYK  130.4100 30.3781 3.52 230.762  65.632  48.864
OT07 128.4610 29.7510 OT27 130.2110 28.9197 3.45 193.305  56.095 118.039
OT06 128.3050 29.3225 OT28 130.2290 28.5500 3.37 206.164  61.122 114.072
OT06 128.3050 29.3225 GMZK 129.6510 28.4973 3.63 160.013  44.117 124.536
OT02 127.8730 28.7925 OT11 128.6350 29.4318 3.46 102.597  29.627  46.135
OT02 127.8730 28.7925 OT07 128.4610 29.7510 3.64 120.666  33.123  28.161
OT01 127.7730 28.6329 OT11 128.6350 29.4318 3.52 122.008  34.622  43.262
KGM  128.2150 26.7567 OT19 129.6600 29.2404 3.52 309.753  88.123  26.973
AMG  128.9210 27.8215 OT28 130.2290 28.5500 3.22 151.657  47.128  57.530
OT34 129.4000 27.3185 OT26 130.4990 28.8494 3.19 201.094  63.118  32.216
OT34 129.4000 27.3185 OT20 130.1540 29.2781 3.20 229.415  71.625  18.628
OT33 129.4500 27.5472 OT25 130.5810 28.9975 3.14 195.321  62.125  34.361
OT28 130.2290 28.5500 OT24 130.8400 29.4501 3.13 116.202  37.125  30.701
OT24 130.8400 29.4501 NOMT 131.0600 30.7369 3.13 144.219  46.121   8.401
OT23 130.8810 29.5506 NOMT 131.0600 30.7369 3.08 132.637  43.036   7.427
OT17 128.4090 28.0396 OT28 130.2290 28.5500 3.34 187.217  56.120  71.987
OT16 127.9510 28.2012 OT12 128.6050 29.2506 3.48 132.709  38.124  28.633
OT13 128.6020 29.0207 OT30 130.3310 28.1010 3.34 197.517  59.084 120.654
OT13 128.6020 29.0207 OT28 130.2290 28.5500 3.44 167.186  48.615 107.791
OT07 128.4610 29.7510 KYK  130.4100 30.3781 3.54 200.335  56.624  69.213
OT05 128.0760 29.0927 OT30 130.3310 28.1010 3.42 246.414  72.093 115.949
OT04 128.2550 29.0525 OT33 129.4500 27.5472 3.45 203.906  59.120 144.614
OT04 128.2550 29.0525 GMZK 129.6510 28.4973 3.55 149.628  42.125 113.948
OT03 128.1910 28.8611 OT33 129.4500 27.5472 3.43 190.989  55.617 139.377
OT03 128.1910 28.8611 AMG  128.9210 27.8215 3.51 135.641  38.622 147.975
OT02 127.8730 28.7925 OT33 129.4500 27.5472 3.45 207.473  60.120 131.322
OT02 127.8730 28.7925 OT24 130.8400 29.4501 3.42 297.867  87.121  75.121
OT01 127.7730 28.6329 OT07 128.4610 29.7510 3.65 140.844  38.630  28.204
OKED 128.6160 27.3855 TKRS 129.2090 29.1442 3.50 203.416  58.102  16.487
OKED 128.6160 27.3855 KYK  130.4100 30.3781 3.50 375.013 107.147  27.392
KGM  128.2150 26.7567 OT26 130.4990 28.8494 3.18 323.125 101.612  43.614
OT34 129.4000 27.3185 GMZK 129.6510 28.4973 3.27 132.946  40.619  10.650
OT33 129.4500 27.5472 OT23 130.8810 29.5506 3.16 262.504  83.123  31.904
OT19 129.6600 29.2404 TAS  130.9090 31.1946 3.51 247.779  70.633  28.729
OT19 129.6600 29.2404 NOMT 131.0600 30.7369 3.45 213.951  62.051  38.816
OT17 128.4090 28.0396 OT33 129.4500 27.5472 3.41 116.181  34.091 117.770
OT16 127.9510 28.2012 OT19 129.6600 29.2404 3.52 202.820  57.619  54.993
OT13 128.6020 29.0207 TAS  130.9090 31.1946 3.50 327.902  93.633  42.132
OT13 128.6020 29.0207 OT25 130.5810 28.9975 3.44 192.869  56.132  90.286
OT12 128.6050 29.2506 OT31 129.6990 27.9990 3.46 175.139  50.618 142.112
OT06 128.3050 29.3225 OT33 129.4500 27.5472 3.45 226.475  65.626 150.039
OT06 128.3050 29.3225 OT27 130.2110 28.9197 3.56 190.787  53.622 103.070
OT06 128.3050 29.3225 AMG  128.9210 27.8215 3.53 176.941  50.125 159.934
OT03 128.1910 28.8611 OT28 130.2290 28.5500 3.48 202.054  58.128  99.337
OT02 127.8730 28.7925 OT20 130.1540 29.2781 3.43 228.681  66.632  75.838
OT01 127.7730 28.6329 OKED 128.6160 27.3855 3.53 161.174  45.620 148.862
OKED 128.6160 27.3855 OT20 130.1540 29.2781 3.44 258.373  75.130  35.368
GMZK 129.6510 28.4973 OT21 130.5800 29.4695 3.26 140.725  43.127  39.807
OT34 129.4000 27.3185 OT24 130.8400 29.4501 3.18 275.162  86.638  30.513
OT33 129.4500 27.5472 OT24 130.8400 29.4501 3.19 250.990  78.631  32.508
OT30 130.3310 28.1010 OT24 130.8400 29.4501 3.14 157.574  50.119  18.273
OT19 129.6600 29.2404 OT30 130.3310 28.1010 3.30 142.296  43.120 152.393
OT19 129.6600 29.2404 KYK  130.4100 30.3781 3.58 145.463  40.621  29.707
OT17 128.4090 28.0396 OT34 129.4000 27.3185 3.40 126.280  37.130 129.026
OT16 127.9510 28.2012 TAS  130.9090 31.1946 3.49 438.193 125.629  40.067
OT16 127.9510 28.2012 OT33 129.4500 27.5472 3.38 164.437  48.621 115.801
OT16 127.9510 28.2012 OT30 130.3310 28.1010 3.46 234.014  67.634  92.161
OT16 127.9510 28.2012 OT11 128.6350 29.4318 3.56 151.842  42.638  25.910
OT12 128.6050 29.2506 OT34 129.4000 27.3185 3.39 227.887  67.124 159.796
OT11 128.6350 29.4318 OT33 129.4500 27.5472 3.43 223.596  65.131 158.891
OT07 128.4610 29.7510 OT24 130.8400 29.4501 3.49 232.842  66.621  97.650
OT07 128.4610 29.7510 OT21 130.5800 29.4695 3.48 207.595  59.619  98.123
OT07 128.4610 29.7510 OT14 128.4990 28.6807 3.53 118.689  33.623 178.216
OT06 128.3050 29.3225 OT34 129.4000 27.3185 3.44 246.705  71.633 153.927
OT06 128.3050 29.3225 OT17 128.4090 28.0396 3.55 142.549  40.121 175.878
OT05 128.0760 29.0927 OT33 129.4500 27.5472 3.42 217.920  63.626 141.483
OT05 128.0760 29.0927 OT27 130.2110 28.9197 3.59 208.880  58.119  94.751
OT05 128.0760 29.0927 KGM  128.2150 26.7567 3.50 259.234  74.130 176.940
OT04 128.2550 29.0525 OT31 129.6990 27.9990 3.52 183.333  52.083 129.212
OT04 128.2550 29.0525 OT28 130.2290 28.5500 3.45 200.595  58.127 105.645
OT03 128.1910 28.8611 OT34 129.4000 27.3185 3.41 208.204  61.129 144.907
OT03 128.1910 28.8611 OT24 130.8400 29.4501 3.42 265.862  77.624  75.146
OT02 127.8730 28.7925 OT31 129.6990 27.9990 3.46 199.404  57.631 115.734
OT02 127.8730 28.7925 OT25 130.5810 28.9975 3.48 265.169  76.132  84.435
OT02 127.8730 28.7925 GMZK 129.6510 28.4973 3.64 176.966  48.630 100.229
OT01 127.7730 28.6329 MNTN 130.8700 30.4624 3.51 362.224 103.110  55.206
OT01 127.7730 28.6329 KYK  130.4100 30.3781 3.52 320.577  91.125  52.246
OKED 128.6160 27.3855 OT31 129.6990 27.9990 3.24 126.633  39.120  57.278
KYK  130.4100 30.3781 OT26 130.4990 28.8494 3.29 169.670  51.556 177.063
KYK  130.4100 30.3781 OT24 130.8400 29.4501 3.25 110.945  34.126 157.897
GMZK 129.6510 28.4973 OT24 130.8400 29.4501 3.22 156.767  48.625  47.366
AMG  128.9210 27.8215 OT27 130.2110 28.9197 3.30 175.488  53.130  45.785
AMG  128.9210 27.8215 OT24 130.8400 29.4501 3.33 260.348  78.136  45.656
OT34 129.4000 27.3185 OT30 130.3310 28.1010 3.27 126.256  38.622  46.409
OT33 129.4500 27.5472 OT28 130.2290 28.5500 3.02 134.943  44.624  34.379
OT33 129.4500 27.5472 OT21 130.5800 29.4695 3.15 240.053  76.135  27.176
OT31 129.6990 27.9990 OT25 130.5810 28.9975 3.08 140.395  45.627  37.773
OT31 129.6990 27.9990 OT23 130.8810 29.5506 3.11 207.128  66.622  33.596
OT31 129.6990 27.9990 OT21 130.5800 29.4695 3.15 184.322  58.571  27.638
OT27 130.2110 28.9197 OT30 130.3310 28.1010 3.21  91.492  28.529 172.595
OT24 130.8400 29.4501 MNTN 130.8700 30.4624 3.15 112.248  35.623   1.475
OT21 130.5800 29.4695 MNTN 130.8700 30.4624 3.14 113.566  36.122  14.201
OT19 129.6600 29.2404 OT31 129.6990 27.9990 3.35 137.637  41.122 178.411
OT16 127.9510 28.2012 OT26 130.4990 28.8494 3.30 259.515  78.617  73.327
OT16 127.9510 28.2012 OT07 128.4610 29.7510 3.57 178.822  50.133  16.019
OT14 128.4990 28.6807 OKED 128.6160 27.3855 3.50 143.997  41.130 175.404
OT13 128.6020 29.0207 AMG  128.9210 27.8215 3.54 136.538  38.625 166.676
OT11 128.6350 29.4318 OT21 130.5800 29.4695 3.46 188.764  54.619  88.256
OT11 128.6350 29.4318 NOMT 131.0600 30.7369 3.45 274.941  79.624  57.651
OT11 128.6350 29.4318 GMZK 129.6510 28.4973 3.62 143.336  39.628 136.024
OT05 128.0760 29.0927 NOMT 131.0600 30.7369 3.44 340.942  99.082  56.952
OT04 128.2550 29.0525 OT21 130.5800 29.4695 3.41 230.696  67.633  77.879
OT04 128.2550 29.0525 AMG  128.9210 27.8215 3.55 151.250  42.606 154.265
OT03 128.1910 28.8611 TAS  130.9090 31.1946 3.50 368.285 105.134  44.717
OT02 127.8730 28.7925 OT34 129.4000 27.3185 3.43 221.909  64.621 137.039
OT02 127.8730 28.7925 OT30 130.3310 28.1010 3.39 252.703  74.632 107.068
OT01 127.7730 28.6329 TKRS 129.2090 29.1442 3.50 151.073  43.114  67.624
OKED 128.6160 27.3855 OT24 130.8400 29.4501 3.29 315.990  96.046  43.085
KGM  128.2150 26.7567 OT31 129.6990 27.9990 3.24 201.206  62.120  46.494
KGM  128.2150 26.7567 OT17 128.4090 28.0396 3.53 143.447  40.644   7.643
AMG  128.9210 27.8215 TKRS 129.2090 29.1442 3.59 149.277  41.628  10.808
OT34 129.4000 27.3185 OT19 129.6600 29.2404 3.40 214.509  63.128   6.755
OT27 130.2110 28.9197 MNTN 130.8700 30.4624 3.17 182.516  57.631  20.301
OT17 128.4090 28.0396 OT31 129.6990 27.9990 3.51 126.895  36.122  91.730
OT17 128.4090 28.0396 OT19 129.6600 29.2404 3.61 180.734  50.120  42.282
OT17 128.4090 28.0396 OT13 128.6020 29.0207 3.55 110.356  31.121   9.790
OT16 127.9510 28.2012 OT27 130.2110 28.9197 3.42 235.014  68.617  69.660
OT16 127.9510 28.2012 KYK  130.4100 30.3781 3.53 339.529  96.129  44.123
OT14 128.4990 28.6807 TAS  130.9090 31.1946 3.50 363.023 103.632  39.271
OT14 128.4990 28.6807 OT21 130.5800 29.4695 3.39 220.685  65.080  66.161
OT13 128.6020 29.0207 OKED 128.6160 27.3855 3.51 181.228  51.632 179.567
OT06 128.3050 29.3225 OT21 130.5800 29.4695 3.45 221.431  64.127  85.225
OT05 128.0760 29.0927 OT31 129.6990 27.9990 3.53 199.764  56.622 126.968
OT05 128.0760 29.0927 GMZK 129.6510 28.4973 3.52 167.349  47.583 112.845
OT03 128.1910 28.8611 OT17 128.4090 28.0396 3.74  93.517  25.025 166.742
OT01 127.7730 28.6329 OT17 128.4090 28.0396 3.54  90.630  25.623 136.360
OKED 128.6160 27.3855 OT26 130.4990 28.8494 3.19 246.082  77.118  48.319
OKED 128.6160 27.3855 OT25 130.5810 28.9975 3.20 262.978  82.129  46.752
OT20 130.1540 29.2781 OT30 130.3310 28.1010 3.20 131.596  41.124 172.422
OT17 128.4090 28.0396 TKRS 129.2090 29.1442 3.62 145.276  40.120  32.385
OT17 128.4090 28.0396 OT25 130.5810 28.9975 3.37 237.636  70.620  62.953
OT17 128.4090 28.0396 OT07 128.4610 29.7510 3.61 189.750  52.562   1.519
OT16 127.9510 28.2012 MNTN 130.8700 30.4624 3.53 378.385 107.100  47.820
OT14 128.4990 28.6807 OT31 129.6990 27.9990 3.48 139.803  40.127 122.426
OT14 128.4990 28.6807 NOMT 131.0600 30.7369 3.47 336.684  97.139  46.770
OT13 128.6020 29.0207 OT21 130.5800 29.4695 3.39 198.634  58.560  75.018
OT12 128.6050 29.2506 KYK  130.4100 30.3781 3.51 214.582  61.117  53.935
OT11 128.6350 29.4318 OT25 130.5810 28.9975 3.45 195.285  56.621 103.796
OT07 128.4610 29.7510 TAS  130.9090 31.1946 3.46 284.364  82.115  55.140
OT05 128.0760 29.0927 TAS  130.9090 31.1946 3.48 358.859 103.120  48.814
OT05 128.0760 29.0927 KYK  130.4100 30.3781 3.46 266.957  77.133  57.172
OT03 128.1910 28.8611 OT27 130.2110 28.9197 3.48 197.120  56.627  87.627
OT02 127.8730 28.7925 TAS  130.9090 31.1946 3.48 395.898 113.633  46.991
OT02 127.8730 28.7925 OT21 130.5800 29.4695 3.40 273.961  80.624  73.451
OT02 127.8730 28.7925 OT17 128.4090 28.0396 3.57  98.630  27.627 147.652
OT01 127.7730 28.6329 TAS  130.9090 31.1946 3.48 415.117 119.115  46.074
OT01 127.7730 28.6329 OT25 130.5810 28.9975 3.41 277.060  81.130  80.942
OKED 128.6160 27.3855 OT21 130.5800 29.4695 3.34 300.631  90.090  39.343
OKED 128.6160 27.3855 OT19 129.6600 29.2404 3.50 229.670  65.564  26.238
KGM  128.2150 26.7567 OT11 128.6350 29.4318 3.54 299.312  84.623   7.821
OT34 129.4000 27.3185 OT25 130.5810 28.9975 3.22 219.251  68.133  31.660
OT34 129.4000 27.3185 OT23 130.8810 29.5506 3.15 286.760  91.122  30.039
OT33 129.4500 27.5472 OT26 130.4990 28.8494 3.13 177.287  56.623  35.266
OT33 129.4500 27.5472 OT19 129.6600 29.2404 3.42 188.775  55.133   6.206
OT27 130.2110 28.9197 NOMT 131.0600 30.7369 3.20 217.517  68.059  21.960
OT25 130.5810 28.9975 MNTN 130.8700 30.4624 3.16 164.766  52.125   9.699
OT23 130.8810 29.5506 TAS  130.9090 31.1946 3.22 182.272  56.606   0.842
OT19 129.6600 29.2404 OT29 130.5910 28.3600 3.28 133.375  40.626 136.796
OT19 129.6600 29.2404 OT28 130.2290 28.5500 3.30  94.510  28.622 143.925
OT19 129.6600 29.2404 OT23 130.8810 29.5506 3.42 123.421  36.120  73.527
OT17 128.4090 28.0396 OT20 130.1540 29.2781 3.50 218.956  62.630  50.766
OT17 128.4090 28.0396 OT12 128.6050 29.2506 3.56 135.578  38.127   8.083
OT16 127.9510 28.2012 OT21 130.5800 29.4695 3.42 292.543  85.589  60.657
OT16 127.9510 28.2012 NOMT 131.0600 30.7369 3.49 412.195 118.141  46.262
OT14 128.4990 28.6807 GMZK 129.6510 28.4973 3.57 114.541  32.129  99.948
OT13 128.6020 29.0207 OT20 130.1540 29.2781 3.57 153.726  43.121  78.929
OT13 128.6020 29.0207 GMZK 129.6510 28.4973 3.56 117.778  33.121 119.256
OT07 128.4610 29.7510 OT34 129.4000 27.3185 3.41 284.826  83.625 160.947
OT05 128.0760 29.0927 OKED 128.6160 27.3855 3.50 196.472  56.119 164.237
OT03 128.1910 28.8611 OT19 129.6600 29.2404 3.62 149.098  41.130  73.269
OT02 127.8730 28.7925 TKRS 129.2090 29.1442 3.52 135.955  38.624  73.016
OKED 128.6160 27.3855 OT11 128.6350 29.4318 3.54 226.797  64.067   0.470
TKRS 129.2090 29.1442 NOMT 131.0600 30.7369 3.46 251.221  72.607  44.895
OT28 130.2290 28.5500 OT30 130.3310 28.1010 3.15  50.762  16.125 168.578
OT28 130.2290 28.5500 OT26 130.4990 28.8494 3.11  42.412  13.624  38.455
OT27 130.2110 28.9197 OT24 130.8400 29.4501 3.09  84.861  27.437  45.999
OT16 127.9510 28.2012 OT06 128.3050 29.3225 3.67 128.992  35.129  15.457
OT14 128.4990 28.6807 OT33 129.4500 27.5472 3.40 156.559  46.060 143.131
OT14 128.4990 28.6807 OT27 130.2110 28.9197 3.38 169.210  50.121  80.584
OT14 128.4990 28.6807 OT25 130.5810 28.9975 3.37 206.210  61.117  79.698
OT14 128.4990 28.6807 MNTN 130.8700 30.4624 3.50 302.957  86.633  48.743
OT14 128.4990 28.6807 AMG  128.9210 27.8215 3.53 103.843  29.459 156.388
OT12 128.6050 29.2506 GMZK 129.6510 28.4973 3.55 131.851  37.120 129.037
OT07 128.4610 29.7510 OT13 128.6020 29.0207 3.71  82.091  22.127 170.395
OT06 128.3050 29.3225 OT20 130.1540 29.2781 3.62 179.737  49.624  91.119
OT05 128.0760 29.0927 OT34 129.4000 27.3185 3.43 235.714  68.621 146.212
OT05 128.0760 29.0927 OT11 128.6350 29.4318 3.55  66.040  18.624  55.174
OT04 128.2550 29.0525 OT23 130.8810 29.5506 3.41 261.075  76.629  77.154
OT03 128.1910 28.8611 OT21 130.5800 29.4695 3.40 241.991  71.132  73.243
OT03 128.1910 28.8611 OKED 128.6160 27.3855 3.54 168.768  47.621 165.591
OT01 127.7730 28.6329 OT05 128.0760 29.0927 3.54  58.915  16.624  30.046
OT01 127.7730 28.6329 NOMT 131.0600 30.7369 3.49 394.441 113.085  52.955
OKED 128.6160 27.3855 OT28 130.2290 28.5500 3.24 204.546  63.054  50.509
MNTN 130.8700 30.4624 OT23 130.8810 29.5506 3.15 101.076  32.128 179.401
KGM  128.2150 26.7567 OT23 130.8810 29.5506 3.29 405.470 123.131  39.603
KGM  128.2150 26.7567 OKED 128.6160 27.3855 3.39  80.197  23.622  29.598
TKRS 129.2090 29.1442 KYK  130.4100 30.3781 3.62 179.439  49.624  40.045
OT31 129.6990 27.9990 OT26 130.4990 28.8494 3.06 122.591  40.128  39.566
OT26 130.4990 28.8494 NOMT 131.0600 30.7369 3.11 216.152  69.614  14.400
OT19 129.6600 29.2404 OT21 130.5800 29.4695 3.49  92.893  26.625  73.911
OT17 128.4090 28.0396 OT21 130.5800 29.4695 3.43 264.700  77.127  52.709
OT16 127.9510 28.2012 OT31 129.6990 27.9990 3.56 173.193  48.609  97.024
OT16 127.9510 28.2012 OKED 128.6160 27.3855 3.53 111.626  31.622 143.923
OT14 128.4990 28.6807 OT24 130.8400 29.4501 3.35 243.392  72.633  68.927
OT14 128.4990 28.6807 OT23 130.8810 29.5506 3.39 251.092  74.134  66.846
OT13 128.6020 29.0207 OT29 130.5910 28.3600 3.40 207.759  61.124 110.160
OT12 128.6050 29.2506 TAS  130.9090 31.1946 3.51 309.234  88.126  45.253
OT12 128.6050 29.2506 OT24 130.8400 29.4501 3.43 218.139  63.616  83.638
OT12 128.6050 29.2506 OT21 130.5800 29.4695 3.41 193.280  56.597  82.308
OT11 128.6350 29.4318 OT28 130.2290 28.5500 3.36 183.501  54.630 121.795
OT11 128.6350 29.4318 KYK  130.4100 30.3781 3.43 200.969  58.626  58.099
OT07 128.4610 29.7510 OT29 130.5910 28.3600 3.35 258.452  77.127 126.101
OT02 127.8730 28.7925 OT29 130.5910 28.3600 3.39 270.269  79.631  99.566
OT02 127.8730 28.7925 OT14 128.4990 28.6807 4.00  62.442  15.626 101.296
OT02 127.8730 28.7925 OT04 128.2550 29.0525 3.46  47.103  13.625  52.189
OT02 127.8730 28.7925 OKED 128.6160 27.3855 3.51 172.186  49.126 154.727
OT02 127.8730 28.7925 AMG  128.9210 27.8215 3.59 148.859  41.523 136.047
OT01 127.7730 28.6329 OT20 130.1540 29.2781 3.44 242.882  70.626  72.306
OT01 127.7730 28.6329 OT14 128.4990 28.6807 3.63  71.161  19.625  85.558
OT01 127.7730 28.6329 OT13 128.6020 29.0207 3.51  91.592  26.125  61.815
OT01 127.7730 28.6329 OT12 128.6050 29.2506 3.47 106.159  30.629  49.642
GMZK 129.6510 28.4973 NOMT 131.0600 30.7369 3.21 283.274  88.138  28.450
OT31 129.6990 27.9990 OT29 130.5910 28.3600 3.20  96.350  30.062  65.257
OT31 129.6990 27.9990 OT24 130.8400 29.4501 3.10 195.700  63.048  34.464
OT31 129.6990 27.9990 OT20 130.1540 29.2781 3.22 148.597  46.119  17.336
OT30 130.3310 28.1010 TAS  130.9090 31.1946 3.23 347.456 107.638   9.133
OT28 130.2290 28.5500 OT25 130.5810 28.9975 3.08  60.377  19.622  34.685
OT27 130.2110 28.9197 OT28 130.2290 28.5500 3.12  41.011  13.124 177.579
OT20 130.1540 29.2781 OT29 130.5910 28.3600 3.19 110.334  34.620 157.152
OT20 130.1540 29.2781 OT28 130.2290 28.5500 3.16  81.023  25.608 174.852
OT19 129.6600 29.2404 OT24 130.8400 29.4501 3.43 116.945  34.125  78.249
OT16 127.9510 28.2012 OT13 128.6020 29.0207 3.56 110.901  31.140  34.864
OT16 127.9510 28.2012 OT05 128.0760 29.0927 3.42  99.558  29.128   7.021
OT16 127.9510 28.2012 OT04 128.2550 29.0525 3.65  98.907  27.128  17.389
OT12 128.6050 29.2506 OT33 129.4500 27.5472 3.46 206.131  59.610 156.122
OT06 128.3050 29.3225 OT31 129.6990 27.9990 3.44 200.191  58.127 136.779
OT05 128.0760 29.0927 OT24 130.8400 29.4501 3.45 271.513  78.631  80.940
OT04 128.2550 29.0525 OT27 130.2110 28.9197 3.53 191.211  54.106  93.943
OT04 128.2550 29.0525 OT07 128.4610 29.7510 3.70  79.978  21.627  14.470
OT03 128.1910 28.8611 OT31 129.6990 27.9990 3.51 175.905  50.130 122.539
OT03 128.1910 28.8611 OT25 130.5810 28.9975 3.43 233.534  68.104  85.714
OT03 128.1910 28.8611 OT20 130.1540 29.2781 3.44 196.671  57.122  75.935
OT03 128.1910 28.8611 OT07 128.4610 29.7510 3.63 102.068  28.126  14.832
OT02 127.8730 28.7925 MNTN 130.8700 30.4624 3.49 344.275  98.618  56.749
OT01 127.7730 28.6329 OT31 129.6990 27.9990 3.50 201.491  57.618 109.949
OT01 127.7730 28.6329 OT06 128.3050 29.3225 3.68  92.353  25.123  34.019
KYK  130.4100 30.3781 OT21 130.5800 29.4695 3.28 102.053  31.142 170.685
AMG  128.9210 27.8215 TAS  130.9090 31.1946 3.50 420.630 120.111  26.792
AMG  128.9210 27.8215 OT25 130.5810 28.9975 3.25 208.434  64.134  50.907
TKRS 129.2090 29.1442 TAS  130.9090 31.1946 3.54 280.149  79.116  35.354
TKRS 129.2090 29.1442 OT34 129.4000 27.3185 3.38 203.205  60.102 174.644
TKRS 129.2090 29.1442 OT24 130.8400 29.4501 3.37 162.080  48.124  77.530
OT34 129.4000 27.3185 OT29 130.5910 28.3600 3.28 164.568  50.127  45.192
OT33 129.4500 27.5472 OT27 130.2110 28.9197 3.10 169.449  54.626  25.972
OT30 130.3310 28.1010 OT21 130.5800 29.4695 3.19 153.614  48.125   9.055
OT29 130.5910 28.3600 OT24 130.8400 29.4501 3.46 123.233  35.627  11.296
OT28 130.2290 28.5500 OT21 130.5800 29.4695 3.06 107.514  35.124  18.490
OT17 128.4090 28.0396 TAS  130.9090 31.1946 3.51 425.328 121.142  34.090
OT17 128.4090 28.0396 OT11 128.6350 29.4318 3.61 155.866  43.128   8.075
OT16 127.9510 28.2012 OT29 130.5910 28.3600 3.39 259.612  76.627  85.492
OT16 127.9510 28.2012 OT25 130.5810 28.9975 3.37 271.965  80.630  70.442
OT14 128.4990 28.6807 TKRS 129.2090 29.1442 3.51  86.201  24.580  53.247
OT13 128.6020 29.0207 OT19 129.6600 29.2404 3.63 105.811  29.118  76.439
OT13 128.6020 29.0207 NOMT 131.0600 30.7369 3.47 304.269  87.585  50.698
OT12 128.6050 29.2506 OKED 128.6160 27.3855 3.56 206.707  58.064 179.716
OT12 128.6050 29.2506 NOMT 131.0600 30.7369 3.45 288.524  83.606  54.572
OT12 128.6050 29.2506 AMG  128.9210 27.8215 3.54 161.375  45.625 168.881
OT07 128.4610 29.7510 NOMT 131.0600 30.7369 3.39 272.968  80.617  65.750
OT06 128.3050 29.3225 OT23 130.8810 29.5506 3.41 251.221  73.629  83.595
OT05 128.0760 29.0927 OT29 130.5910 28.3600 3.36 258.785  77.134 107.683
OT05 128.0760 29.0927 OT28 130.2290 28.5500 3.49 218.534  62.617 105.458
OT05 128.0760 29.0927 OT17 128.4090 28.0396 3.60 121.179  33.623 164.318
OT04 128.2550 29.0525 TAS  130.9090 31.1946 3.49 349.015 100.119  46.475
OT04 128.2550 29.0525 NOMT 131.0600 30.7369 3.46 329.059  95.131  54.741
OT02 127.8730 28.7925 OT16 127.9510 28.2012 3.54  65.983  18.623 173.283
OT01 127.7730 28.6329 OT21 130.5800 29.4695 3.41 288.664  84.578  70.589
OKED 128.6160 27.3855 GMZK 129.6510 28.4973 3.43 159.905  46.620  39.360
KGM  128.2150 26.7567 OT12 128.6050 29.2506 3.53 279.024  79.111   7.813
GMZK 129.6510 28.4973 OT25 130.5810 28.9975 3.12 106.408  34.127  58.378
TKRS 129.2090 29.1442 OT21 130.5800 29.4695 3.32 138.014  41.608  74.524
OT33 129.4500 27.5472 OT30 130.3310 28.1010 3.31 106.293  32.122  54.530
OT31 129.6990 27.9990 OT30 130.3310 28.1010 3.50  63.174  18.065  79.545
OT30 130.3310 28.1010 OT23 130.8810 29.5506 3.19 169.400  53.120  18.351
OT27 130.2110 28.9197 OT25 130.5810 28.9975 3.34  37.112  11.125  76.476
OT21 130.5800 29.4695 OT25 130.5810 28.9975 3.15  52.317  16.624 179.883
OT21 130.5800 29.4695 NOMT 131.0600 30.7369 3.11 147.921  47.517  18.107
OT17 128.4090 28.0396 OT30 130.3310 28.1010 3.37 189.020  56.122  87.487
OT17 128.4090 28.0396 OT29 130.5910 28.3600 3.39 217.158  64.134  80.078
OT16 127.9510 28.2012 AMG  128.9210 27.8215 3.64 104.273  28.623 113.573
OT14 128.4990 28.6807 OT30 130.3310 28.1010 3.31 190.681  57.573 109.255
OT14 128.4990 28.6807 OT26 130.4990 28.8494 3.29 196.198  59.617  84.053
OT14 128.4990 28.6807 OT19 129.6600 29.2404 3.48 129.048  37.125  60.990
OT12 128.6050 29.2506 OT30 130.3310 28.1010 3.32 211.373  63.628 126.653
OT12 128.6050 29.2506 OT28 130.2290 28.5500 3.39 176.339  52.033 115.734
OT11 128.6350 29.4318 OT31 129.6990 27.9990 3.47 189.793  54.632 146.536
OT11 128.6350 29.4318 OT26 130.4990 28.8494 3.35 192.530  57.558 109.136
OT11 128.6350 29.4318 AMG  128.9210 27.8215 3.50 180.655  51.630 171.015
OT07 128.4610 29.7510 OT31 129.6990 27.9990 3.51 228.646  65.123 147.831
OT07 128.4610 29.7510 OT25 130.5810 28.9975 3.38 222.117  65.618 111.567
OT07 128.4610 29.7510 OT19 129.6600 29.2404 3.58 129.284  36.123 115.667
OT03 128.1910 28.8611 MNTN 130.8700 30.4624 3.51 314.269  89.637  54.961
OT03 128.1910 28.8611 GMZK 129.6510 28.4973 3.57 148.307  41.589 105.427
OT01 127.7730 28.6329 OT28 130.2290 28.5500 3.40 240.368  70.634  91.606
OT01 127.7730 28.6329 OT04 128.2550 29.0525 3.46  66.111  19.124  45.180
GMZK 129.6510 28.4973 OT26 130.4990 28.8494 3.09  91.576  29.626  64.575
AMG  128.9210 27.8215 OT30 130.3310 28.1010 3.26 142.131  43.625  77.084
TKRS 129.2090 29.1442 OT33 129.4500 27.5472 3.46 178.564  51.623 172.332
TKRS 129.2090 29.1442 OT28 130.2290 28.5500 3.40 119.334  35.129 123.251
TAS  130.9090 31.1946 NOMT 131.0600 30.7369 3.17  52.749  16.624 164.101
OT34 129.4000 27.3185 OT31 129.6990 27.9990 3.22  80.950  25.124  21.253
OT34 129.4000 27.3185 OT21 130.5800 29.4695 3.15 264.938  84.134  25.596
OT33 129.4500 27.5472 OT29 130.5910 28.3600 3.28 143.965  43.865  51.005
OT31 129.6990 27.9990 OT28 130.2290 28.5500 2.96  80.197  27.121  40.286
OT17 128.4090 28.0396 OT23 130.8810 29.5506 3.39 293.732  86.621  54.655
OT17 128.4090 28.0396 GMZK 129.6510 28.4973 3.51 132.007  37.630  67.112
OT14 128.4990 28.6807 OT11 128.6350 29.4318 3.57  84.294  23.625   8.994
OT13 128.6020 29.0207 OT31 129.6990 27.9990 3.54 156.051  44.127 136.257
OT11 128.6350 29.4318 OT19 129.6600 29.2404 3.82 101.795  26.627 101.779
OT06 128.3050 29.3225 KYK  130.4100 30.3781 3.47 234.640  67.620  59.569
OT05 128.0760 29.0927 TKRS 129.2090 29.1442 3.79 110.390  29.127  86.761
OT01 127.7730 28.6329 OT16 127.9510 28.2012 3.48  50.924  14.625 159.929
GMZK 129.6510 28.4973 OT19 129.6600 29.2404 3.56  82.367  23.124   0.580
TKRS 129.2090 29.1442 MNTN 130.8700 30.4624 3.52 217.128  61.632  47.299
OT33 129.4500 27.5472 GMZK 129.6510 28.4973 3.28 107.134  32.623  10.603
OT30 130.3310 28.1010 OT26 130.4990 28.8494 3.12  84.559  27.128  11.179
OT27 130.2110 28.9197 OT29 130.5910 28.3600 3.13  72.328  23.123 148.962
OT27 130.2110 28.9197 OT23 130.8810 29.5506 3.19  95.578  29.999  42.814
OT26 130.4990 28.8494 OT24 130.8400 29.4501 3.22  74.398  23.127  26.419
OT20 130.1540 29.2781 OT26 130.4990 28.8494 3.21  58.170  18.127 144.687
OT17 128.4090 28.0396 OT14 128.4990 28.6807 3.65  71.594  19.625   7.042
OT16 127.9510 28.2012 OT28 130.2290 28.5500 3.38 226.556  67.128  79.639
OT16 127.9510 28.2012 OT14 128.4990 28.6807 3.41  75.529  22.123  45.155
OT11 128.6350 29.4318 OT20 130.1540 29.2781 3.61 148.530  41.121  96.215
OT06 128.3050 29.3225 OT19 129.6600 29.2404 3.65 131.975  36.128  93.624
OT05 128.0760 29.0927 OT23 130.8810 29.5506 3.39 277.145  81.633  78.767
OT05 128.0760 29.0927 OT21 130.5800 29.4695 3.45 246.878  71.559  79.653
OT03 128.1910 28.8611 OT29 130.5910 28.3600 3.32 241.221  72.635 102.737
OT03 128.1910 28.8611 NOMT 131.0600 30.7369 3.50 346.637  99.096  52.440
OKED 128.6160 27.3855 OT30 130.3310 28.1010 3.33 186.778  56.123  64.484
TKRS 129.2090 29.1442 OT30 130.3310 28.1010 3.31 159.400  48.128 136.228
OT33 129.4500 27.5472 OT20 130.1540 29.2781 3.28 203.864  62.116  19.621
OT31 129.6990 27.9990 OT27 130.2110 28.9197 3.06 113.703  37.121  26.059
OT30 130.3310 28.1010 OT25 130.5810 28.9975 3.14 102.333  32.621  13.790
OT26 130.4990 28.8494 OT21 130.5800 29.4695 3.21  69.184  21.573   6.538
OT26 130.4990 28.8494 MNTN 130.8700 30.4624 3.14 182.369  58.116  11.277
OT20 130.1540 29.2781 OT24 130.8400 29.4501 3.37  69.263  20.553  73.856
OT19 129.6600 29.2404 OT26 130.4990 28.8494 3.23  92.495  28.628 117.736
OT16 127.9510 28.2012 OT23 130.8810 29.5506 3.41 322.582  94.627  61.682
OT16 127.9510 28.2012 OT03 128.1910 28.8611 3.72  76.815  20.627  17.749
OT14 128.4990 28.6807 OT28 130.2290 28.5500 3.39 169.769  50.035  94.482
OT12 128.6050 29.2506 OT29 130.5910 28.3600 3.34 217.552  65.116 116.503
OT12 128.6050 29.2506 OT25 130.5810 28.9975 3.46 194.333  56.117  97.821
OT07 128.4610 29.7510 OT26 130.4990 28.8494 3.38 221.762  65.629 116.285
OT07 128.4610 29.7510 OT23 130.8810 29.5506 3.51 235.346  67.127  94.820
OT06 128.3050 29.3225 OT24 130.8400 29.4501 3.44 246.495  71.635  86.092
OT06 128.3050 29.3225 OT14 128.4990 28.6807 3.66  73.603  20.127 165.072
OT06 128.3050 29.3225 NOMT 131.0600 30.7369 3.46 308.541  89.071  58.779
OT05 128.0760 29.0927 OT26 130.4990 28.8494 3.54 237.671  67.120  95.930
OT03 128.1910 28.8611 OT30 130.3310 28.1010 3.39 225.828  66.638 111.392
OT03 128.1910 28.8611 OT11 128.6350 29.4318 3.65  76.585  20.971  34.207
OT02 127.8730 28.7925 OT13 128.6020 29.0207 3.57  75.489  21.128  70.250
OT02 127.8730 28.7925 OT06 128.3050 29.3225 3.60  72.283  20.062  35.536
OT02 127.8730 28.7925 NOMT 131.0600 30.7369 3.46 376.127 108.613  54.261
OT02 127.8730 28.7925 KYK  130.4100 30.3781 3.49 302.178  86.634  53.819
OT01 127.7730 28.6329 GMZK 129.6510 28.4973 3.64 184.386  50.586  94.228
MNTN 130.8700 30.4624 TAS  130.9090 31.1946 3.30  81.267  24.626   2.623
KYK  130.4100 30.3781 NOMT 131.0600 30.7369 3.13  73.995  23.625  57.314
AMG  128.9210 27.8215 OT19 129.6600 29.2404 3.49 173.082  49.622  24.518
OT13 128.6020 29.0207 OT27 130.2110 28.9197 3.56 157.232  44.129  93.695
OT13 128.6020 29.0207 OT23 130.8810 29.5506 3.39 229.130  67.630  74.595
OT11 128.6350 29.4318 OT23 130.8810 29.5506 3.40 218.228  64.103  85.991
OT07 128.4610 29.7510 GMZK 129.6510 28.4973 3.54 180.898  51.130 139.898
OT05 128.0760 29.0927 OT25 130.5810 28.9975 3.51 244.212  69.616  91.871
OT05 128.0760 29.0927 OT20 130.1540 29.2781 3.53 203.175  57.589  83.692
OT05 128.0760 29.0927 OT19 129.6600 29.2404 3.55 154.942  43.621  83.551
OT03 128.1910 28.8611 TKRS 129.2090 29.1442 3.40 104.008  30.627  72.195
OT03 128.1910 28.8611 OT23 130.8810 29.5506 3.42 272.518  79.614  73.064
OKED 128.6160 27.3855 TAS  130.9090 31.1946 3.52 477.377 135.618  27.275
GMZK 129.6510 28.4973 OT27 130.2110 28.9197 3.11  71.981  23.123  49.295
TKRS 129.2090 29.1442 OT25 130.5810 28.9975 3.40 134.620  39.629  96.606
OT19 129.6600 29.2404 OT25 130.5810 28.9975 3.39  93.622  27.625 106.489
OT17 128.4090 28.0396 OT26 130.4990 28.8494 3.33 223.502  67.118  65.833
OT16 127.9510 28.2012 GMZK 129.6510 28.4973 3.49 169.893  48.624  78.463
OT12 128.6050 29.2506 OT19 129.6600 29.2404 3.64 102.523  28.127  90.376
OT12 128.6050 29.2506 MNTN 130.8700 30.4624 3.51 256.771  73.133  57.902
OT11 128.6350 29.4318 MNTN 130.8700 30.4624 3.51 244.163  69.622  61.552
OT07 128.4610 29.7510 MNTN 130.8700 30.4624 3.47 245.204  70.603  70.643
OT04 128.2550 29.0525 MNTN 130.8700 30.4624 3.49 297.344  85.101  57.653
OT03 128.1910 28.8611 OT26 130.4990 28.8494 3.43 225.183  65.628  89.776
OT01 127.7730 28.6329 OT29 130.5910 28.3600 3.38 277.569  82.121  95.585
OT01 127.7730 28.6329 AMG  128.9210 27.8215 3.59 144.167  40.113 128.318
TKRS 129.2090 29.1442 OT31 129.6990 27.9990 3.47 135.673  39.121 159.194
OT26 130.4990 28.8494 OT23 130.8810 29.5506 3.18  86.151  27.126  25.467
OT05 128.0760 29.0927 AMG  128.9210 27.8215 3.58 163.397  45.629 149.365
OT04 128.2550 29.0525 OT29 130.5910 28.3600 3.29 240.876  73.126 108.019
GMZK 129.6510 28.4973 OT30 130.3310 28.1010 3.38  79.825  23.624 123.219
OT11 128.6350 29.4318 OT24 130.8400 29.4501 3.44 213.970  62.128  88.918
OT07 128.4610 29.7510 OKED 128.6160 27.3855 3.52 262.606  74.625 176.664
OT06 128.3050 29.3225 OT25 130.5810 28.9975 3.44 224.356  65.125  98.686
OT06 128.3050 29.3225 MNTN 130.8700 30.4624 3.52 278.119  79.123  62.348
OT05 128.0760 29.0927 MNTN 130.8700 30.4624 3.48 309.909  89.080  59.983
OT02 127.8730 28.7925 OT26 130.4990 28.8494 3.44 256.426  74.629  87.961
OT19 129.6600 29.2404 OT27 130.2110 28.9197 3.37  64.354  19.125 123.394
OT19 129.6600 29.2404 MNTN 130.8700 30.4624 3.50 178.952  51.129  40.509
OT12 128.6050 29.2506 OT27 130.2110 28.9197 3.60 160.564  44.552 102.815
OT04 128.2550 29.0525 OT25 130.5810 28.9975 3.45 226.726  65.623  90.979
AMG  128.9210 27.8215 OT34 129.4000 27.3185 3.31  73.118  22.124 139.555
TKRS 129.2090 29.1442 OT27 130.2110 28.9197 3.73 100.736  26.985 104.060
OT04 128.2550 29.0525 OT19 129.6600 29.2404 3.54 138.314  39.127  81.000
OT27 130.2110 28.9197 OT21 130.5800 29.4695 3.20  70.731  22.124  30.419
OT13 128.6020 29.0207 MNTN 130.8700 30.4624 3.48 271.445  78.091  53.380
OT25 130.5810 28.9975 OT29 130.5910 28.3600 3.60  70.661  19.623 179.197
