KGM  128.2150 26.7567 OT04 128.2550 29.0525 3.22 254.446  78.996   0.864
KGM  128.2150 26.7567 GMZK 129.6510 28.4973 3.21 239.356  74.496  35.983
GMZK 129.6510 28.4973 TAS  130.9090 31.1946 3.12 322.754 103.513  21.815
GMZK 129.6510 28.4973 KYK  130.4100 30.3781 3.09 221.081  71.478  19.258
OT07 128.4610 29.7510 OT30 130.3310 28.1010 2.98 258.218  86.505 134.635
AMG  128.9210 27.8215 KYK  130.4100 30.3781 3.20 318.263  99.519  26.728
OT04 128.2550 29.0525 OT26 130.4990 28.8494 3.12 219.937  70.493  95.333
OT04 128.2550 29.0525 KYK  130.4100 30.3781 3.29 255.097  77.490  54.303
OT14 128.4990 28.6807 KYK  130.4100 30.3781 3.12 264.016  84.512  44.087
OT02 127.8730 28.7925 OT28 130.2290 28.5500 3.09 231.858  75.011  96.093
KGM  128.2150 26.7567 OT29 130.5910 28.3600 2.66 294.320 110.480  52.328
OT34 129.4000 27.3185 OT27 130.2110 28.9197 2.66 194.496  72.982  23.981
OT02 127.8730 28.7925 OT27 130.2110 28.9197 3.27 228.598  69.993  85.903
OT17 128.4090 28.0396 OT24 130.8400 29.4501 3.04 284.272  93.511  56.063
OT04 128.2550 29.0525 OT30 130.3310 28.1010 3.13 228.867  73.004 116.939
KGM  128.2150 26.7567 OT33 129.4500 27.5472 2.90 150.507  51.953  54.132
KGM  128.2150 26.7567 OT14 128.4990 28.6807 3.23 215.037  66.493   7.413
OT28 130.2290 28.5500 TAS  130.9090 31.1946 2.93 300.437 102.503  12.474
OT11 128.6350 29.4318 OT34 129.4000 27.3185 3.04 245.935  81.006 162.052
OT04 128.2550 29.0525 OT34 129.4000 27.3185 3.01 222.676  74.003 149.381
KGM  128.2150 26.7567 OT20 130.1540 29.2781 3.12 338.279 108.492  33.865
OT27 130.2110 28.9197 TAS  130.9090 31.1946 3.02 261.015  86.486  14.778
OT20 130.1540 29.2781 TAS  130.9090 31.1946 3.08 224.538  72.997  18.694
OT01 127.7730 28.6329 OT34 129.4000 27.3185 3.09 216.441  70.000 131.914
KYK  130.4100 30.3781 OT25 130.5810 28.9975 2.77 153.933  55.491 173.771
KGM  128.2150 26.7567 OT28 130.2290 28.5500 2.96 280.989  94.993  44.532
KGM  128.2150 26.7567 OT06 128.3050 29.3225 3.22 284.480  88.458   1.758
OT34 129.4000 27.3185 OT28 130.2290 28.5500 2.65 158.962  60.008  30.657
OT34 129.4000 27.3185 KYK  130.4100 30.3781 3.04 353.116 116.004  15.957
OT29 130.5910 28.3600 TAS  130.9090 31.1946 2.65 315.713 118.957   5.510
OT28 130.2290 28.5500 KYK  130.4100 30.3781 2.87 203.394  70.993   4.913
OT25 130.5810 28.9975 TAS  130.9090 31.1946 2.81 245.602  87.496   7.315
OT21 130.5800 29.4695 TAS  130.9090 31.1946 2.98 193.842  65.004   9.314
OT14 128.4990 28.6807 OT20 130.1540 29.2781 3.14 174.381  55.511  67.287
OT13 128.6020 29.0207 OT24 130.8400 29.4501 3.07 222.742  72.507  77.120
OT03 128.1910 28.8611 KGM  128.2150 26.7567 3.19 233.215  72.994 179.411
OT01 127.7730 28.6329 KGM  128.2150 26.7567 3.17 212.434  66.993 168.052
AMG  128.9210 27.8215 OT21 130.5800 29.4695 3.13 244.263  77.989  41.213
OT27 130.2110 28.9197 KYK  130.4100 30.3781 2.99 162.802  54.504   6.745
OT24 130.8400 29.4501 TAS  130.9090 31.1946 2.83 193.506  68.498   1.951
OT20 130.1540 29.2781 NOMT 131.0600 30.7369 2.94 183.816  62.501  28.162
OT16 127.9510 28.2012 OT20 130.1540 29.2781 3.13 246.087  78.497  60.464
OT14 128.4990 28.6807 OT34 129.4000 27.3185 3.10 175.069  56.492 149.361
OT13 128.6020 29.0207 OT34 129.4000 27.3185 3.03 204.294  67.491 157.236
OT10 128.8440 29.6621 NOMT 131.0600 30.7369 3.11 244.431  78.494  60.276
OT06 128.3050 29.3225 TAS  130.9090 31.1946 3.24 325.370 100.485  49.725
KYK  130.4100 30.3781 OT23 130.8810 29.5506 3.01 102.390  33.997 153.505
KGM  128.2150 26.7567 OT34 129.4000 27.3185 2.86 133.056  46.507  61.839
KGM  128.2150 26.7567 OT30 130.3310 28.1010 2.70 256.800  95.006  54.065
KGM  128.2150 26.7567 OT07 128.4610 29.7510 3.20 332.717 104.007   4.103
OT33 129.4500 27.5472 KYK  130.4100 30.3781 3.07 327.410 106.509  16.374
OT31 129.6990 27.9990 KYK  130.4100 30.3781 3.05 272.614  89.499  14.525
OT07 128.4610 29.7510 OT33 129.4500 27.5472 3.26 262.679  80.502 158.169
OT02 127.8730 28.7925 OT19 129.6600 29.2404 3.18 181.072  56.995  73.658
KGM  128.2150 26.7567 TKRS 129.2090 29.1442 3.15 282.067  89.488  20.052
KGM  128.2150 26.7567 OT25 130.5810 28.9975 2.96 340.488 114.952  42.631
KGM  128.2150 26.7567 AMG  128.9210 27.8215 3.12 137.132  43.995  30.480
OT17 128.4090 28.0396 OT27 130.2110 28.9197 3.12 201.591  64.509  60.639
OT11 128.6350 29.4318 OT27 130.2110 28.9197 3.14 163.481  51.998 109.932
OT07 128.4610 29.7510 OT28 130.2290 28.5500 3.02 217.460  72.007 127.312
OT06 128.3050 29.3225 OT30 130.3310 28.1010 2.91 239.806  82.493 123.882
OT02 127.8730 28.7925 KGM  128.2150 26.7567 3.19 228.114  71.487 171.404
OT01 127.7730 28.6329 OT33 129.4500 27.5472 3.05 204.049  66.989 125.736
OT01 127.7730 28.6329 OT24 130.8400 29.4501 3.02 312.143 103.461  72.396
AMG  128.9210 27.8215 NOMT 131.0600 30.7369 3.09 384.202 124.498  32.235
OT16 127.9510 28.2012 OT34 129.4000 27.3185 3.04 173.145  56.993 124.060
OT04 128.2550 29.0525 OT24 130.8400 29.4501 2.98 255.146  85.476  79.427
OT04 128.2550 29.0525 OT17 128.4090 28.0396 3.38 113.273  33.503 172.287
OKED 128.6160 27.3855 OT27 130.2110 28.9197 3.13 231.212  73.964  42.291
KYK  130.4100 30.3781 TAS  130.9090 31.1946 3.20 102.368  31.991  27.710
KGM  128.2150 26.7567 OT13 128.6020 29.0207 3.17 253.763  80.001   8.538
OT21 130.5800 29.4695 OT29 130.5910 28.3600 2.22 122.976  55.495 179.488
OT20 130.1540 29.2781 MNTN 130.8700 30.4624 2.97 148.379  49.993  27.606
OT20 130.1540 29.2781 KYK  130.4100 30.3781 3.07 124.410  40.498  11.386
OT16 127.9510 28.2012 TKRS 129.2090 29.1442 3.07 161.354  52.507  49.331
OT16 127.9510 28.2012 OT24 130.8400 29.4501 2.99 314.099 104.980  63.166
OT13 128.6020 29.0207 OT33 129.4500 27.5472 3.11 183.277  59.007 152.797
OT11 128.6350 29.4318 TAS  130.9090 31.1946 3.19 293.316  92.006  47.659
OT11 128.6350 29.4318 OT30 130.3310 28.1010 2.83 221.783  78.507 131.276
OT07 128.4610 29.7510 AMG  128.9210 27.8215 3.10 218.517  70.467 168.030
OT03 128.1910 28.8611 KYK  130.4100 30.3781 3.21 272.847  84.999  51.415
OT01 127.7730 28.6329 OT30 130.3310 28.1010 3.07 257.563  84.006 102.623
OT01 127.7730 28.6329 OT27 130.2110 28.9197 3.18 240.155  75.497  81.812
OT01 127.7730 28.6329 OT19 129.6600 29.2404 3.13 195.892  62.505  69.444
OT26 130.4990 28.8494 TAS  130.9090 31.1946 2.84 262.968  92.497   8.555
OT25 130.5810 28.9975 NOMT 131.0600 30.7369 2.85 198.290  69.502  13.376
OT16 127.9510 28.2012 KGM  128.2150 26.7567 3.18 162.181  51.000 170.678
OT13 128.6020 29.0207 KYK  130.4100 30.3781 3.16 230.762  73.003  48.864
OT07 128.4610 29.7510 OT27 130.2110 28.9197 2.95 193.305  65.483 118.039
OT06 128.3050 29.3225 OT28 130.2290 28.5500 3.05 206.164  67.506 114.072
OT06 128.3050 29.3225 GMZK 129.6510 28.4973 3.23 160.013  49.494 124.536
OT02 127.8730 28.7925 OT11 128.6350 29.4318 3.21 102.597  32.002  46.135
OT02 127.8730 28.7925 OT07 128.4610 29.7510 3.13 120.666  38.502  28.161
OT01 127.7730 28.6329 OT11 128.6350 29.4318 3.17 122.008  38.500  43.262
KGM  128.2150 26.7567 OT19 129.6600 29.2404 3.19 309.753  97.010  26.973
AMG  128.9210 27.8215 OT28 130.2290 28.5500 2.89 151.657  52.495  57.530
OT34 129.4000 27.3185 OT26 130.4990 28.8494 2.58 201.094  78.004  32.216
OT33 129.4500 27.5472 OT25 130.5810 28.9975 2.59 195.321  75.501  34.361
OT28 130.2290 28.5500 OT24 130.8400 29.4501 2.47 116.202  47.007  30.701
OT24 130.8400 29.4501 NOMT 131.0600 30.7369 2.77 144.219  52.008   8.401
OT23 130.8810 29.5506 NOMT 131.0600 30.7369 2.74 132.637  48.443   7.427
OT17 128.4090 28.0396 OT28 130.2290 28.5500 3.10 187.217  60.490  71.987
OT16 127.9510 28.2012 OT12 128.6050 29.2506 3.20 132.709  41.497  28.633
OT13 128.6020 29.0207 OT30 130.3310 28.1010 2.99 197.517  65.971 120.654
OT13 128.6020 29.0207 OT28 130.2290 28.5500 3.10 167.186  53.983 107.791
OT07 128.4610 29.7510 KYK  130.4100 30.3781 3.18 200.335  62.998  69.213
OT05 128.0760 29.0927 OT30 130.3310 28.1010 2.97 246.414  82.968 115.949
OT04 128.2550 29.0525 OT33 129.4500 27.5472 3.07 203.906  66.506 144.614
OT04 128.2550 29.0525 GMZK 129.6510 28.4973 3.22 149.628  46.497 113.948
OT03 128.1910 28.8611 OT33 129.4500 27.5472 3.18 190.989  60.003 139.377
OT03 128.1910 28.8611 AMG  128.9210 27.8215 3.27 135.641  41.506 147.975
OT02 127.8730 28.7925 OT33 129.4500 27.5472 3.17 207.473  65.490 131.322
OT02 127.8730 28.7925 OT24 130.8400 29.4501 3.04 297.867  97.918  75.121
OT01 127.7730 28.6329 OT07 128.4610 29.7510 3.20 140.844  44.000  28.204
OKED 128.6160 27.3855 TKRS 129.2090 29.1442 3.13 203.416  64.968  16.487
OKED 128.6160 27.3855 KYK  130.4100 30.3781 3.20 375.013 117.009  27.392
KGM  128.2150 26.7567 OT26 130.4990 28.8494 2.92 323.125 110.508  43.614
OT34 129.4000 27.3185 GMZK 129.6510 28.4973 2.95 132.946  45.005  10.650
OT33 129.4500 27.5472 OT23 130.8810 29.5506 2.69 262.504  97.513  31.904
OT19 129.6600 29.2404 TAS  130.9090 31.1946 3.20 247.779  77.504  28.729
OT19 129.6600 29.2404 NOMT 131.0600 30.7369 2.99 213.951  71.460  38.816
OT17 128.4090 28.0396 OT33 129.4500 27.5472 3.10 116.181  37.478 117.770
OT16 127.9510 28.2012 OT19 129.6600 29.2404 3.19 202.820  63.500  54.993
OT13 128.6020 29.0207 TAS  130.9090 31.1946 3.14 327.902 104.494  42.132
OT12 128.6050 29.2506 OT31 129.6990 27.9990 3.13 175.139  55.973 142.112
OT06 128.3050 29.3225 OT33 129.4500 27.5472 3.06 226.475  74.011 150.039
OT06 128.3050 29.3225 OT27 130.2110 28.9197 3.05 190.787  62.492 103.070
OT06 128.3050 29.3225 AMG  128.9210 27.8215 3.19 176.941  55.502 159.934
OT03 128.1910 28.8611 OT28 130.2290 28.5500 3.02 202.054  66.994  99.337
OT02 127.8730 28.7925 OT20 130.1540 29.2781 3.18 228.681  72.003  75.838
OT01 127.7730 28.6329 OKED 128.6160 27.3855 3.19 161.174  50.493 148.862
OKED 128.6160 27.3855 OT20 130.1540 29.2781 3.13 258.373  82.495  35.368
GMZK 129.6510 28.4973 OT21 130.5800 29.4695 2.87 140.725  48.999  39.807
OT19 129.6600 29.2404 KYK  130.4100 30.3781 3.20 145.463  45.500  29.707
OT17 128.4090 28.0396 OT34 129.4000 27.3185 2.97 126.280  42.504 129.026
OT16 127.9510 28.2012 TAS  130.9090 31.1946 3.13 438.193 139.998  40.067
OT16 127.9510 28.2012 OT33 129.4500 27.5472 3.16 164.437  52.004 115.801
OT16 127.9510 28.2012 OT11 128.6350 29.4318 3.16 151.842  47.997  25.910
OT12 128.6050 29.2506 OT34 129.4000 27.3185 3.06 227.887  74.497 159.796
OT11 128.6350 29.4318 OT33 129.4500 27.5472 3.11 223.596  71.988 158.891
OT07 128.4610 29.7510 OT24 130.8400 29.4501 3.08 232.842  75.500  97.650
OT07 128.4610 29.7510 OT21 130.5800 29.4695 3.05 207.595  67.997  98.123
OT07 128.4610 29.7510 OT14 128.4990 28.6807 3.44 118.689  34.503 178.216
OT06 128.3050 29.3225 OT34 129.4000 27.3185 3.03 246.705  81.367 153.927
OT06 128.3050 29.3225 OT17 128.4090 28.0396 3.32 142.549  43.001 175.878
OT05 128.0760 29.0927 KGM  128.2150 26.7567 3.16 259.234  82.010 176.940
OT04 128.2550 29.0525 OT31 129.6990 27.9990 3.13 183.333  58.498 129.212
OT04 128.2550 29.0525 OT28 130.2290 28.5500 3.14 200.595  63.945 105.645
OT03 128.1910 28.8611 OT34 129.4000 27.3185 3.06 208.204  67.996 144.907
OT03 128.1910 28.8611 OT24 130.8400 29.4501 2.92 265.862  90.986  75.146
OT02 127.8730 28.7925 OT31 129.6990 27.9990 3.12 199.404  63.994 115.734
OT02 127.8730 28.7925 OT25 130.5810 28.9975 3.01 265.169  88.008  84.435
OT02 127.8730 28.7925 GMZK 129.6510 28.4973 3.19 176.966  55.493 100.229
OT01 127.7730 28.6329 MNTN 130.8700 30.4624 3.15 362.224 114.992  55.206
OT01 127.7730 28.6329 KYK  130.4100 30.3781 3.27 320.577  98.006  52.246
OKED 128.6160 27.3855 OT31 129.6990 27.9990 3.05 126.633  41.505  57.278
KYK  130.4100 30.3781 OT26 130.4990 28.8494 2.81 169.670  60.467 177.063
KYK  130.4100 30.3781 OT24 130.8400 29.4501 2.92 110.945  37.995 157.897
AMG  128.9210 27.8215 OT27 130.2110 28.9197 3.13 175.488  55.995  45.785
OT34 129.4000 27.3185 OT30 130.3310 28.1010 2.36 126.256  53.453  46.409
OT33 129.4500 27.5472 OT28 130.2290 28.5500 2.67 134.943  50.503  34.379
OT33 129.4500 27.5472 OT21 130.5800 29.4695 2.86 240.053  83.993  27.176
OT31 129.6990 27.9990 OT23 130.8810 29.5506 2.64 207.128  78.487  33.596
OT27 130.2110 28.9197 OT30 130.3310 28.1010 2.32  91.492  39.419 172.595
OT24 130.8400 29.4501 MNTN 130.8700 30.4624 2.77 112.248  40.494   1.475
OT21 130.5800 29.4695 MNTN 130.8700 30.4624 3.03 113.566  37.505  14.201
OT19 129.6600 29.2404 OT31 129.6990 27.9990 3.09 137.637  44.500 178.411
OT16 127.9510 28.2012 OT26 130.4990 28.8494 3.09 259.515  84.013  73.327
OT16 127.9510 28.2012 OT07 128.4610 29.7510 3.19 178.822  56.010  16.019
OT14 128.4990 28.6807 OKED 128.6160 27.3855 3.31 143.997  43.504 175.404
OT13 128.6020 29.0207 AMG  128.9210 27.8215 3.33 136.538  41.002 166.676
OT11 128.6350 29.4318 GMZK 129.6510 28.4973 3.12 143.336  46.000 136.024
OT04 128.2550 29.0525 OT21 130.5800 29.4695 3.08 230.696  74.999  77.879
OT04 128.2550 29.0525 AMG  128.9210 27.8215 3.22 151.250  46.972 154.265
OT03 128.1910 28.8611 TAS  130.9090 31.1946 3.16 368.285 116.509  44.717
OT02 127.8730 28.7925 OT34 129.4000 27.3185 3.08 221.909  72.002 137.039
OT02 127.8730 28.7925 OT30 130.3310 28.1010 2.87 252.703  87.958 107.068
OT01 127.7730 28.6329 TKRS 129.2090 29.1442 3.21 151.073  46.990  67.624
KGM  128.2150 26.7567 OT31 129.6990 27.9990 2.98 201.206  67.496  46.494
KGM  128.2150 26.7567 OT17 128.4090 28.0396 3.19 143.447  44.998   7.643
AMG  128.9210 27.8215 TKRS 129.2090 29.1442 3.21 149.277  46.504  10.808
OT34 129.4000 27.3185 OT19 129.6600 29.2404 3.04 214.509  70.493   6.755
OT17 128.4090 28.0396 OT31 129.6990 27.9990 3.34 126.895  38.004  91.730
OT17 128.4090 28.0396 OT19 129.6600 29.2404 3.12 180.734  58.002  42.282
OT17 128.4090 28.0396 OT13 128.6020 29.0207 3.25 110.356  33.998   9.790
OT16 127.9510 28.2012 OT27 130.2110 28.9197 3.07 235.014  76.477  69.660
OT16 127.9510 28.2012 KYK  130.4100 30.3781 3.14 339.529 107.993  44.123
OT14 128.4990 28.6807 TAS  130.9090 31.1946 3.12 363.023 116.503  39.271
OT14 128.4990 28.6807 OT21 130.5800 29.4695 3.00 220.685  73.464  66.161
OT13 128.6020 29.0207 OKED 128.6160 27.3855 3.24 181.228  56.004 179.567
OT05 128.0760 29.0927 OT31 129.6990 27.9990 3.15 199.764  63.498 126.968
OT05 128.0760 29.0927 GMZK 129.6510 28.4973 3.13 167.349  53.466 112.845
OT03 128.1910 28.8611 OT17 128.4090 28.0396 3.35  93.517  27.932 166.742
OT01 127.7730 28.6329 OT17 128.4090 28.0396 3.12  90.630  29.001 136.360
OKED 128.6160 27.3855 OT26 130.4990 28.8494 2.88 246.082  85.505  48.319
OT20 130.1540 29.2781 OT30 130.3310 28.1010 2.35 131.596  55.998 172.422
OT17 128.4090 28.0396 TKRS 129.2090 29.1442 3.23 145.276  45.005  32.385
OT17 128.4090 28.0396 OT25 130.5810 28.9975 2.93 237.636  80.994  62.953
OT16 127.9510 28.2012 MNTN 130.8700 30.4624 3.09 378.385 122.455  47.820
OT14 128.4990 28.6807 OT31 129.6990 27.9990 3.07 139.803  45.494 122.426
OT13 128.6020 29.0207 OT21 130.5800 29.4695 3.13 198.634  63.461  75.018
OT12 128.6050 29.2506 KYK  130.4100 30.3781 3.20 214.582  66.994  53.935
OT05 128.0760 29.0927 TAS  130.9090 31.1946 3.25 358.859 110.486  48.814
OT03 128.1910 28.8611 OT27 130.2110 28.9197 3.20 197.120  61.504  87.627
OT02 127.8730 28.7925 TAS  130.9090 31.1946 3.21 395.898 123.487  46.991
OT02 127.8730 28.7925 OT21 130.5800 29.4695 3.15 273.961  86.917  73.451
OT02 127.8730 28.7925 OT17 128.4090 28.0396 3.34  98.630  29.503 147.652
OT01 127.7730 28.6329 TAS  130.9090 31.1946 3.19 415.117 130.008  46.074
OT01 127.7730 28.6329 OT25 130.5810 28.9975 3.03 277.060  91.499  80.942
OKED 128.6160 27.3855 OT21 130.5800 29.4695 3.13 300.631  95.956  39.343
OKED 128.6160 27.3855 OT19 129.6600 29.2404 3.21 229.670  71.459  26.238
KGM  128.2150 26.7567 OT11 128.6350 29.4318 3.17 299.312  94.510   7.821
OT33 129.4500 27.5472 OT26 130.4990 28.8494 2.52 177.287  70.492  35.266
OT33 129.4500 27.5472 OT19 129.6600 29.2404 3.07 188.775  61.490   6.206
OT25 130.5810 28.9975 MNTN 130.8700 30.4624 2.79 164.766  58.992   9.699
OT23 130.8810 29.5506 TAS  130.9090 31.1946 2.83 182.272  64.475   0.842
OT19 129.6600 29.2404 OT29 130.5910 28.3600 2.57 133.375  51.998 136.796
OT19 129.6600 29.2404 OT28 130.2290 28.5500 2.82  94.510  33.502 143.925
OT19 129.6600 29.2404 OT23 130.8810 29.5506 2.77 123.421  44.492  73.527
OT17 128.4090 28.0396 OT20 130.1540 29.2781 3.15 218.956  69.510  50.766
OT17 128.4090 28.0396 OT12 128.6050 29.2506 3.27 135.578  41.499   8.083
OT14 128.4990 28.6807 GMZK 129.6510 28.4973 3.14 114.541  36.501  99.948
OT13 128.6020 29.0207 OT20 130.1540 29.2781 3.04 153.726  50.501  78.929
OT13 128.6020 29.0207 GMZK 129.6510 28.4973 3.23 117.778  36.498 119.256
OT07 128.4610 29.7510 OT34 129.4000 27.3185 3.18 284.826  89.512 160.947
OT03 128.1910 28.8611 OT19 129.6600 29.2404 3.11 149.098  48.003  73.269
OT02 127.8730 28.7925 TKRS 129.2090 29.1442 3.32 135.955  41.000  73.016
OKED 128.6160 27.3855 OT11 128.6350 29.4318 3.27 226.797  69.442   0.470
TKRS 129.2090 29.1442 NOMT 131.0600 30.7369 3.14 251.221  79.981  44.895
OT28 130.2290 28.5500 OT30 130.3310 28.1010 2.07  50.762  24.499 168.578
OT28 130.2290 28.5500 OT26 130.4990 28.8494 2.23  42.412  19.002  38.455
OT27 130.2110 28.9197 OT24 130.8400 29.4501 2.75  84.861  30.870  45.999
OT16 127.9510 28.2012 OT06 128.3050 29.3225 3.15 128.992  40.898  15.457
OT14 128.4990 28.6807 OT33 129.4500 27.5472 3.20 156.559  48.940 143.131
OT14 128.4990 28.6807 OT27 130.2110 28.9197 3.16 169.210  53.497  80.584
OT14 128.4990 28.6807 OT25 130.5810 28.9975 2.88 206.210  71.501  79.698
OT14 128.4990 28.6807 AMG  128.9210 27.8215 3.31 103.843  31.401 156.388
OT12 128.6050 29.2506 GMZK 129.6510 28.4973 3.18 131.851  41.502 129.037
OT07 128.4610 29.7510 OT13 128.6020 29.0207 3.49  82.091  23.501 170.395
OT06 128.3050 29.3225 OT20 130.1540 29.2781 3.10 179.737  57.997  91.119
OT05 128.0760 29.0927 OT34 129.4000 27.3185 3.12 235.714  75.501 146.212
OT05 128.0760 29.0927 OT11 128.6350 29.4318 3.22  66.040  20.503  55.174
OT04 128.2550 29.0525 OT23 130.8810 29.5506 3.04 261.075  85.993  77.154
OT03 128.1910 28.8611 OT21 130.5800 29.4695 3.14 241.991  76.994  73.243
OT01 127.7730 28.6329 OT05 128.0760 29.0927 3.18  58.915  18.498  30.046
OT01 127.7730 28.6329 NOMT 131.0600 30.7369 3.14 394.441 125.498  52.955
OKED 128.6160 27.3855 OT28 130.2290 28.5500 2.92 204.546  69.978  50.509
MNTN 130.8700 30.4624 OT23 130.8810 29.5506 2.69 101.076  37.505 179.401
KGM  128.2150 26.7567 OT23 130.8810 29.5506 3.04 405.470 133.510  39.603
KGM  128.2150 26.7567 OKED 128.6160 27.3855 3.14  80.197  25.500  29.598
OT31 129.6990 27.9990 OT26 130.4990 28.8494 2.58 122.591  47.497  39.566
OT19 129.6600 29.2404 OT21 130.5800 29.4695 2.86  92.893  32.503  73.911
OT17 128.4090 28.0396 OT21 130.5800 29.4695 3.08 264.700  85.997  52.709
OT16 127.9510 28.2012 OKED 128.6160 27.3855 3.14 111.626  35.504 143.923
OT14 128.4990 28.6807 OT24 130.8400 29.4501 2.95 243.392  82.478  68.927
OT14 128.4990 28.6807 OT23 130.8810 29.5506 2.90 251.092  86.494  66.846
OT12 128.6050 29.2506 TAS  130.9090 31.1946 3.14 309.234  98.514  45.253
OT02 127.8730 28.7925 OT14 128.4990 28.6807 3.57  62.442  17.501 101.296
OT02 127.8730 28.7925 OT04 128.2550 29.0525 3.14  47.103  15.001  52.189
OT01 127.7730 28.6329 OT20 130.1540 29.2781 3.12 242.882  77.947  72.306
OT01 127.7730 28.6329 OT14 128.4990 28.6807 3.31  71.161  21.499  85.558
OT01 127.7730 28.6329 OT13 128.6020 29.0207 3.16  91.592  29.003  61.815
OT01 127.7730 28.6329 OT12 128.6050 29.2506 3.17 106.159  33.499  49.642
OT31 129.6990 27.9990 OT29 130.5910 28.3600 2.24  96.350  42.956  65.257
OT31 129.6990 27.9990 OT20 130.1540 29.2781 2.94 148.597  50.492  17.336
OT28 130.2290 28.5500 OT25 130.5810 28.9975 2.12  60.377  28.493  34.685
OT27 130.2110 28.9197 OT28 130.2290 28.5500 2.49  41.011  16.497 177.579
OT20 130.1540 29.2781 OT29 130.5910 28.3600 2.35 110.334  46.991 157.152
OT20 130.1540 29.2781 OT28 130.2290 28.5500 2.57  81.023  31.490 174.852
OT19 129.6600 29.2404 OT24 130.8400 29.4501 2.78 116.945  42.006  78.249
OT16 127.9510 28.2012 OT13 128.6020 29.0207 3.17 110.901  34.990  34.864
OT16 127.9510 28.2012 OT05 128.0760 29.0927 3.21  99.558  30.996   7.021
OT16 127.9510 28.2012 OT04 128.2550 29.0525 3.14  98.907  31.499  17.389
OT12 128.6050 29.2506 OT33 129.4500 27.5472 3.12 206.131  65.983 156.122
OT04 128.2550 29.0525 OT07 128.4610 29.7510 3.26  79.978  24.503  14.470
OT03 128.1910 28.8611 OT31 129.6990 27.9990 3.11 175.905  56.507 122.539
OT03 128.1910 28.8611 OT25 130.5810 28.9975 3.09 233.534  75.503  85.714
OT03 128.1910 28.8611 OT20 130.1540 29.2781 3.05 196.671  64.503  75.935
OT03 128.1910 28.8611 OT07 128.4610 29.7510 3.19 102.068  31.996  14.832
OT01 127.7730 28.6329 OT06 128.3050 29.3225 3.18  92.353  28.996  34.019
KYK  130.4100 30.3781 OT21 130.5800 29.4695 3.00 102.053  33.985 170.685
AMG  128.9210 27.8215 TAS  130.9090 31.1946 3.21 420.630 130.997  26.792
TKRS 129.2090 29.1442 TAS  130.9090 31.1946 3.36 280.149  83.502  35.354
TKRS 129.2090 29.1442 OT34 129.4000 27.3185 3.06 203.205  66.472 174.644
TKRS 129.2090 29.1442 OT24 130.8400 29.4501 2.84 162.080  56.990  77.530
OT28 130.2290 28.5500 OT29 130.5910 28.3600 2.12  41.297  19.498 120.571
OT25 130.5810 28.9975 OT24 130.8400 29.4501 3.03  56.127  18.499  26.584
OT17 128.4090 28.0396 OT11 128.6350 29.4318 3.28 155.866  47.506   8.075
OT16 127.9510 28.2012 OT29 130.5910 28.3600 2.82 259.612  91.996  85.492
OT16 127.9510 28.2012 OT25 130.5810 28.9975 2.96 271.965  92.004  70.442
OT14 128.4990 28.6807 TKRS 129.2090 29.1442 3.08  86.201  27.969  53.247
OT13 128.6020 29.0207 OT19 129.6600 29.2404 3.11 105.811  34.005  76.439
OT12 128.6050 29.2506 OKED 128.6160 27.3855 3.26 206.707  63.446 179.716
OT06 128.3050 29.3225 OT23 130.8810 29.5506 2.99 251.221  83.992  83.595
OT05 128.0760 29.0927 OT17 128.4090 28.0396 3.19 121.179  37.999 164.318
OT04 128.2550 29.0525 TAS  130.9090 31.1946 3.19 349.015 109.512  46.475
OT02 127.8730 28.7925 OT16 127.9510 28.2012 3.38  65.983  19.498 173.283
OT01 127.7730 28.6329 OT21 130.5800 29.4695 3.14 288.664  91.961  70.589
KGM  128.2150 26.7567 OT12 128.6050 29.2506 3.19 279.024  87.496   7.813
GMZK 129.6510 28.4973 OT25 130.5810 28.9975 2.66 106.408  40.003  58.378
TKRS 129.2090 29.1442 OT21 130.5800 29.4695 2.91 138.014  47.493  74.524
OT31 129.6990 27.9990 OT30 130.3310 28.1010 2.30  63.174  27.479  79.545
OT27 130.2110 28.9197 OT25 130.5810 28.9975 2.12  37.112  17.497  76.476
OT21 130.5800 29.4695 OT25 130.5810 28.9975 2.33  52.317  22.502 179.883
OT17 128.4090 28.0396 OT29 130.5910 28.3600 2.73 217.158  79.487  80.078
OT16 127.9510 28.2012 AMG  128.9210 27.8215 3.11 104.273  33.496 113.573
OT14 128.4990 28.6807 OT30 130.3310 28.1010 2.93 190.681  64.968 109.255
OT14 128.4990 28.6807 OT26 130.4990 28.8494 2.91 196.198  67.492  84.053
OT14 128.4990 28.6807 OT19 129.6600 29.2404 3.23 129.048  40.002  60.990
OT12 128.6050 29.2506 OT30 130.3310 28.1010 2.91 211.373  72.512 126.653
OT11 128.6350 29.4318 OT26 130.4990 28.8494 2.99 192.530  64.456 109.136
OT11 128.6350 29.4318 AMG  128.9210 27.8215 3.35 180.655  54.007 171.015
OT07 128.4610 29.7510 OT19 129.6600 29.2404 3.27 129.284  39.500 115.667
OT03 128.1910 28.8611 GMZK 129.6510 28.4973 3.19 148.307  46.477 105.427
OT01 127.7730 28.6329 OT28 130.2290 28.5500 3.01 240.368  79.989  91.606
OT01 127.7730 28.6329 OT04 128.2550 29.0525 3.15  66.111  21.001  45.180
GMZK 129.6510 28.4973 OT26 130.4990 28.8494 2.73  91.576  33.495  64.575
AMG  128.9210 27.8215 OT30 130.3310 28.1010 2.81 142.131  50.509  77.084
TKRS 129.2090 29.1442 OT33 129.4500 27.5472 3.16 178.564  56.508 172.332
TAS  130.9090 31.1946 NOMT 131.0600 30.7369 2.93  52.749  17.997 164.101
OT34 129.4000 27.3185 OT31 129.6990 27.9990 2.79  80.950  29.004  21.253
OT31 129.6990 27.9990 OT28 130.2290 28.5500 2.59  80.197  31.000  40.286
OT17 128.4090 28.0396 OT23 130.8810 29.5506 3.03 293.732  97.005  54.655
OT17 128.4090 28.0396 GMZK 129.6510 28.4973 3.30 132.007  40.002  67.112
OT16 127.9510 28.2012 OT17 128.4090 28.0396 3.46  48.442  14.000 111.590
OT14 128.4990 28.6807 OT11 128.6350 29.4318 3.24  84.294  26.001   8.994
OT13 128.6020 29.0207 OT31 129.6990 27.9990 3.09 156.051  50.495 136.257
OT11 128.6350 29.4318 OT19 129.6600 29.2404 3.09 101.795  32.997 101.779
OT05 128.0760 29.0927 TKRS 129.2090 29.1442 3.11 110.390  35.495  86.761
OT05 128.0760 29.0927 OT14 128.4990 28.6807 3.24  61.537  18.999 137.804
OT01 127.7730 28.6329 OT16 127.9510 28.2012 3.18  50.924  15.999 159.929
GMZK 129.6510 28.4973 OT19 129.6600 29.2404 3.23  82.367  25.500   0.580
AMG  128.9210 27.8215 OT31 129.6990 27.9990 3.16  79.033  25.002  75.406
OT27 130.2110 28.9197 OT29 130.5910 28.3600 2.04  72.328  35.507 148.962
OT27 130.2110 28.9197 OT23 130.8810 29.5506 2.62  95.578  36.425  42.814
OT26 130.4990 28.8494 OT24 130.8400 29.4501 2.36  74.398  31.498  26.419
OT21 130.5800 29.4695 OT23 130.8810 29.5506 2.44  30.537  12.500  72.806
OT20 130.1540 29.2781 OT26 130.4990 28.8494 2.47  58.170  23.503 144.687
OT17 128.4090 28.0396 OT14 128.4990 28.6807 3.25  71.594  22.002   7.042
OT16 127.9510 28.2012 OT14 128.4990 28.6807 3.15  75.529  24.000  45.155
OT11 128.6350 29.4318 OT20 130.1540 29.2781 3.03 148.530  49.004  96.215
OT06 128.3050 29.3225 OT19 129.6600 29.2404 3.30 131.975  40.005  93.624
GMZK 129.6510 28.4973 OT28 130.2290 28.5500 2.58  56.806  22.001  83.960
OT26 130.4990 28.8494 OT21 130.5800 29.4695 2.39  69.184  28.984   6.538
OT20 130.1540 29.2781 OT24 130.8400 29.4501 2.67  69.263  25.951  73.856
OT20 130.1540 29.2781 OT21 130.5800 29.4695 2.82  46.465  16.500  62.729
OT16 127.9510 28.2012 OT03 128.1910 28.8611 3.20  76.815  23.997  17.749
OT07 128.4610 29.7510 OT23 130.8810 29.5506 3.02 235.346  78.007  94.820
OT06 128.3050 29.3225 OT14 128.4990 28.6807 3.42  73.603  21.503 165.072
OT05 128.0760 29.0927 OT26 130.4990 28.8494 2.99 237.671  79.489  95.930
OT03 128.1910 28.8611 OT11 128.6350 29.4318 3.20  76.585  23.910  34.207
OT02 127.8730 28.7925 OT13 128.6020 29.0207 3.14  75.489  24.003  70.250
OT02 127.8730 28.7925 OT06 128.3050 29.3225 3.15  72.283  22.954  35.536
OT01 127.7730 28.6329 GMZK 129.6510 28.4973 3.18 184.386  57.983  94.228
OKED 128.6160 27.3855 AMG  128.9210 27.8215 3.16  56.958  18.002  31.903
MNTN 130.8700 30.4624 TAS  130.9090 31.1946 2.90  81.267  28.004   2.623
KYK  130.4100 30.3781 NOMT 131.0600 30.7369 2.85  73.995  26.000  57.314
AMG  128.9210 27.8215 OT19 129.6600 29.2404 3.23 173.082  53.503  24.518
OT33 129.4500 27.5472 OT31 129.6990 27.9990 2.79  55.746  20.002  26.030
OT19 129.6600 29.2404 OT20 130.1540 29.2781 3.23  48.235  14.947  84.910
OT17 128.4090 28.0396 OKED 128.6160 27.3855 3.35  75.293  22.503 164.264
OT13 128.6020 29.0207 OT27 130.2110 28.9197 3.18 157.232  49.506  93.695
OT13 128.6020 29.0207 OT23 130.8810 29.5506 2.99 229.130  76.504  74.595
OT05 128.0760 29.0927 OT25 130.5810 28.9975 3.05 244.212  79.991  91.871
OT03 128.1910 28.8611 TKRS 129.2090 29.1442 3.20 104.008  32.502  72.195
OT03 128.1910 28.8611 OT23 130.8810 29.5506 2.99 272.518  90.991  73.064
OT03 128.1910 28.8611 OT12 128.6050 29.2506 3.19  59.083  18.498  42.957
OT01 127.7730 28.6329 OT03 128.1910 28.8611 3.20  48.027  14.999  58.123
OKED 128.6160 27.3855 TAS  130.9090 31.1946 3.23 477.377 147.978  27.275
GMZK 129.6510 28.4973 OT27 130.2110 28.9197 2.77  71.981  25.995  49.295
TKRS 129.2090 29.1442 OT25 130.5810 28.9975 2.99 134.620  44.993  96.606
OT19 129.6600 29.2404 OT25 130.5810 28.9975 2.97  93.622  31.501 106.489
OT17 128.4090 28.0396 OT26 130.4990 28.8494 3.02 223.502  74.007  65.833
OT12 128.6050 29.2506 TKRS 129.2090 29.1442 3.52  59.865  17.002 101.213
OT12 128.6050 29.2506 OT10 128.8440 29.6621 3.10  51.136  16.501  26.820
OT07 128.4610 29.7510 MNTN 130.8700 30.4624 3.16 245.204  77.474  70.643
OT06 128.3050 29.3225 OT07 128.4610 29.7510 3.22  49.852  15.501  17.643
OT04 128.2550 29.0525 OT11 128.6350 29.4318 3.20  55.978  17.499  41.227
OT03 128.1910 28.8611 OT26 130.4990 28.8494 3.06 225.183  73.482  89.776
OT01 127.7730 28.6329 AMG  128.9210 27.8215 3.24 144.167  44.482 128.318
OKED 128.6160 27.3855 OT35 129.1000 27.2007 2.98  52.147  17.499 113.005
OT26 130.4990 28.8494 OT29 130.5910 28.3600 2.17  54.988  25.293 170.518
OT20 130.1540 29.2781 OT23 130.8810 29.5506 2.69  76.729  28.503  66.641
OT05 128.0760 29.0927 AMG  128.9210 27.8215 3.34 163.397  48.995 149.365
OT04 128.2550 29.0525 TKRS 129.2090 29.1442 3.34  93.442  28.002  83.523
OKED 128.6160 27.3855 OT33 129.4500 27.5472 2.91  84.396  28.952  77.548
OKED 128.6160 27.3855 NOMT 131.0600 30.7369 3.10 441.159 142.539  32.069
AMG  128.9210 27.8215 OT33 129.4500 27.5472 2.88  60.378  21.001 120.103
OT14 128.4990 28.6807 OT13 128.6020 29.0207 3.39  38.996  11.500  14.881
OT14 128.4990 28.6807 OT12 128.6050 29.2506 3.37  64.009  18.999   9.289
OT11 128.6350 29.4318 TKRS 129.2090 29.1442 3.06  64.239  21.000 119.609
OT07 128.4610 29.7510 TKRS 129.2090 29.1442 3.14  98.913  31.501 132.657
OT04 128.2550 29.0525 OT14 128.4990 28.6807 3.28  47.610  14.502 149.886
OT03 128.1910 28.8611 OT13 128.6020 29.0207 3.30  43.775  13.277  66.067
OT02 127.8730 28.7925 OT12 128.6050 29.2506 3.24  87.603  26.996  54.402
OT05 128.0760 29.0927 OT13 128.6020 29.0207 3.24  51.814  16.002  98.733
OT05 128.0760 29.0927 OT07 128.4610 29.7510 3.21  81.981  25.500  27.025
OT03 128.1910 28.8611 OT06 128.3050 29.3225 3.38  52.329  15.500  12.207
OKED 128.6160 27.3855 OT34 129.4000 27.3185 2.94  78.001  26.504  95.279
OT13 128.6020 29.0207 OT11 128.6350 29.4318 3.51  45.679  12.999   4.020
OT02 127.8730 28.7925 OT05 128.0760 29.0927 3.10  38.744  12.498  30.771
OT13 128.6020 29.0207 TKRS 129.2090 29.1442 3.13  60.663  19.363  76.810
OT07 128.4610 29.7510 OT12 128.6050 29.2506 3.37  57.199  16.998 165.826
