KGM  128.2150 26.7567 OT04 128.2550 29.0525 3.60 254.446  70.621   0.864
KGM  128.2150 26.7567 GMZK 129.6510 28.4973 3.49 239.356  68.623  35.983
GMZK 129.6510 28.4973 TAS  130.9090 31.1946 3.52 322.754  91.613  21.815
GMZK 129.6510 28.4973 KYK  130.4100 30.3781 3.56 221.081  62.119  19.258
OT07 128.4610 29.7510 OT30 130.3310 28.1010 3.53 258.218  73.129 134.635
AMG  128.9210 27.8215 KYK  130.4100 30.3781 3.61 318.263  88.113  26.728
OT04 128.2550 29.0525 OT26 130.4990 28.8494 3.69 219.937  59.620  95.333
OT04 128.2550 29.0525 KYK  130.4100 30.3781 3.61 255.097  70.625  54.303
OT14 128.4990 28.6807 KYK  130.4100 30.3781 3.63 264.016  72.632  44.087
OT02 127.8730 28.7925 OT28 130.2290 28.5500 3.64 231.858  63.627  96.093
KGM  128.2150 26.7567 OT29 130.5910 28.3600 3.42 294.320  86.134  52.328
OT34 129.4000 27.3185 OT27 130.2110 28.9197 3.41 194.496  57.087  23.981
OT02 127.8730 28.7925 OT27 130.2110 28.9197 3.65 228.598  62.630  85.903
KGM  128.2150 26.7567 OT24 130.8400 29.4501 3.47 394.467 113.614  40.225
OT28 130.2290 28.5500 NOMT 131.0600 30.7369 3.38 255.433  75.594  18.170
OT17 128.4090 28.0396 OT24 130.8400 29.4501 3.62 284.272  78.615  56.063
OT04 128.2550 29.0525 OT30 130.3310 28.1010 3.51 228.867  65.130 116.939
KGM  128.2150 26.7567 OT33 129.4500 27.5472 3.46 150.507  43.549  54.132
KGM  128.2150 26.7567 OT14 128.4990 28.6807 3.67 215.037  58.625   7.413
OT28 130.2290 28.5500 TAS  130.9090 31.1946 3.41 300.437  88.131  12.474
OT11 128.6350 29.4318 OT34 129.4000 27.3185 3.58 245.935  68.620 162.052
OT04 128.2550 29.0525 OT34 129.4000 27.3185 3.56 222.676  62.620 149.381
KGM  128.2150 26.7567 OT20 130.1540 29.2781 3.50 338.279  96.624  33.865
OT27 130.2110 28.9197 TAS  130.9090 31.1946 3.43 261.015  76.120  14.778
OT20 130.1540 29.2781 TAS  130.9090 31.1946 3.45 224.538  65.121  18.694
OT01 127.7730 28.6329 OT34 129.4000 27.3185 3.57 216.441  60.628 131.914
KYK  130.4100 30.3781 OT25 130.5810 28.9975 3.57 153.933  43.131 173.771
KGM  128.2150 26.7567 OT28 130.2290 28.5500 3.44 280.989  81.635  44.532
KGM  128.2150 26.7567 OT06 128.3050 29.3225 3.57 284.480  79.619   1.758
OT34 129.4000 27.3185 OT28 130.2290 28.5500 3.41 158.962  46.630  30.657
OT34 129.4000 27.3185 KYK  130.4100 30.3781 3.51 353.116 100.632  15.957
OT29 130.5910 28.3600 TAS  130.9090 31.1946 3.43 315.713  92.125   5.510
OT28 130.2290 28.5500 KYK  130.4100 30.3781 3.53 203.394  57.619   4.913
OT25 130.5810 28.9975 TAS  130.9090 31.1946 3.50 245.602  70.132   7.315
OT21 130.5800 29.4695 TAS  130.9090 31.1946 3.45 193.842  56.121   9.314
OT14 128.4990 28.6807 OT20 130.1540 29.2781 3.62 174.381  48.118  67.287
OT13 128.6020 29.0207 OT24 130.8400 29.4501 3.61 222.742  61.633  77.120
OT03 128.1910 28.8611 KGM  128.2150 26.7567 3.66 233.215  63.633 179.411
OT01 127.7730 28.6329 KGM  128.2150 26.7567 3.59 212.434  59.124 168.052
AMG  128.9210 27.8215 OT21 130.5800 29.4695 3.48 244.263  70.090  41.213
OT28 130.2290 28.5500 MNTN 130.8700 30.4624 3.39 220.913  65.128  16.199
OT27 130.2110 28.9197 KYK  130.4100 30.3781 3.57 162.802  45.628   6.745
OT24 130.8400 29.4501 TAS  130.9090 31.1946 3.48 193.506  55.621   1.951
OT20 130.1540 29.2781 NOMT 131.0600 30.7369 3.37 183.816  54.626  28.162
OT16 127.9510 28.2012 OT20 130.1540 29.2781 3.64 246.087  67.625  60.464
OT14 128.4990 28.6807 OT34 129.4000 27.3185 3.60 175.069  48.617 149.361
OT13 128.6020 29.0207 OT34 129.4000 27.3185 3.55 204.294  57.629 157.236
OT10 128.8440 29.6621 NOMT 131.0600 30.7369 3.49 244.431  70.118  60.276
OT06 128.3050 29.3225 TAS  130.9090 31.1946 3.59 325.370  90.632  49.725
KYK  130.4100 30.3781 OT29 130.5910 28.3600 3.56 224.384  63.118 175.451
KYK  130.4100 30.3781 OT23 130.8810 29.5506 3.58 102.390  28.625 153.505
KGM  128.2150 26.7567 OT34 129.4000 27.3185 3.49 133.056  38.125  61.839
KGM  128.2150 26.7567 OT30 130.3310 28.1010 3.49 256.800  73.624  54.065
KGM  128.2150 26.7567 OT21 130.5800 29.4695 3.47 379.947 109.621  37.154
KGM  128.2150 26.7567 OT07 128.4610 29.7510 3.59 332.717  92.627   4.103
GMZK 129.6510 28.4973 MNTN 130.8700 30.4624 3.46 247.821  71.542  28.193
OT33 129.4500 27.5472 KYK  130.4100 30.3781 3.50 327.410  93.626  16.374
OT31 129.6990 27.9990 KYK  130.4100 30.3781 3.51 272.614  77.624  14.525
OT30 130.3310 28.1010 NOMT 131.0600 30.7369 3.41 300.620  88.133  13.438
OT11 128.6350 29.4318 OT29 130.5910 28.3600 3.53 224.778  63.622 121.429
OT07 128.4610 29.7510 OT33 129.4500 27.5472 3.59 262.679  73.129 158.169
OT02 127.8730 28.7925 OT19 129.6600 29.2404 3.72 181.072  48.623  73.658
KGM  128.2150 26.7567 TKRS 129.2090 29.1442 3.61 282.067  78.135  20.052
KGM  128.2150 26.7567 OT27 130.2110 28.9197 3.44 309.992  90.114  38.899
KGM  128.2150 26.7567 OT25 130.5810 28.9975 3.47 340.488  98.123  42.631
KGM  128.2150 26.7567 AMG  128.9210 27.8215 3.42 137.132  40.121  30.480
OT29 130.5910 28.3600 NOMT 131.0600 30.7369 3.44 267.360  77.631   9.670
OT17 128.4090 28.0396 OT27 130.2110 28.9197 3.62 201.591  55.627  60.639
OT11 128.6350 29.4318 OT27 130.2110 28.9197 3.62 163.481  45.123 109.932
OT07 128.4610 29.7510 OT28 130.2290 28.5500 3.65 217.460  59.627 127.312
OT06 128.3050 29.3225 OT30 130.3310 28.1010 3.65 239.806  65.628 123.882
OT02 127.8730 28.7925 KGM  128.2150 26.7567 3.59 228.114  63.630 171.404
OT01 127.7730 28.6329 OT33 129.4500 27.5472 3.60 204.049  56.617 125.736
OT01 127.7730 28.6329 OT24 130.8400 29.4501 3.56 312.143  87.607  72.396
AMG  128.9210 27.8215 NOMT 131.0600 30.7369 3.47 384.202 110.625  32.235
OT33 129.4500 27.5472 MNTN 130.8700 30.4624 3.49 351.478 100.624  22.844
OT16 127.9510 28.2012 OT34 129.4000 27.3185 3.60 173.145  48.123 124.060
OT04 128.2550 29.0525 OT24 130.8400 29.4501 3.64 255.146  70.134  79.427
OT04 128.2550 29.0525 OT17 128.4090 28.0396 3.89 113.273  29.127 172.287
OKED 128.6160 27.3855 OT27 130.2110 28.9197 3.44 231.212  67.115  42.291
KYK  130.4100 30.3781 TAS  130.9090 31.1946 3.52 102.368  29.122  27.710
KGM  128.2150 26.7567 OT13 128.6020 29.0207 3.62 253.763  70.120   8.538
OT21 130.5800 29.4695 OT29 130.5910 28.3600 3.55 122.976  34.622 179.488
OT20 130.1540 29.2781 MNTN 130.8700 30.4624 3.33 148.379  44.625  27.606
OT20 130.1540 29.2781 KYK  130.4100 30.3781 3.49 124.410  35.627  11.386
OT16 127.9510 28.2012 TKRS 129.2090 29.1442 3.66 161.354  44.122  49.331
OT16 127.9510 28.2012 OT24 130.8400 29.4501 3.56 314.099  88.131  63.166
OT13 128.6020 29.0207 OT33 129.4500 27.5472 3.59 183.277  51.123 152.797
OT11 128.6350 29.4318 TAS  130.9090 31.1946 3.59 293.316  81.635  47.659
OT11 128.6350 29.4318 OT30 130.3310 28.1010 3.54 221.783  62.633 131.276
OT07 128.4610 29.7510 AMG  128.9210 27.8215 3.67 218.517  59.558 168.030
OT06 128.3050 29.3225 OT29 130.5910 28.3600 3.55 247.299  69.622 115.002
OT03 128.1910 28.8611 KYK  130.4100 30.3781 3.58 272.847  76.129  51.415
OT01 127.7730 28.6329 OT30 130.3310 28.1010 3.67 257.563  70.123 102.623
OT01 127.7730 28.6329 OT27 130.2110 28.9197 3.55 240.155  67.630  81.812
OT01 127.7730 28.6329 OT19 129.6600 29.2404 3.69 195.892  53.130  69.444
OT30 130.3310 28.1010 KYK  130.4100 30.3781 3.45 252.511  73.128   1.722
OT26 130.4990 28.8494 TAS  130.9090 31.1946 3.45 262.968  76.134   8.555
OT25 130.5810 28.9975 NOMT 131.0600 30.7369 3.41 198.290  58.133  13.376
OT16 127.9510 28.2012 KGM  128.2150 26.7567 3.63 162.181  44.629 170.678
OT13 128.6020 29.0207 KYK  130.4100 30.3781 3.63 230.762  63.623  48.864
OT07 128.4610 29.7510 OT27 130.2110 28.9197 3.54 193.305  54.591 118.039
OT06 128.3050 29.3225 OT28 130.2290 28.5500 3.49 206.164  59.124 114.072
OT06 128.3050 29.3225 GMZK 129.6510 28.4973 3.75 160.013  42.636 124.536
OT02 127.8730 28.7925 OT11 128.6350 29.4318 3.78 102.597  27.128  46.135
OT02 127.8730 28.7925 OT07 128.4610 29.7510 3.88 120.666  31.124  28.161
OT01 127.7730 28.6329 OT11 128.6350 29.4318 3.74 122.008  32.622  43.262
KGM  128.2150 26.7567 OT19 129.6600 29.2404 3.62 309.753  85.614  26.973
AMG  128.9210 27.8215 OT28 130.2290 28.5500 3.44 151.657  44.125  57.530
OT34 129.4000 27.3185 OT26 130.4990 28.8494 3.49 201.094  57.620  32.216
OT34 129.4000 27.3185 OT20 130.1540 29.2781 3.39 229.415  67.634  18.628
OT33 129.4500 27.5472 OT25 130.5810 28.9975 3.48 195.321  56.127  34.361
OT28 130.2290 28.5500 OT24 130.8400 29.4501 3.40 116.202  34.127  30.701
OT24 130.8400 29.4501 NOMT 131.0600 30.7369 3.38 144.219  42.631   8.401
OT23 130.8810 29.5506 NOMT 131.0600 30.7369 3.40 132.637  39.011   7.427
OT17 128.4090 28.0396 OT28 130.2290 28.5500 3.56 187.217  52.619  71.987
OT16 127.9510 28.2012 OT12 128.6050 29.2506 3.67 132.709  36.121  28.633
OT13 128.6020 29.0207 OT30 130.3310 28.1010 3.55 197.517  55.576 120.654
OT13 128.6020 29.0207 OT28 130.2290 28.5500 3.59 167.186  46.609 107.791
OT07 128.4610 29.7510 KYK  130.4100 30.3781 3.67 200.335  54.632  69.213
OT05 128.0760 29.0927 OT30 130.3310 28.1010 3.57 246.414  69.082 115.949
OT04 128.2550 29.0525 OT33 129.4500 27.5472 3.57 203.906  57.133 144.614
OT04 128.2550 29.0525 GMZK 129.6510 28.4973 3.68 149.628  40.627 113.948
OT03 128.1910 28.8611 OT33 129.4500 27.5472 3.63 190.989  52.629 139.377
OT03 128.1910 28.8611 AMG  128.9210 27.8215 3.65 135.641  37.121 147.975
OT02 127.8730 28.7925 OT33 129.4500 27.5472 3.63 207.473  57.124 131.322
OT02 127.8730 28.7925 OT24 130.8400 29.4501 3.58 297.867  83.133  75.121
OT01 127.7730 28.6329 OT07 128.4610 29.7510 3.74 140.844  37.629  28.204
OKED 128.6160 27.3855 TKRS 129.2090 29.1442 3.63 203.416  56.068  16.487
OKED 128.6160 27.3855 KYK  130.4100 30.3781 3.60 375.013 104.112  27.392
KGM  128.2150 26.7567 OT26 130.4990 28.8494 3.41 323.125  94.619  43.614
OT34 129.4000 27.3185 GMZK 129.6510 28.4973 3.53 132.946  37.630  10.650
OT33 129.4500 27.5472 OT23 130.8810 29.5506 3.57 262.504  73.634  31.904
OT19 129.6600 29.2404 TAS  130.9090 31.1946 3.61 247.779  68.618  28.729
OT19 129.6600 29.2404 NOMT 131.0600 30.7369 3.53 213.951  60.541  38.816
OT17 128.4090 28.0396 OT33 129.4500 27.5472 3.68 116.181  31.588 117.770
OT16 127.9510 28.2012 OT19 129.6600 29.2404 3.71 202.820  54.624  54.993
OT13 128.6020 29.0207 TAS  130.9090 31.1946 3.62 327.902  90.631  42.132
OT13 128.6020 29.0207 OT25 130.5810 28.9975 3.66 192.869  52.625  90.286
OT12 128.6050 29.2506 OT31 129.6990 27.9990 3.60 175.139  48.609 142.112
OT06 128.3050 29.3225 OT33 129.4500 27.5472 3.56 226.475  63.617 150.039
OT06 128.3050 29.3225 OT27 130.2110 28.9197 3.73 190.787  51.122 103.070
OT06 128.3050 29.3225 AMG  128.9210 27.8215 3.68 176.941  48.121 159.934
OT03 128.1910 28.8611 OT28 130.2290 28.5500 3.66 202.054  55.131  99.337
OT02 127.8730 28.7925 OT20 130.1540 29.2781 3.51 228.681  65.133  75.838
OT01 127.7730 28.6329 OKED 128.6160 27.3855 3.65 161.174  44.121 148.862
OKED 128.6160 27.3855 OT20 130.1540 29.2781 3.56 258.373  72.617  35.368
GMZK 129.6510 28.4973 OT21 130.5800 29.4695 3.46 140.725  40.625  39.807
OT34 129.4000 27.3185 OT24 130.8400 29.4501 3.46 275.162  79.619  30.513
OT33 129.4500 27.5472 OT24 130.8400 29.4501 3.48 250.990  72.124  32.508
OT30 130.3310 28.1010 OT24 130.8400 29.4501 3.42 157.574  46.128  18.273
OT19 129.6600 29.2404 OT30 130.3310 28.1010 3.46 142.296  41.126 152.393
OT19 129.6600 29.2404 KYK  130.4100 30.3781 3.72 145.463  39.124  29.707
OT17 128.4090 28.0396 OT34 129.4000 27.3185 3.70 126.280  34.121 129.026
OT16 127.9510 28.2012 TAS  130.9090 31.1946 3.60 438.193 121.619  40.067
OT16 127.9510 28.2012 OT33 129.4500 27.5472 3.57 164.437  46.125 115.801
OT16 127.9510 28.2012 OT30 130.3310 28.1010 3.62 234.014  64.627  92.161
OT16 127.9510 28.2012 OT11 128.6350 29.4318 3.65 151.842  41.618  25.910
OT12 128.6050 29.2506 OT34 129.4000 27.3185 3.55 227.887  64.121 159.796
OT11 128.6350 29.4318 OT33 129.4500 27.5472 3.60 223.596  62.127 158.891
OT07 128.4610 29.7510 OT24 130.8400 29.4501 3.75 232.842  62.124  97.650
OT07 128.4610 29.7510 OT21 130.5800 29.4695 3.77 207.595  55.123  98.123
OT07 128.4610 29.7510 OT14 128.4990 28.6807 3.75 118.689  31.625 178.216
OT06 128.3050 29.3225 OT34 129.4000 27.3185 3.60 246.705  68.624 153.927
OT06 128.3050 29.3225 OT17 128.4090 28.0396 3.74 142.549  38.125 175.878
OT05 128.0760 29.0927 OT33 129.4500 27.5472 3.60 217.920  60.618 141.483
OT05 128.0760 29.0927 OT27 130.2110 28.9197 3.76 208.880  55.627  94.751
OT05 128.0760 29.0927 KGM  128.2150 26.7567 3.59 259.234  72.130 176.940
OT04 128.2550 29.0525 OT31 129.6990 27.9990 3.66 183.333  50.091 129.212
OT04 128.2550 29.0525 OT28 130.2290 28.5500 3.64 200.595  55.124 105.645
OT03 128.1910 28.8611 OT34 129.4000 27.3185 3.55 208.204  58.632 144.907
OT03 128.1910 28.8611 OT24 130.8400 29.4501 3.59 265.862  74.118  75.146
OT02 127.8730 28.7925 OT31 129.6990 27.9990 3.59 199.404  55.622 115.734
OT02 127.8730 28.7925 OT25 130.5810 28.9975 3.65 265.169  72.629  84.435
OT02 127.8730 28.7925 GMZK 129.6510 28.4973 3.80 176.966  46.619 100.229
OT01 127.7730 28.6329 MNTN 130.8700 30.4624 3.58 362.224 101.123  55.206
OT01 127.7730 28.6329 KYK  130.4100 30.3781 3.62 320.577  88.631  52.246
OKED 128.6160 27.3855 OT31 129.6990 27.9990 3.46 126.633  36.620  57.278
KYK  130.4100 30.3781 OT26 130.4990 28.8494 3.57 169.670  47.540 177.063
KYK  130.4100 30.3781 OT24 130.8400 29.4501 3.57 110.945  31.121 157.897
GMZK 129.6510 28.4973 OT24 130.8400 29.4501 3.44 156.767  45.625  47.366
AMG  128.9210 27.8215 OT27 130.2110 28.9197 3.47 175.488  50.631  45.785
AMG  128.9210 27.8215 OT24 130.8400 29.4501 3.47 260.348  75.115  45.656
OT34 129.4000 27.3185 OT30 130.3310 28.1010 3.49 126.256  36.125  46.409
OT33 129.4500 27.5472 OT28 130.2290 28.5500 3.36 134.943  40.126  34.379
OT33 129.4500 27.5472 OT21 130.5800 29.4695 3.45 240.053  69.621  27.176
OT31 129.6990 27.9990 OT25 130.5810 28.9975 3.41 140.395  41.123  37.773
OT31 129.6990 27.9990 OT23 130.8810 29.5506 3.47 207.128  59.622  33.596
OT31 129.6990 27.9990 OT21 130.5800 29.4695 3.38 184.322  54.565  27.638
OT30 130.3310 28.1010 MNTN 130.8700 30.4624 3.42 266.928  78.026  11.192
OT27 130.2110 28.9197 OT30 130.3310 28.1010 3.66  91.492  25.005 172.595
OT24 130.8400 29.4501 MNTN 130.8700 30.4624 3.44 112.248  32.621   1.475
OT21 130.5800 29.4695 MNTN 130.8700 30.4624 3.33 113.566  34.124  14.201
OT19 129.6600 29.2404 OT31 129.6990 27.9990 3.61 137.637  38.127 178.411
OT16 127.9510 28.2012 OT26 130.4990 28.8494 3.48 259.515  74.616  73.327
OT16 127.9510 28.2012 OT07 128.4610 29.7510 3.72 178.822  48.019  16.019
OT14 128.4990 28.6807 OKED 128.6160 27.3855 3.73 143.997  38.626 175.404
OT13 128.6020 29.0207 AMG  128.9210 27.8215 3.73 136.538  36.625 166.676
OT11 128.6350 29.4318 OT21 130.5800 29.4695 3.62 188.764  52.130  88.256
OT11 128.6350 29.4318 NOMT 131.0600 30.7369 3.57 274.941  77.122  57.651
OT11 128.6350 29.4318 GMZK 129.6510 28.4973 3.81 143.336  37.621 136.024
OT05 128.0760 29.0927 NOMT 131.0600 30.7369 3.55 340.942  96.067  56.952
OT04 128.2550 29.0525 OT21 130.5800 29.4695 3.60 230.696  64.118  77.879
OT04 128.2550 29.0525 AMG  128.9210 27.8215 3.68 151.250  41.078 154.265
OT03 128.1910 28.8611 TAS  130.9090 31.1946 3.61 368.285 102.131  44.717
OT02 127.8730 28.7925 OT34 129.4000 27.3185 3.57 221.909  62.125 137.039
OT02 127.8730 28.7925 OT30 130.3310 28.1010 3.53 252.703  71.628 107.068
OT01 127.7730 28.6329 TKRS 129.2090 29.1442 3.67 151.073  41.108  67.624
OKED 128.6160 27.3855 OT24 130.8400 29.4501 3.47 315.990  91.037  43.085
KGM  128.2150 26.7567 OT31 129.6990 27.9990 3.43 201.206  58.626  46.494
KGM  128.2150 26.7567 OT17 128.4090 28.0396 3.76 143.447  38.133   7.643
AMG  128.9210 27.8215 TKRS 129.2090 29.1442 3.72 149.277  40.128  10.808
OT34 129.4000 27.3185 OT19 129.6600 29.2404 3.63 214.509  59.126   6.755
OT33 129.4500 27.5472 NOMT 131.0600 30.7369 3.43 386.688 112.639  23.514
OT31 129.6990 27.9990 NOMT 131.0600 30.7369 3.43 331.005  96.616  23.206
OT27 130.2110 28.9197 MNTN 130.8700 30.4624 3.37 182.516  54.127  20.301
OT17 128.4090 28.0396 OT31 129.6990 27.9990 3.77 126.895  33.623  91.730
OT17 128.4090 28.0396 OT19 129.6600 29.2404 3.72 180.734  48.624  42.282
OT17 128.4090 28.0396 OT13 128.6020 29.0207 3.79 110.356  29.125   9.790
OT16 127.9510 28.2012 OT27 130.2110 28.9197 3.53 235.014  66.633  69.660
OT16 127.9510 28.2012 KYK  130.4100 30.3781 3.59 339.529  94.629  44.123
OT14 128.4990 28.6807 TAS  130.9090 31.1946 3.61 363.023 100.616  39.271
OT14 128.4990 28.6807 OT21 130.5800 29.4695 3.53 220.685  62.570  66.161
OT13 128.6020 29.0207 OKED 128.6160 27.3855 3.65 181.228  49.624 179.567
OT06 128.3050 29.3225 OT21 130.5800 29.4695 3.65 221.431  60.633  85.225
OT05 128.0760 29.0927 OT31 129.6990 27.9990 3.62 199.764  55.123 126.968
OT05 128.0760 29.0927 GMZK 129.6510 28.4973 3.67 167.349  45.562 112.845
OT03 128.1910 28.8611 OT17 128.4090 28.0396 3.89  93.517  24.010 166.742
OT01 127.7730 28.6329 OT17 128.4090 28.0396 3.76  90.630  24.123 136.360
OKED 128.6160 27.3855 OT26 130.4990 28.8494 3.41 246.082  72.123  48.319
OKED 128.6160 27.3855 OT25 130.5810 28.9975 3.45 262.978  76.115  46.752
OT20 130.1540 29.2781 OT30 130.3310 28.1010 3.50 131.596  37.620 172.422
OT17 128.4090 28.0396 TKRS 129.2090 29.1442 3.76 145.276  38.627  32.385
OT17 128.4090 28.0396 OT25 130.5810 28.9975 3.57 237.636  66.621  62.953
OT17 128.4090 28.0396 OT07 128.4610 29.7510 3.72 189.750  51.036   1.519
OT16 127.9510 28.2012 MNTN 130.8700 30.4624 3.60 378.385 105.078  47.820
OT14 128.4990 28.6807 OT31 129.6990 27.9990 3.67 139.803  38.125 122.426
OT14 128.4990 28.6807 NOMT 131.0600 30.7369 3.56 336.684  94.627  46.770
OT13 128.6020 29.0207 OT21 130.5800 29.4695 3.61 198.634  55.039  75.018
OT12 128.6050 29.2506 KYK  130.4100 30.3781 3.66 214.582  58.629  53.935
OT11 128.6350 29.4318 OT25 130.5810 28.9975 3.64 195.285  53.620 103.796
OT07 128.4610 29.7510 TAS  130.9090 31.1946 3.59 284.364  79.122  55.140
OT05 128.0760 29.0927 TAS  130.9090 31.1946 3.62 358.859  99.132  48.814
OT05 128.0760 29.0927 KYK  130.4100 30.3781 3.60 266.957  74.134  57.172
OT03 128.1910 28.8611 OT27 130.2110 28.9197 3.58 197.120  55.123  87.627
OT02 127.8730 28.7925 TAS  130.9090 31.1946 3.61 395.898 109.637  46.991
OT02 127.8730 28.7925 OT21 130.5800 29.4695 3.53 273.961  77.631  73.451
OT02 127.8730 28.7925 OT17 128.4090 28.0396 3.78  98.630  26.127 147.652
OT01 127.7730 28.6329 TAS  130.9090 31.1946 3.61 415.117 115.118  46.074
OT01 127.7730 28.6329 OT25 130.5810 28.9975 3.62 277.060  76.621  80.942
OKED 128.6160 27.3855 OT21 130.5800 29.4695 3.47 300.631  86.587  39.343
OKED 128.6160 27.3855 OT19 129.6600 29.2404 3.64 229.670  63.044  26.238
KGM  128.2150 26.7567 OT11 128.6350 29.4318 3.62 299.312  82.614   7.821
OT34 129.4000 27.3185 OT25 130.5810 28.9975 3.53 219.251  62.128  31.660
OT34 129.4000 27.3185 OT23 130.8810 29.5506 3.56 286.760  80.618  30.039
OT33 129.4500 27.5472 OT26 130.4990 28.8494 3.47 177.287  51.121  35.266
OT33 129.4500 27.5472 OT19 129.6600 29.2404 3.62 188.775  52.119   6.206
OT27 130.2110 28.9197 NOMT 131.0600 30.7369 3.40 217.517  64.051  21.960
OT25 130.5810 28.9975 MNTN 130.8700 30.4624 3.46 164.766  47.620   9.699
OT23 130.8810 29.5506 TAS  130.9090 31.1946 3.50 182.272  52.093   0.842
OT19 129.6600 29.2404 OT29 130.5910 28.3600 3.55 133.375  37.623 136.796
OT19 129.6600 29.2404 OT28 130.2290 28.5500 3.69  94.510  25.626 143.925
OT19 129.6600 29.2404 OT23 130.8810 29.5506 3.62 123.421  34.122  73.527
OT17 128.4090 28.0396 OT20 130.1540 29.2781 3.67 218.956  59.629  50.766
OT17 128.4090 28.0396 OT12 128.6050 29.2506 3.75 135.578  36.125   8.083
OT16 127.9510 28.2012 OT21 130.5800 29.4695 3.56 292.543  82.083  60.657
OT16 127.9510 28.2012 NOMT 131.0600 30.7369 3.58 412.195 115.138  46.262
OT14 128.4990 28.6807 GMZK 129.6510 28.4973 3.87 114.541  29.628  99.948
OT13 128.6020 29.0207 OT20 130.1540 29.2781 3.65 153.726  42.128  78.929
OT13 128.6020 29.0207 GMZK 129.6510 28.4973 3.67 117.778  32.127 119.256
OT07 128.4610 29.7510 OT34 129.4000 27.3185 3.58 284.826  79.627 160.947
OT05 128.0760 29.0927 OKED 128.6160 27.3855 3.66 196.472  53.622 164.237
OT03 128.1910 28.8611 OT19 129.6600 29.2404 3.81 149.098  39.123  73.269
OT02 127.8730 28.7925 TKRS 129.2090 29.1442 3.61 135.955  37.629  73.016
OKED 128.6160 27.3855 OT11 128.6350 29.4318 3.65 226.797  62.051   0.470
TKRS 129.2090 29.1442 NOMT 131.0600 30.7369 3.56 251.221  70.607  44.895
OT28 130.2290 28.5500 OT30 130.3310 28.1010 3.87  50.762  13.123 168.578
OT28 130.2290 28.5500 OT26 130.4990 28.8494 3.81  42.412  11.126  38.455
OT27 130.2110 28.9197 OT24 130.8400 29.4501 3.48  84.861  24.385  45.999
OT14 128.4990 28.6807 OT33 129.4500 27.5472 3.60 156.559  43.537 143.131
OT14 128.4990 28.6807 OT27 130.2110 28.9197 3.59 169.210  47.121  80.584
OT14 128.4990 28.6807 OT25 130.5810 28.9975 3.58 206.210  57.633  79.698
OT14 128.4990 28.6807 MNTN 130.8700 30.4624 3.58 302.957  84.625  48.743
OT14 128.4990 28.6807 AMG  128.9210 27.8215 3.78 103.843  27.443 156.388
OT12 128.6050 29.2506 GMZK 129.6510 28.4973 3.81 131.851  34.625 129.037
OT06 128.3050 29.3225 OT20 130.1540 29.2781 3.73 179.737  48.122  91.119
OT05 128.0760 29.0927 OT34 129.4000 27.3185 3.57 235.714  66.119 146.212
OT03 128.1910 28.8611 OT21 130.5800 29.4695 3.55 241.991  68.128  73.243
OT03 128.1910 28.8611 OKED 128.6160 27.3855 3.70 168.768  45.625 165.591
OT01 127.7730 28.6329 NOMT 131.0600 30.7369 3.57 394.441 110.612  52.955
OKED 128.6160 27.3855 OT28 130.2290 28.5500 3.43 204.546  59.548  50.509
MNTN 130.8700 30.4624 OT23 130.8810 29.5506 3.59 101.076  28.124 179.401
KGM  128.2150 26.7567 OT23 130.8810 29.5506 3.49 405.470 116.114  39.603
TKRS 129.2090 29.1442 KYK  130.4100 30.3781 3.65 179.439  49.121  40.045
OT31 129.6990 27.9990 OT26 130.4990 28.8494 3.44 122.591  35.627  39.566
OT26 130.4990 28.8494 NOMT 131.0600 30.7369 3.37 216.152  64.121  14.400
OT17 128.4090 28.0396 OT21 130.5800 29.4695 3.55 264.700  74.626  52.709
OT16 127.9510 28.2012 OT31 129.6990 27.9990 3.64 173.193  47.607  97.024
OT16 127.9510 28.2012 OKED 128.6160 27.3855 3.77 111.626  29.625 143.923
OT14 128.4990 28.6807 OT24 130.8400 29.4501 3.57 243.392  68.120  68.927
OT13 128.6020 29.0207 OT29 130.5910 28.3600 3.57 207.759  58.131 110.160
OT12 128.6050 29.2506 TAS  130.9090 31.1946 3.61 309.234  85.637  45.253
OT12 128.6050 29.2506 OT24 130.8400 29.4501 3.63 218.139  60.127  83.638
OT12 128.6050 29.2506 OT21 130.5800 29.4695 3.54 193.280  54.583  82.308
OT11 128.6350 29.4318 OT28 130.2290 28.5500 3.52 183.501  52.131 121.795
OT11 128.6350 29.4318 KYK  130.4100 30.3781 3.58 200.969  56.121  58.099
OT07 128.4610 29.7510 OT29 130.5910 28.3600 3.53 258.452  73.133 126.101
OT02 127.8730 28.7925 OT29 130.5910 28.3600 3.62 270.269  74.619  99.566
OT02 127.8730 28.7925 OKED 128.6160 27.3855 3.65 172.186  47.123 154.727
OT02 127.8730 28.7925 AMG  128.9210 27.8215 3.72 148.859  39.994 136.047
OT01 127.7730 28.6329 OT14 128.4990 28.6807 3.82  71.161  18.624  85.558
OT01 127.7730 28.6329 OT12 128.6050 29.2506 3.78 106.159  28.122  49.642
GMZK 129.6510 28.4973 NOMT 131.0600 30.7369 3.43 283.274  82.635  28.450
OT31 129.6990 27.9990 OT24 130.8400 29.4501 3.43 195.700  57.055  34.464
OT31 129.6990 27.9990 OT20 130.1540 29.2781 3.45 148.597  43.122  17.336
OT30 130.3310 28.1010 TAS  130.9090 31.1946 3.44 347.456 101.122   9.133
OT28 130.2290 28.5500 OT25 130.5810 28.9975 3.74  60.377  16.126  34.685
OT20 130.1540 29.2781 OT29 130.5910 28.3600 3.55 110.334  31.124 157.152
OT16 127.9510 28.2012 OT05 128.0760 29.0927 3.67  99.558  27.128   7.021
OT16 127.9510 28.2012 OT04 128.2550 29.0525 3.86  98.907  25.624  17.389
OT12 128.6050 29.2506 OT33 129.4500 27.5472 3.61 206.131  57.100 156.122
OT06 128.3050 29.3225 OT31 129.6990 27.9990 3.57 200.191  56.123 136.779
OT05 128.0760 29.0927 OT24 130.8400 29.4501 3.64 271.513  74.632  80.940
OT04 128.2550 29.0525 OT27 130.2110 28.9197 3.74 191.211  51.085  93.943
OT03 128.1910 28.8611 OT31 129.6990 27.9990 3.58 175.905  49.122 122.539
OT03 128.1910 28.8611 OT25 130.5810 28.9975 3.64 233.534  64.106  85.714
OT03 128.1910 28.8611 OT20 130.1540 29.2781 3.60 196.671  54.631  75.935
OT03 128.1910 28.8611 OT07 128.4610 29.7510 3.98 102.068  25.626  14.832
OT02 127.8730 28.7925 MNTN 130.8700 30.4624 3.56 344.275  96.598  56.749
OT01 127.7730 28.6329 OT31 129.6990 27.9990 3.65 201.491  55.127 109.949
OT01 127.7730 28.6329 OT06 128.3050 29.3225 3.91  92.353  23.626  34.019
KYK  130.4100 30.3781 OT21 130.5800 29.4695 3.57 102.053  28.600 170.685
AMG  128.9210 27.8215 TAS  130.9090 31.1946 3.61 420.630 116.615  26.792
AMG  128.9210 27.8215 OT25 130.5810 28.9975 3.47 208.434  60.119  50.907
TKRS 129.2090 29.1442 TAS  130.9090 31.1946 3.63 280.149  77.134  35.354
TKRS 129.2090 29.1442 OT34 129.4000 27.3185 3.56 203.205  57.112 174.644
TKRS 129.2090 29.1442 OT24 130.8400 29.4501 3.55 162.080  45.631  77.530
OT34 129.4000 27.3185 OT29 130.5910 28.3600 3.49 164.568  47.127  45.192
OT34 129.4000 27.3185 MNTN 130.8700 30.4624 3.45 376.775 109.052  22.015
OT33 129.4500 27.5472 TAS  130.9090 31.1946 3.55 428.375 120.635  18.959
OT33 129.4500 27.5472 OT27 130.2110 28.9197 3.38 169.449  50.118  25.972
OT31 129.6990 27.9990 TAS  130.9090 31.1946 3.48 373.117 107.125  18.023
OT30 130.3310 28.1010 OT21 130.5800 29.4695 3.40 153.614  45.127   9.055
OT29 130.5910 28.3600 OT24 130.8400 29.4501 3.66 123.233  33.624  11.296
OT28 130.2290 28.5500 OT21 130.5800 29.4695 3.45 107.514  31.127  18.490
OT17 128.4090 28.0396 TAS  130.9090 31.1946 3.57 425.328 119.139  34.090
OT17 128.4090 28.0396 OT11 128.6350 29.4318 3.79 155.866  41.126   8.075
OT16 127.9510 28.2012 OT29 130.5910 28.3600 3.48 259.612  74.623  85.492
OT16 127.9510 28.2012 OT25 130.5810 28.9975 3.57 271.965  76.117  70.442
OT13 128.6020 29.0207 NOMT 131.0600 30.7369 3.58 304.269  85.110  50.698
OT12 128.6050 29.2506 OKED 128.6160 27.3855 3.72 206.707  55.551 179.716
OT12 128.6050 29.2506 NOMT 131.0600 30.7369 3.58 288.524  80.593  54.572
OT12 128.6050 29.2506 AMG  128.9210 27.8215 3.70 161.375  43.627 168.881
OT07 128.4610 29.7510 NOMT 131.0600 30.7369 3.61 272.968  75.635  65.750
OT05 128.0760 29.0927 OT29 130.5910 28.3600 3.56 258.785  72.631 107.683
OT05 128.0760 29.0927 OT28 130.2290 28.5500 3.61 218.534  60.620 105.458
OT04 128.2550 29.0525 TAS  130.9090 31.1946 3.59 349.015  97.137  46.475
OT04 128.2550 29.0525 NOMT 131.0600 30.7369 3.55 329.059  92.614  54.741
OKED 128.6160 27.3855 GMZK 129.6510 28.4973 3.51 159.905  45.622  39.360
KGM  128.2150 26.7567 OT12 128.6050 29.2506 3.62 279.024  77.121   7.813
GMZK 129.6510 28.4973 OT25 130.5810 28.9975 3.47 106.408  30.621  58.378
TKRS 129.2090 29.1442 OT21 130.5800 29.4695 3.53 138.014  39.109  74.524
OT33 129.4500 27.5472 OT30 130.3310 28.1010 3.59 106.293  29.625  54.530
OT30 130.3310 28.1010 OT23 130.8810 29.5506 3.52 169.400  48.125  18.351
OT21 130.5800 29.4695 NOMT 131.0600 30.7369 3.33 147.921  44.488  18.107
OT17 128.4090 28.0396 OT30 130.3310 28.1010 3.59 189.020  52.637  87.487
OT17 128.4090 28.0396 OT29 130.5910 28.3600 3.52 217.158  61.623  80.078
OT17 128.4090 28.0396 KYK  130.4100 30.3781 3.62 324.068  89.621  36.409
OT16 127.9510 28.2012 AMG  128.9210 27.8215 3.92 104.273  26.627 113.573
OT14 128.4990 28.6807 OT26 130.4990 28.8494 3.40 196.198  57.621  84.053
OT14 128.4990 28.6807 OT19 129.6600 29.2404 3.67 129.048  35.125  60.990
OT12 128.6050 29.2506 OT30 130.3310 28.1010 3.55 211.373  59.626 126.653
OT12 128.6050 29.2506 OT28 130.2290 28.5500 3.56 176.339  49.533 115.734
OT11 128.6350 29.4318 OT31 129.6990 27.9990 3.57 189.793  53.119 146.536
OT11 128.6350 29.4318 OT26 130.4990 28.8494 3.56 192.530  54.066 109.136
OT11 128.6350 29.4318 AMG  128.9210 27.8215 3.64 180.655  49.630 171.015
OT07 128.4610 29.7510 OT31 129.6990 27.9990 3.62 228.646  63.127 147.831
OT07 128.4610 29.7510 OT25 130.5810 28.9975 3.52 222.117  63.119 111.567
OT03 128.1910 28.8611 MNTN 130.8700 30.4624 3.57 314.269  88.129  54.961
OT03 128.1910 28.8611 GMZK 129.6510 28.4973 3.70 148.307  40.094 105.427
OT01 127.7730 28.6329 OT28 130.2290 28.5500 3.58 240.368  67.123  91.606
GMZK 129.6510 28.4973 OT26 130.4990 28.8494 3.44  91.576  26.629  64.575
AMG  128.9210 27.8215 OT30 130.3310 28.1010 3.54 142.131  40.127  77.084
TKRS 129.2090 29.1442 OT33 129.4500 27.5472 3.63 178.564  49.124 172.332
TKRS 129.2090 29.1442 OT28 130.2290 28.5500 3.71 119.334  32.122 123.251
OT34 129.4000 27.3185 OT21 130.5800 29.4695 3.46 264.938  76.616  25.596
OT33 129.4500 27.5472 OT29 130.5910 28.3600 3.57 143.965  40.315  51.005
OT31 129.6990 27.9990 OT28 130.2290 28.5500 3.39  80.197  23.622  40.286
OT17 128.4090 28.0396 GMZK 129.6510 28.4973 3.70 132.007  35.629  67.112
OT13 128.6020 29.0207 OT31 129.6990 27.9990 3.70 156.051  42.130 136.257
OT06 128.3050 29.3225 KYK  130.4100 30.3781 3.60 234.640  65.124  59.569
OT05 128.0760 29.0927 TKRS 129.2090 29.1442 4.07 110.390  27.123  86.761
TKRS 129.2090 29.1442 MNTN 130.8700 30.4624 3.61 217.128  60.130  47.299
OT33 129.4500 27.5472 GMZK 129.6510 28.4973 3.50 107.134  30.627  10.603
OT30 130.3310 28.1010 OT26 130.4990 28.8494 3.74  84.559  22.628  11.179
OT16 127.9510 28.2012 OT28 130.2290 28.5500 3.56 226.556  63.621  79.639
OT05 128.0760 29.0927 OT23 130.8810 29.5506 3.62 277.145  76.623  78.767
OT05 128.0760 29.0927 OT21 130.5800 29.4695 3.55 246.878  69.563  79.653
OT03 128.1910 28.8611 OT29 130.5910 28.3600 3.70 241.221  65.124 102.737
OT03 128.1910 28.8611 NOMT 131.0600 30.7369 3.57 346.637  97.070  52.440
OKED 128.6160 27.3855 OT30 130.3310 28.1010 3.58 186.778  52.129  64.484
TKRS 129.2090 29.1442 OT30 130.3310 28.1010 3.46 159.400  46.123 136.228
OT33 129.4500 27.5472 OT20 130.1540 29.2781 3.45 203.864  59.125  19.621
OT31 129.6990 27.9990 OT27 130.2110 28.9197 3.33 113.703  34.125  26.059
OT30 130.3310 28.1010 OT25 130.5810 28.9975 3.51 102.333  29.122  13.790
OT26 130.4990 28.8494 MNTN 130.8700 30.4624 3.37 182.369  54.131  11.277
OT19 129.6600 29.2404 OT26 130.4990 28.8494 3.47  92.495  26.625 117.736
OT16 127.9510 28.2012 OT23 130.8810 29.5506 3.50 322.582  92.114  61.682
OT14 128.4990 28.6807 OT28 130.2290 28.5500 3.65 169.769  46.525  94.482
OT12 128.6050 29.2506 OT29 130.5910 28.3600 3.53 217.552  61.629 116.503
OT12 128.6050 29.2506 OT25 130.5810 28.9975 3.73 194.333  52.128  97.821
OT07 128.4610 29.7510 OT26 130.4990 28.8494 3.43 221.762  64.616 116.285
OT06 128.3050 29.3225 OT24 130.8400 29.4501 3.64 246.495  67.626  86.092
OT06 128.3050 29.3225 NOMT 131.0600 30.7369 3.56 308.541  86.572  58.779
OT03 128.1910 28.8611 OT30 130.3310 28.1010 3.52 225.828  64.125 111.392
OT02 127.8730 28.7925 NOMT 131.0600 30.7369 3.56 376.127 105.624  54.261
OT02 127.8730 28.7925 KYK  130.4100 30.3781 3.59 302.178  84.125  53.819
MNTN 130.8700 30.4624 TAS  130.9090 31.1946 3.44  81.267  23.624   2.623
OT34 129.4000 27.3185 NOMT 131.0600 30.7369 3.43 411.922 120.059  22.712
OT31 129.6990 27.9990 MNTN 130.8700 30.4624 3.46 295.834  85.575  22.360
OT11 128.6350 29.4318 OT23 130.8810 29.5506 3.73 218.228  58.581  85.991
OT07 128.4610 29.7510 GMZK 129.6510 28.4973 3.76 180.898  48.124 139.898
OT05 128.0760 29.0927 OT20 130.1540 29.2781 3.72 203.175  54.617  83.692
OT05 128.0760 29.0927 OT19 129.6600 29.2404 3.68 154.942  42.127  83.551
KGM  128.2150 26.7567 KYK  130.4100 30.3781 3.57 455.152 127.637  27.631
AMG  128.9210 27.8215 MNTN 130.8700 30.4624 3.50 348.761  99.589  32.472
OT17 128.4090 28.0396 NOMT 131.0600 30.7369 3.54 394.437 111.580  40.079
OT17 128.4090 28.0396 MNTN 130.8700 30.4624 3.51 359.609 102.570  41.103
OT16 127.9510 28.2012 GMZK 129.6510 28.4973 3.57 169.893  47.629  78.463
OT12 128.6050 29.2506 OT19 129.6600 29.2404 3.78 102.523  27.122  90.376
OT12 128.6050 29.2506 MNTN 130.8700 30.4624 3.59 256.771  71.624  57.902
OT11 128.6350 29.4318 MNTN 130.8700 30.4624 3.66 244.163  66.620  61.552
OT01 127.7730 28.6329 OT29 130.5910 28.3600 3.67 277.569  75.632  95.585
TKRS 129.2090 29.1442 OT31 129.6990 27.9990 3.65 135.673  37.130 159.194
OT26 130.4990 28.8494 OT23 130.8810 29.5506 3.50  86.151  24.622  25.467
OT04 128.2550 29.0525 OT29 130.5910 28.3600 3.62 240.876  66.632 108.019
OT06 128.3050 29.3225 MNTN 130.8700 30.4624 3.68 278.119  75.617  62.348
OT02 127.8730 28.7925 OT26 130.4990 28.8494 3.61 256.426  71.131  87.961
OT19 129.6600 29.2404 MNTN 130.8700 30.4624 3.54 178.952  50.623  40.509
