KGM  128.2150 26.7567 OT04 128.2550 29.0525 3.50 254.446  72.740   0.864
KGM  128.2150 26.7567 GMZK 129.6510 28.4973 3.36 239.356  71.258  35.983
GMZK 129.6510 28.4973 TAS  130.9090 31.1946 3.44 322.754  93.742  21.815
GMZK 129.6510 28.4973 KYK  130.4100 30.3781 3.47 221.081  63.749  19.258
OT07 128.4610 29.7510 OT30 130.3310 28.1010 3.34 258.218  77.241 134.635
AMG  128.9210 27.8215 KYK  130.4100 30.3781 3.49 318.263  91.245  26.728
OT04 128.2550 29.0525 OT26 130.4990 28.8494 3.35 219.937  65.751  95.333
OT04 128.2550 29.0525 KYK  130.4100 30.3781 3.46 255.097  73.749  54.303
OT14 128.4990 28.6807 KYK  130.4100 30.3781 3.51 264.016  75.240  44.087
OT02 127.8730 28.7925 OT28 130.2290 28.5500 3.40 231.858  68.254  96.093
KGM  128.2150 26.7567 OT29 130.5910 28.3600 3.14 294.320  93.762  52.328
OT34 129.4000 27.3185 OT27 130.2110 28.9197 3.05 194.496  63.707  23.981
OT02 127.8730 28.7925 OT27 130.2110 28.9197 3.45 228.598  66.241  85.903
KGM  128.2150 26.7567 OT24 130.8400 29.4501 3.24 394.467 121.749  40.225
OT28 130.2290 28.5500 NOMT 131.0600 30.7369 3.09 255.433  82.745  18.170
OT17 128.4090 28.0396 OT24 130.8400 29.4501 3.35 284.272  84.756  56.063
OT04 128.2550 29.0525 OT30 130.3310 28.1010 3.28 228.867  69.755 116.939
KGM  128.2150 26.7567 OT33 129.4500 27.5472 3.16 150.507  47.689  54.132
KGM  128.2150 26.7567 OT14 128.4990 28.6807 3.48 215.037  61.757   7.413
OT28 130.2290 28.5500 TAS  130.9090 31.1946 3.19 300.437  94.240  12.474
OT11 128.6350 29.4318 OT34 129.4000 27.3185 3.34 245.935  73.744 162.052
OT04 128.2550 29.0525 OT34 129.4000 27.3185 3.39 222.676  65.744 149.381
KGM  128.2150 26.7567 OT20 130.1540 29.2781 3.37 338.279 100.261  33.865
OT27 130.2110 28.9197 TAS  130.9090 31.1946 3.25 261.015  80.238  14.778
OT20 130.1540 29.2781 TAS  130.9090 31.1946 3.31 224.538  67.754  18.694
OT01 127.7730 28.6329 OT34 129.4000 27.3185 3.37 216.441  64.245 131.914
KYK  130.4100 30.3781 OT25 130.5810 28.9975 3.19 153.933  48.255 173.771
KGM  128.2150 26.7567 OT28 130.2290 28.5500 3.08 280.989  91.260  44.532
KGM  128.2150 26.7567 OT06 128.3050 29.3225 3.46 284.480  82.243   1.758
OT34 129.4000 27.3185 OT28 130.2290 28.5500 3.01 158.962  52.759  30.657
OT34 129.4000 27.3185 KYK  130.4100 30.3781 3.36 353.116 105.251  15.957
OT29 130.5910 28.3600 TAS  130.9090 31.1946 3.16 315.713  99.751   5.510
OT28 130.2290 28.5500 KYK  130.4100 30.3781 3.17 203.394  64.243   4.913
OT25 130.5810 28.9975 TAS  130.9090 31.1946 3.14 245.602  78.242   7.315
OT21 130.5800 29.4695 TAS  130.9090 31.1946 3.19 193.842  60.746   9.314
OT14 128.4990 28.6807 OT20 130.1540 29.2781 3.44 174.381  50.762  67.287
OT13 128.6020 29.0207 OT24 130.8400 29.4501 3.34 222.742  66.749  77.120
OT03 128.1910 28.8611 KGM  128.2150 26.7567 3.47 233.215  67.248 179.411
OT01 127.7730 28.6329 KGM  128.2150 26.7567 3.38 212.434  62.757 168.052
AMG  128.9210 27.8215 OT21 130.5800 29.4695 3.29 244.263  74.222  41.213
OT28 130.2290 28.5500 MNTN 130.8700 30.4624 3.08 220.913  71.748  16.199
OT27 130.2110 28.9197 KYK  130.4100 30.3781 3.31 162.802  49.244   6.745
OT24 130.8400 29.4501 TAS  130.9090 31.1946 3.13 193.506  61.744   1.951
OT20 130.1540 29.2781 NOMT 131.0600 30.7369 3.18 183.816  57.749  28.162
OT16 127.9510 28.2012 OT20 130.1540 29.2781 3.45 246.087  71.247  60.464
OT14 128.4990 28.6807 OT34 129.4000 27.3185 3.32 175.069  52.763 149.361
OT13 128.6020 29.0207 OT34 129.4000 27.3185 3.34 204.294  61.258 157.236
OT10 128.8440 29.6621 NOMT 131.0600 30.7369 3.36 244.431  72.747  60.276
OT06 128.3050 29.3225 TAS  130.9090 31.1946 3.43 325.370  94.750  49.725
KYK  130.4100 30.3781 OT29 130.5910 28.3600 3.26 224.384  68.745 175.451
KYK  130.4100 30.3781 OT23 130.8810 29.5506 3.22 102.390  31.752 153.505
KGM  128.2150 26.7567 OT34 129.4000 27.3185 3.15 133.056  42.253  61.839
KGM  128.2150 26.7567 OT30 130.3310 28.1010 3.18 256.800  80.755  54.065
KGM  128.2150 26.7567 OT21 130.5800 29.4695 3.33 379.947 114.235  37.154
KGM  128.2150 26.7567 OT07 128.4610 29.7510 3.47 332.717  95.746   4.103
GMZK 129.6510 28.4973 MNTN 130.8700 30.4624 3.32 247.821  74.690  28.193
OT33 129.4500 27.5472 KYK  130.4100 30.3781 3.37 327.410  97.241  16.374
OT31 129.6990 27.9990 KYK  130.4100 30.3781 3.34 272.614  81.743  14.525
OT11 128.6350 29.4318 OT29 130.5910 28.3600 3.29 224.778  68.259 121.429
OT07 128.4610 29.7510 OT33 129.4500 27.5472 3.40 262.679  77.259 158.169
OT02 127.8730 28.7925 OT19 129.6600 29.2404 3.46 181.072  52.257  73.658
KGM  128.2150 26.7567 TKRS 129.2090 29.1442 3.45 282.067  81.759  20.052
KGM  128.2150 26.7567 OT27 130.2110 28.9197 3.26 309.992  95.236  38.899
KGM  128.2150 26.7567 OT25 130.5810 28.9975 3.17 340.488 107.240  42.631
KGM  128.2150 26.7567 AMG  128.9210 27.8215 3.29 137.132  41.745  30.480
OT29 130.5910 28.3600 NOMT 131.0600 30.7369 3.08 267.360  86.749   9.670
OT17 128.4090 28.0396 OT27 130.2110 28.9197 3.40 201.591  59.257  60.639
OT11 128.6350 29.4318 OT27 130.2110 28.9197 3.39 163.481  48.253 109.932
OT07 128.4610 29.7510 OT28 130.2290 28.5500 3.36 217.460  64.759 127.312
OT06 128.3050 29.3225 OT30 130.3310 28.1010 3.27 239.806  73.246 123.882
OT02 127.8730 28.7925 KGM  128.2150 26.7567 3.42 228.114  66.720 171.404
OT01 127.7730 28.6329 OT33 129.4500 27.5472 3.39 204.049  60.245 125.736
OT01 127.7730 28.6329 OT24 130.8400 29.4501 3.37 312.143  92.762  72.396
AMG  128.9210 27.8215 NOMT 131.0600 30.7369 3.38 384.202 113.737  32.235
OT16 127.9510 28.2012 OT34 129.4000 27.3185 3.31 173.145  52.247 124.060
OT04 128.2550 29.0525 OT24 130.8400 29.4501 3.39 255.146  75.242  79.427
OT04 128.2550 29.0525 OT17 128.4090 28.0396 3.57 113.273  31.747 172.287
OKED 128.6160 27.3855 OT27 130.2110 28.9197 3.25 231.212  71.230  42.291
KYK  130.4100 30.3781 TAS  130.9090 31.1946 3.39 102.368  30.241  27.710
KGM  128.2150 26.7567 OT13 128.6020 29.0207 3.46 253.763  73.257   8.538
OT21 130.5800 29.4695 OT29 130.5910 28.3600 3.13 122.976  39.252 179.488
OT20 130.1540 29.2781 MNTN 130.8700 30.4624 3.17 148.379  46.748  27.606
OT20 130.1540 29.2781 KYK  130.4100 30.3781 3.34 124.410  37.249  11.386
OT16 127.9510 28.2012 TKRS 129.2090 29.1442 3.45 161.354  46.756  49.331
OT16 127.9510 28.2012 OT24 130.8400 29.4501 3.35 314.099  93.761  63.166
OT13 128.6020 29.0207 OT33 129.4500 27.5472 3.38 183.277  54.256 152.797
OT11 128.6350 29.4318 TAS  130.9090 31.1946 3.44 293.316  85.242  47.659
OT11 128.6350 29.4318 OT30 130.3310 28.1010 3.27 221.783  67.741 131.276
OT07 128.4610 29.7510 AMG  128.9210 27.8215 3.46 218.517  63.228 168.030
OT06 128.3050 29.3225 OT29 130.5910 28.3600 3.35 247.299  73.755 115.002
OT03 128.1910 28.8611 KYK  130.4100 30.3781 3.44 272.847  79.247  51.415
OT01 127.7730 28.6329 OT30 130.3310 28.1010 3.36 257.563  76.747 102.623
OT01 127.7730 28.6329 OT27 130.2110 28.9197 3.44 240.155  69.752  81.812
OT01 127.7730 28.6329 OT19 129.6600 29.2404 3.48 195.892  56.242  69.444
OT30 130.3310 28.1010 KYK  130.4100 30.3781 3.19 252.511  79.256   1.722
OT26 130.4990 28.8494 TAS  130.9090 31.1946 3.16 262.968  83.244   8.555
OT25 130.5810 28.9975 NOMT 131.0600 30.7369 3.06 198.290  64.758  13.376
OT16 127.9510 28.2012 KGM  128.2150 26.7567 3.43 162.181  47.256 170.678
OT13 128.6020 29.0207 KYK  130.4100 30.3781 3.48 230.762  66.254  48.864
OT07 128.4610 29.7510 OT27 130.2110 28.9197 3.44 193.305  56.226 118.039
OT06 128.3050 29.3225 OT28 130.2290 28.5500 3.34 206.164  61.744 114.072
OT06 128.3050 29.3225 GMZK 129.6510 28.4973 3.58 160.013  44.746 124.536
OT02 127.8730 28.7925 OT11 128.6350 29.4318 3.39 102.597  30.247  46.135
OT02 127.8730 28.7925 OT07 128.4610 29.7510 3.63 120.666  33.250  28.161
OT01 127.7730 28.6329 OT11 128.6350 29.4318 3.46 122.008  35.252  43.262
KGM  128.2150 26.7567 OT19 129.6600 29.2404 3.47 309.753  89.240  26.973
AMG  128.9210 27.8215 OT28 130.2290 28.5500 3.14 151.657  48.252  57.530
OT34 129.4000 27.3185 OT26 130.4990 28.8494 3.04 201.094  66.258  32.216
OT34 129.4000 27.3185 OT20 130.1540 29.2781 3.15 229.415  72.761  18.628
OT33 129.4500 27.5472 OT25 130.5810 28.9975 3.02 195.321  64.740  34.361
OT28 130.2290 28.5500 OT24 130.8400 29.4501 3.00 116.202  38.747  30.701
OT24 130.8400 29.4501 NOMT 131.0600 30.7369 3.05 144.219  47.254   8.401
OT23 130.8810 29.5506 NOMT 131.0600 30.7369 3.00 132.637  44.153   7.427
OT17 128.4090 28.0396 OT28 130.2290 28.5500 3.30 187.217  56.750  71.987
OT16 127.9510 28.2012 OT12 128.6050 29.2506 3.47 132.709  38.245  28.633
OT13 128.6020 29.0207 OT30 130.3310 28.1010 3.28 197.517  60.200 120.654
OT13 128.6020 29.0207 OT28 130.2290 28.5500 3.40 167.186  49.230 107.791
OT07 128.4610 29.7510 KYK  130.4100 30.3781 3.50 200.335  57.255  69.213
OT05 128.0760 29.0927 OT30 130.3310 28.1010 3.37 246.414  73.229 115.949
OT04 128.2550 29.0525 OT33 129.4500 27.5472 3.38 203.906  60.256 144.614
OT04 128.2550 29.0525 GMZK 129.6510 28.4973 3.54 149.628  42.256 113.948
OT03 128.1910 28.8611 OT33 129.4500 27.5472 3.37 190.989  56.758 139.377
OT03 128.1910 28.8611 AMG  128.9210 27.8215 3.50 135.641  38.755 147.975
OT02 127.8730 28.7925 OT33 129.4500 27.5472 3.39 207.473  61.256 131.322
OT02 127.8730 28.7925 OT24 130.8400 29.4501 3.36 297.867  88.757  75.121
OT01 127.7730 28.6329 OT07 128.4610 29.7510 3.59 140.844  39.254  28.204
OKED 128.6160 27.3855 TKRS 129.2090 29.1442 3.49 203.416  58.202  16.487
OKED 128.6160 27.3855 KYK  130.4100 30.3781 3.46 375.013 108.260  27.392
KGM  128.2150 26.7567 OT26 130.4990 28.8494 3.14 323.125 102.742  43.614
OT34 129.4000 27.3185 GMZK 129.6510 28.4973 3.22 132.946  41.249  10.650
OT33 129.4500 27.5472 OT23 130.8810 29.5506 3.04 262.504  86.237  31.904
OT19 129.6600 29.2404 TAS  130.9090 31.1946 3.45 247.779  71.758  28.729
OT19 129.6600 29.2404 NOMT 131.0600 30.7369 3.41 213.951  62.650  38.816
OT17 128.4090 28.0396 OT33 129.4500 27.5472 3.35 116.181  34.733 117.770
OT16 127.9510 28.2012 OT19 129.6600 29.2404 3.48 202.820  58.248  54.993
OT13 128.6020 29.0207 TAS  130.9090 31.1946 3.48 327.902  94.252  42.132
OT13 128.6020 29.0207 OT25 130.5810 28.9975 3.37 192.869  57.248  90.286
OT12 128.6050 29.2506 OT31 129.6990 27.9990 3.42 175.139  51.240 142.112
OT06 128.3050 29.3225 OT33 129.4500 27.5472 3.42 226.475  66.260 150.039
OT06 128.3050 29.3225 OT27 130.2110 28.9197 3.52 190.787  54.247 103.070
OT06 128.3050 29.3225 AMG  128.9210 27.8215 3.49 176.941  50.743 159.934
OT03 128.1910 28.8611 OT28 130.2290 28.5500 3.41 202.054  59.253  99.337
OT02 127.8730 28.7925 OT20 130.1540 29.2781 3.40 228.681  67.259  75.838
OT01 127.7730 28.6329 OKED 128.6160 27.3855 3.48 161.174  46.248 148.862
OKED 128.6160 27.3855 OT20 130.1540 29.2781 3.39 258.373  76.239  35.368
GMZK 129.6510 28.4973 OT21 130.5800 29.4695 3.18 140.725  44.253  39.807
OT34 129.4000 27.3185 OT24 130.8400 29.4501 3.10 275.162  88.762  30.513
OT33 129.4500 27.5472 OT24 130.8400 29.4501 3.09 250.990  81.253  32.508
OT30 130.3310 28.1010 OT24 130.8400 29.4501 3.08 157.574  51.244  18.273
OT19 129.6600 29.2404 OT30 130.3310 28.1010 3.22 142.296  44.246 152.393
OT19 129.6600 29.2404 KYK  130.4100 30.3781 3.53 145.463  41.254  29.707
OT17 128.4090 28.0396 OT34 129.4000 27.3185 3.30 126.280  38.255 129.026
OT16 127.9510 28.2012 TAS  130.9090 31.1946 3.44 438.193 127.234  40.067
OT16 127.9510 28.2012 OT33 129.4500 27.5472 3.34 164.437  49.247 115.801
OT16 127.9510 28.2012 OT30 130.3310 28.1010 3.40 234.014  68.747  92.161
OT16 127.9510 28.2012 OT11 128.6350 29.4318 3.51 151.842  43.249  25.910
OT12 128.6050 29.2506 OT34 129.4000 27.3185 3.36 227.887  67.743 159.796
OT11 128.6350 29.4318 OT33 129.4500 27.5472 3.40 223.596  65.744 158.891
OT07 128.4610 29.7510 OT24 130.8400 29.4501 3.39 232.842  68.746  97.650
OT07 128.4610 29.7510 OT21 130.5800 29.4695 3.42 207.595  60.754  98.123
OT07 128.4610 29.7510 OT14 128.4990 28.6807 3.46 118.689  34.254 178.216
OT06 128.3050 29.3225 OT34 129.4000 27.3185 3.41 246.705  72.242 153.927
OT06 128.3050 29.3225 OT17 128.4090 28.0396 3.46 142.549  41.247 175.878
OT05 128.0760 29.0927 OT33 129.4500 27.5472 3.39 217.920  64.245 141.483
OT05 128.0760 29.0927 OT27 130.2110 28.9197 3.53 208.880  59.257  94.751
OT05 128.0760 29.0927 KGM  128.2150 26.7567 3.47 259.234  74.750 176.940
OT04 128.2550 29.0525 OT31 129.6990 27.9990 3.48 183.333  52.727 129.212
OT04 128.2550 29.0525 OT28 130.2290 28.5500 3.41 200.595  58.757 105.645
OT03 128.1910 28.8611 OT34 129.4000 27.3185 3.37 208.204  61.745 144.907
OT03 128.1910 28.8611 OT24 130.8400 29.4501 3.36 265.862  79.244  75.146
OT02 127.8730 28.7925 OT31 129.6990 27.9990 3.42 199.404  58.254 115.734
OT02 127.8730 28.7925 OT25 130.5810 28.9975 3.41 265.169  77.739  84.435
OT02 127.8730 28.7925 GMZK 129.6510 28.4973 3.56 176.966  49.751 100.229
OT01 127.7730 28.6329 MNTN 130.8700 30.4624 3.47 362.224 104.237  55.206
OT01 127.7730 28.6329 KYK  130.4100 30.3781 3.49 320.577  91.751  52.246
OKED 128.6160 27.3855 OT31 129.6990 27.9990 3.23 126.633  39.254  57.278
KYK  130.4100 30.3781 OT26 130.4990 28.8494 3.19 169.670  53.188 177.063
KYK  130.4100 30.3781 OT24 130.8400 29.4501 3.19 110.945  34.746 157.897
GMZK 129.6510 28.4973 OT24 130.8400 29.4501 3.18 156.767  49.251  47.366
AMG  128.9210 27.8215 OT27 130.2110 28.9197 3.30 175.488  53.243  45.785
AMG  128.9210 27.8215 OT24 130.8400 29.4501 3.31 260.348  78.750  45.656
OT34 129.4000 27.3185 OT30 130.3310 28.1010 3.18 126.256  39.753  46.409
OT33 129.4500 27.5472 OT28 130.2290 28.5500 2.95 134.943  45.743  34.379
OT33 129.4500 27.5472 OT21 130.5800 29.4695 3.07 240.053  78.244  27.176
OT31 129.6990 27.9990 OT25 130.5810 28.9975 2.97 140.395  47.255  37.773
OT31 129.6990 27.9990 OT23 130.8810 29.5506 2.97 207.128  69.740  33.596
OT31 129.6990 27.9990 OT21 130.5800 29.4695 3.11 184.322  59.229  27.638
OT27 130.2110 28.9197 OT30 130.3310 28.1010 3.09  91.492  29.657 172.595
OT24 130.8400 29.4501 MNTN 130.8700 30.4624 3.10 112.248  36.244   1.475
OT21 130.5800 29.4695 MNTN 130.8700 30.4624 3.09 113.566  36.753  14.201
OT19 129.6600 29.2404 OT31 129.6990 27.9990 3.26 137.637  42.246 178.411
OT16 127.9510 28.2012 OT26 130.4990 28.8494 3.25 259.515  79.753  73.327
OT16 127.9510 28.2012 OT07 128.4610 29.7510 3.49 178.822  51.230  16.019
OT14 128.4990 28.6807 OKED 128.6160 27.3855 3.45 143.997  41.750 175.404
OT13 128.6020 29.0207 AMG  128.9210 27.8215 3.52 136.538  38.745 166.676
OT11 128.6350 29.4318 OT21 130.5800 29.4695 3.39 188.764  55.748  88.256
OT11 128.6350 29.4318 NOMT 131.0600 30.7369 3.40 274.941  80.746  57.651
OT11 128.6350 29.4318 GMZK 129.6510 28.4973 3.56 143.336  40.252 136.024
OT05 128.0760 29.0927 NOMT 131.0600 30.7369 3.40 340.942 100.218  56.952
OT04 128.2550 29.0525 OT21 130.5800 29.4695 3.36 230.696  68.741  77.879
OT04 128.2550 29.0525 AMG  128.9210 27.8215 3.50 151.250  43.227 154.265
OT03 128.1910 28.8611 TAS  130.9090 31.1946 3.47 368.285 106.256  44.717
OT02 127.8730 28.7925 OT34 129.4000 27.3185 3.38 221.909  65.751 137.039
OT02 127.8730 28.7925 OT30 130.3310 28.1010 3.36 252.703  75.254 107.068
OT01 127.7730 28.6329 TKRS 129.2090 29.1442 3.45 151.073  43.726  67.624
OKED 128.6160 27.3855 OT24 130.8400 29.4501 3.25 315.990  97.198  43.085
KGM  128.2150 26.7567 OT31 129.6990 27.9990 3.21 201.206  62.759  46.494
KGM  128.2150 26.7567 OT17 128.4090 28.0396 3.48 143.447  41.247   7.643
AMG  128.9210 27.8215 TKRS 129.2090 29.1442 3.53 149.277  42.252  10.808
OT34 129.4000 27.3185 OT19 129.6600 29.2404 3.34 214.509  64.243   6.755
OT27 130.2110 28.9197 MNTN 130.8700 30.4624 3.13 182.516  58.256  20.301
OT17 128.4090 28.0396 OT31 129.6990 27.9990 3.45 126.895  36.749  91.730
OT17 128.4090 28.0396 OT19 129.6600 29.2404 3.56 180.734  50.754  42.282
OT17 128.4090 28.0396 OT13 128.6020 29.0207 3.48 110.356  31.748   9.790
OT16 127.9510 28.2012 OT27 130.2110 28.9197 3.39 235.014  69.244  69.660
OT16 127.9510 28.2012 KYK  130.4100 30.3781 3.51 339.529  96.759  44.123
OT14 128.4990 28.6807 TAS  130.9090 31.1946 3.48 363.023 104.257  39.271
OT14 128.4990 28.6807 OT21 130.5800 29.4695 3.33 220.685  66.212  66.161
OT13 128.6020 29.0207 OKED 128.6160 27.3855 3.44 181.228  52.744 179.567
OT06 128.3050 29.3225 OT21 130.5800 29.4695 3.42 221.431  64.746  85.225
OT05 128.0760 29.0927 OT31 129.6990 27.9990 3.46 199.764  57.752 126.968
OT05 128.0760 29.0927 GMZK 129.6510 28.4973 3.51 167.349  47.719 112.845
OT03 128.1910 28.8611 OT17 128.4090 28.0396 3.65  93.517  25.642 166.742
OT01 127.7730 28.6329 OT17 128.4090 28.0396 3.39  90.630  26.750 136.360
OKED 128.6160 27.3855 OT26 130.4990 28.8494 3.14 246.082  78.245  48.319
OKED 128.6160 27.3855 OT25 130.5810 28.9975 3.16 262.978  83.247  46.752
OT20 130.1540 29.2781 OT30 130.3310 28.1010 3.08 131.596  42.754 172.422
OT17 128.4090 28.0396 TKRS 129.2090 29.1442 3.52 145.276  41.248  32.385
OT17 128.4090 28.0396 OT25 130.5810 28.9975 3.31 237.636  71.750  62.953
OT17 128.4090 28.0396 OT07 128.4610 29.7510 3.57 189.750  53.181   1.519
OT16 127.9510 28.2012 MNTN 130.8700 30.4624 3.48 378.385 108.731  47.820
OT14 128.4990 28.6807 OT31 129.6990 27.9990 3.43 139.803  40.747 122.426
OT14 128.4990 28.6807 NOMT 131.0600 30.7369 3.43 336.684  98.245  46.770
OT13 128.6020 29.0207 OT21 130.5800 29.4695 3.33 198.634  59.686  75.018
OT12 128.6050 29.2506 KYK  130.4100 30.3781 3.45 214.582  62.252  53.935
OT11 128.6350 29.4318 OT25 130.5810 28.9975 3.38 195.285  57.742 103.796
OT07 128.4610 29.7510 TAS  130.9090 31.1946 3.44 284.364  82.760  55.140
OT05 128.0760 29.0927 TAS  130.9090 31.1946 3.44 358.859 104.259  48.814
OT05 128.0760 29.0927 KYK  130.4100 30.3781 3.43 266.957  77.739  57.172
OT03 128.1910 28.8611 OT27 130.2110 28.9197 3.44 197.120  57.252  87.627
OT02 127.8730 28.7925 TAS  130.9090 31.1946 3.43 395.898 115.254  46.991
OT02 127.8730 28.7925 OT21 130.5800 29.4695 3.35 273.961  81.755  73.451
OT02 127.8730 28.7925 OT17 128.4090 28.0396 3.43  98.630  28.747 147.652
OT01 127.7730 28.6329 TAS  130.9090 31.1946 3.44 415.117 120.744  46.074
OT01 127.7730 28.6329 OT25 130.5810 28.9975 3.35 277.060  82.754  80.942
OKED 128.6160 27.3855 OT21 130.5800 29.4695 3.30 300.631  91.211  39.343
OKED 128.6160 27.3855 OT19 129.6600 29.2404 3.47 229.670  66.206  26.238
KGM  128.2150 26.7567 OT11 128.6350 29.4318 3.51 299.312  85.250   7.821
OT34 129.4000 27.3185 OT25 130.5810 28.9975 3.06 219.251  71.744  31.660
OT34 129.4000 27.3185 OT23 130.8810 29.5506 3.06 286.760  93.743  30.039
OT33 129.4500 27.5472 OT26 130.4990 28.8494 2.99 177.287  59.254  35.266
OT33 129.4500 27.5472 OT19 129.6600 29.2404 3.36 188.775  56.250   6.206
OT27 130.2110 28.9197 NOMT 131.0600 30.7369 3.16 217.517  68.726  21.960
OT25 130.5810 28.9975 MNTN 130.8700 30.4624 3.09 164.766  53.253   9.699
OT23 130.8810 29.5506 TAS  130.9090 31.1946 3.13 182.272  58.234   0.842
OT19 129.6600 29.2404 OT29 130.5910 28.3600 3.19 133.375  41.745 136.796
OT19 129.6600 29.2404 OT28 130.2290 28.5500 3.23  94.510  29.251 143.925
OT19 129.6600 29.2404 OT23 130.8810 29.5506 3.31 123.421  37.254  73.527
OT17 128.4090 28.0396 OT20 130.1540 29.2781 3.46 218.956  63.246  50.766
OT17 128.4090 28.0396 OT12 128.6050 29.2506 3.50 135.578  38.748   8.083
OT16 127.9510 28.2012 OT21 130.5800 29.4695 3.37 292.543  86.705  60.657
OT16 127.9510 28.2012 NOMT 131.0600 30.7369 3.46 412.195 119.235  46.262
OT14 128.4990 28.6807 GMZK 129.6510 28.4973 3.50 114.541  32.754  99.948
OT13 128.6020 29.0207 OT20 130.1540 29.2781 3.51 153.726  43.747  78.929
OT13 128.6020 29.0207 GMZK 129.6510 28.4973 3.54 117.778  33.252 119.256
OT07 128.4610 29.7510 OT34 129.4000 27.3185 3.36 284.826  84.744 160.947
OT05 128.0760 29.0927 OKED 128.6160 27.3855 3.46 196.472  56.751 164.237
OT03 128.1910 28.8611 OT19 129.6600 29.2404 3.57 149.098  41.752  73.269
OT02 127.8730 28.7925 TKRS 129.2090 29.1442 3.46 135.955  39.248  73.016
OKED 128.6160 27.3855 OT11 128.6350 29.4318 3.51 226.797  64.670   0.470
TKRS 129.2090 29.1442 NOMT 131.0600 30.7369 3.43 251.221  73.242  44.895
OT28 130.2290 28.5500 OT30 130.3310 28.1010 3.03  50.762  16.747 168.578
OT28 130.2290 28.5500 OT26 130.4990 28.8494 2.98  42.412  14.251  38.455
OT27 130.2110 28.9197 OT24 130.8400 29.4501 3.02  84.861  28.063  45.999
OT16 127.9510 28.2012 OT06 128.3050 29.3225 3.61 128.992  35.752  15.457
OT14 128.4990 28.6807 OT33 129.4500 27.5472 3.35 156.559  46.678 143.131
OT14 128.4990 28.6807 OT27 130.2110 28.9197 3.33 169.210  50.753  80.584
OT14 128.4990 28.6807 OT25 130.5810 28.9975 3.31 206.210  62.243  79.698
OT14 128.4990 28.6807 MNTN 130.8700 30.4624 3.45 302.957  87.737  48.743
OT14 128.4990 28.6807 AMG  128.9210 27.8215 3.45 103.843  30.108 156.388
OT12 128.6050 29.2506 GMZK 129.6510 28.4973 3.49 131.851  37.747 129.037
OT07 128.4610 29.7510 OT13 128.6020 29.0207 3.61  82.091  22.752 170.395
OT06 128.3050 29.3225 OT20 130.1540 29.2781 3.54 179.737  50.744  91.119
OT05 128.0760 29.0927 OT34 129.4000 27.3185 3.38 235.714  69.759 146.212
OT05 128.0760 29.0927 OT11 128.6350 29.4318 3.52  66.040  18.751  55.174
OT04 128.2550 29.0525 OT23 130.8810 29.5506 3.34 261.075  78.260  77.154
OT03 128.1910 28.8611 OT21 130.5800 29.4695 3.35 241.991  72.258  73.243
OT03 128.1910 28.8611 OKED 128.6160 27.3855 3.50 168.768  48.247 165.591
OT01 127.7730 28.6329 OT05 128.0760 29.0927 3.52  58.915  16.752  30.046
OT01 127.7730 28.6329 NOMT 131.0600 30.7369 3.44 394.441 114.696  52.955
OKED 128.6160 27.3855 OT28 130.2290 28.5500 3.21 204.546  63.702  50.509
MNTN 130.8700 30.4624 OT23 130.8810 29.5506 3.09 101.076  32.753 179.401
KGM  128.2150 26.7567 OT23 130.8810 29.5506 3.28 405.470 123.732  39.603
KGM  128.2150 26.7567 OKED 128.6160 27.3855 3.38  80.197  23.748  29.598
TKRS 129.2090 29.1442 KYK  130.4100 30.3781 3.57 179.439  50.249  40.045
OT31 129.6990 27.9990 OT26 130.4990 28.8494 2.94 122.591  41.754  39.566
OT26 130.4990 28.8494 NOMT 131.0600 30.7369 3.03 216.152  71.243  14.400
OT19 129.6600 29.2404 OT21 130.5800 29.4695 3.35  92.893  27.746  73.911
OT17 128.4090 28.0396 OT21 130.5800 29.4695 3.40 264.700  77.761  52.709
OT16 127.9510 28.2012 OT31 129.6990 27.9990 3.52 173.193  49.245  97.024
OT16 127.9510 28.2012 OKED 128.6160 27.3855 3.46 111.626  32.253 143.923
OT14 128.4990 28.6807 OT24 130.8400 29.4501 3.32 243.392  73.245  68.927
OT14 128.4990 28.6807 OT23 130.8810 29.5506 3.32 251.092  75.744  66.846
OT13 128.6020 29.0207 OT29 130.5910 28.3600 3.34 207.759  62.259 110.160
OT12 128.6050 29.2506 TAS  130.9090 31.1946 3.46 309.234  89.245  45.253
OT12 128.6050 29.2506 OT24 130.8400 29.4501 3.37 218.139  64.749  83.638
OT12 128.6050 29.2506 OT21 130.5800 29.4695 3.38 193.280  57.217  82.308
OT11 128.6350 29.4318 OT28 130.2290 28.5500 3.32 183.501  55.255 121.795
OT11 128.6350 29.4318 KYK  130.4100 30.3781 3.39 200.969  59.248  58.099
OT07 128.4610 29.7510 OT29 130.5910 28.3600 3.28 258.452  78.748 126.101
OT02 127.8730 28.7925 OT29 130.5910 28.3600 3.31 270.269  81.751  99.566
OT02 127.8730 28.7925 OT14 128.4990 28.6807 3.96  62.442  15.748 101.296
OT02 127.8730 28.7925 OT04 128.2550 29.0525 3.43  47.103  13.749  52.189
OT02 127.8730 28.7925 OKED 128.6160 27.3855 3.46 172.186  49.750 154.727
OT02 127.8730 28.7925 AMG  128.9210 27.8215 3.53 148.859  42.134 136.047
OT01 127.7730 28.6329 OT20 130.1540 29.2781 3.41 242.882  71.247  72.306
OT01 127.7730 28.6329 OT14 128.4990 28.6807 3.51  71.161  20.251  85.558
OT01 127.7730 28.6329 OT13 128.6020 29.0207 3.36  91.592  27.252  61.815
OT01 127.7730 28.6329 OT12 128.6050 29.2506 3.40 106.159  31.251  49.642
GMZK 129.6510 28.4973 NOMT 131.0600 30.7369 3.17 283.274  89.248  28.450
OT31 129.6990 27.9990 OT29 130.5910 28.3600 3.09  96.350  31.191  65.257
OT31 129.6990 27.9990 OT24 130.8400 29.4501 3.03 195.700  64.694  34.464
OT31 129.6990 27.9990 OT20 130.1540 29.2781 3.18 148.597  46.743  17.336
OT30 130.3310 28.1010 TAS  130.9090 31.1946 3.17 347.456 109.746   9.133
OT28 130.2290 28.5500 OT25 130.5810 28.9975 2.91  60.377  20.748  34.685
OT27 130.2110 28.9197 OT28 130.2290 28.5500 2.98  41.011  13.748 177.579
OT20 130.1540 29.2781 OT29 130.5910 28.3600 3.09 110.334  35.753 157.152
OT20 130.1540 29.2781 OT28 130.2290 28.5500 3.09  81.023  26.247 174.852
OT19 129.6600 29.2404 OT24 130.8400 29.4501 3.32 116.945  35.246  78.249
OT16 127.9510 28.2012 OT13 128.6020 29.0207 3.49 110.901  31.747  34.864
OT16 127.9510 28.2012 OT05 128.0760 29.0927 3.40  99.558  29.247   7.021
OT16 127.9510 28.2012 OT04 128.2550 29.0525 3.56  98.907  27.752  17.389
OT12 128.6050 29.2506 OT33 129.4500 27.5472 3.39 206.131  60.716 156.122
OT06 128.3050 29.3225 OT31 129.6990 27.9990 3.41 200.191  58.741 136.779
OT05 128.0760 29.0927 OT24 130.8400 29.4501 3.40 271.513  79.740  80.940
OT04 128.2550 29.0525 OT27 130.2110 28.9197 3.53 191.211  54.213  93.943
OT04 128.2550 29.0525 OT07 128.4610 29.7510 3.60  79.978  22.247  14.470
OT03 128.1910 28.8611 OT31 129.6990 27.9990 3.47 175.905  50.752 122.539
OT03 128.1910 28.8611 OT25 130.5810 28.9975 3.37 233.534  69.243  85.714
OT03 128.1910 28.8611 OT20 130.1540 29.2781 3.41 196.671  57.743  75.935
OT03 128.1910 28.8611 OT07 128.4610 29.7510 3.55 102.068  28.752  14.832
OT02 127.8730 28.7925 MNTN 130.8700 30.4624 3.45 344.275  99.732  56.749
OT01 127.7730 28.6329 OT31 129.6990 27.9990 3.46 201.491  58.251 109.949
OT01 127.7730 28.6329 OT06 128.3050 29.3225 3.59  92.353  25.747  34.019
KYK  130.4100 30.3781 OT21 130.5800 29.4695 3.21 102.053  31.764 170.685
AMG  128.9210 27.8215 TAS  130.9090 31.1946 3.47 420.630 121.254  26.792
AMG  128.9210 27.8215 OT25 130.5810 28.9975 3.17 208.434  65.752  50.907
TKRS 129.2090 29.1442 TAS  130.9090 31.1946 3.51 280.149  79.746  35.354
TKRS 129.2090 29.1442 OT34 129.4000 27.3185 3.35 203.205  60.749 174.644
TKRS 129.2090 29.1442 OT24 130.8400 29.4501 3.33 162.080  48.746  77.530
OT34 129.4000 27.3185 OT29 130.5910 28.3600 3.21 164.568  51.251  45.192
OT33 129.4500 27.5472 OT27 130.2110 28.9197 3.07 169.449  55.249  25.972
OT30 130.3310 28.1010 OT21 130.5800 29.4695 3.09 153.614  49.745   9.055
OT29 130.5910 28.3600 OT24 130.8400 29.4501 3.40 123.233  36.245  11.296
OT28 130.2290 28.5500 OT21 130.5800 29.4695 2.97 107.514  36.249  18.490
OT17 128.4090 28.0396 TAS  130.9090 31.1946 3.49 425.328 121.766  34.090
OT17 128.4090 28.0396 OT11 128.6350 29.4318 3.52 155.866  44.255   8.075
OT16 127.9510 28.2012 OT29 130.5910 28.3600 3.36 259.612  77.242  85.492
OT16 127.9510 28.2012 OT25 130.5810 28.9975 3.33 271.965  81.745  70.442
OT14 128.4990 28.6807 TKRS 129.2090 29.1442 3.42  86.201  25.212  53.247
OT13 128.6020 29.0207 OT19 129.6600 29.2404 3.56 105.811  29.749  76.439
OT13 128.6020 29.0207 NOMT 131.0600 30.7369 3.45 304.269  88.219  50.698
OT12 128.6050 29.2506 OKED 128.6160 27.3855 3.49 206.707  59.177 179.716
OT12 128.6050 29.2506 NOMT 131.0600 30.7369 3.41 288.524  84.711  54.572
OT12 128.6050 29.2506 AMG  128.9210 27.8215 3.49 161.375  46.253 168.881
OT07 128.4610 29.7510 NOMT 131.0600 30.7369 3.36 272.968  81.240  65.750
OT06 128.3050 29.3225 OT23 130.8810 29.5506 3.38 251.221  74.260  83.595
OT05 128.0760 29.0927 OT29 130.5910 28.3600 3.33 258.785  77.760 107.683
OT05 128.0760 29.0927 OT28 130.2290 28.5500 3.48 218.534  62.743 105.458
OT05 128.0760 29.0927 OT17 128.4090 28.0396 3.59 121.179  33.755 164.318
OT04 128.2550 29.0525 TAS  130.9090 31.1946 3.45 349.015 101.252  46.475
OT04 128.2550 29.0525 NOMT 131.0600 30.7369 3.42 329.059  96.244  54.741
OT02 127.8730 28.7925 OT16 127.9510 28.2012 3.52  65.983  18.750 173.283
OT01 127.7730 28.6329 OT21 130.5800 29.4695 3.37 288.664  85.708  70.589
OKED 128.6160 27.3855 GMZK 129.6510 28.4973 3.42 159.905  46.756  39.360
KGM  128.2150 26.7567 OT12 128.6050 29.2506 3.50 279.024  79.767   7.813
GMZK 129.6510 28.4973 OT25 130.5810 28.9975 3.02 106.408  35.246  58.378
TKRS 129.2090 29.1442 OT21 130.5800 29.4695 3.27 138.014  42.245  74.524
OT33 129.4500 27.5472 OT30 130.3310 28.1010 3.15 106.293  33.755  54.530
OT31 129.6990 27.9990 OT30 130.3310 28.1010 3.29  63.174  19.202  79.545
OT30 130.3310 28.1010 OT23 130.8810 29.5506 3.04 169.400  55.742  18.351
OT27 130.2110 28.9197 OT25 130.5810 28.9975 3.16  37.112  11.752  76.476
OT21 130.5800 29.4695 OT25 130.5810 28.9975 3.03  52.317  17.249 179.883
OT21 130.5800 29.4695 NOMT 131.0600 30.7369 3.11 147.921  47.624  18.107
OT17 128.4090 28.0396 OT30 130.3310 28.1010 3.27 189.020  57.751  87.487
OT17 128.4090 28.0396 OT29 130.5910 28.3600 3.33 217.158  65.252  80.078
OT16 127.9510 28.2012 AMG  128.9210 27.8215 3.57 104.273  29.249 113.573
OT14 128.4990 28.6807 OT30 130.3310 28.1010 3.25 190.681  58.707 109.255
OT14 128.4990 28.6807 OT26 130.4990 28.8494 3.26 196.198  60.257  84.053
OT14 128.4990 28.6807 OT19 129.6600 29.2404 3.42 129.048  37.755  60.990
OT12 128.6050 29.2506 OT30 130.3310 28.1010 3.26 211.373  64.759 126.653
OT12 128.6050 29.2506 OT28 130.2290 28.5500 3.32 176.339  53.178 115.734
OT11 128.6350 29.4318 OT31 129.6990 27.9990 3.43 189.793  55.253 146.536
OT11 128.6350 29.4318 OT26 130.4990 28.8494 3.28 192.530  58.680 109.136
OT11 128.6350 29.4318 AMG  128.9210 27.8215 3.46 180.655  52.243 171.015
OT07 128.4610 29.7510 OT31 129.6990 27.9990 3.48 228.646  65.741 147.831
OT07 128.4610 29.7510 OT25 130.5810 28.9975 3.33 222.117  66.742 111.567
OT07 128.4610 29.7510 OT19 129.6600 29.2404 3.52 129.284  36.749 115.667
OT03 128.1910 28.8611 MNTN 130.8700 30.4624 3.46 314.269  90.751  54.961
OT03 128.1910 28.8611 GMZK 129.6510 28.4973 3.51 148.307  42.205 105.427
OT01 127.7730 28.6329 OT28 130.2290 28.5500 3.35 240.368  71.752  91.606
OT01 127.7730 28.6329 OT04 128.2550 29.0525 3.35  66.111  19.752  45.180
GMZK 129.6510 28.4973 OT26 130.4990 28.8494 3.03  91.576  30.253  64.575
AMG  128.9210 27.8215 OT30 130.3310 28.1010 3.18 142.131  44.752  77.084
TKRS 129.2090 29.1442 OT33 129.4500 27.5472 3.38 178.564  52.752 172.332
TKRS 129.2090 29.1442 OT28 130.2290 28.5500 3.34 119.334  35.750 123.251
TAS  130.9090 31.1946 NOMT 131.0600 30.7369 3.15  52.749  16.751 164.101
OT34 129.4000 27.3185 OT31 129.6990 27.9990 3.08  80.950  26.248  21.253
OT34 129.4000 27.3185 OT21 130.5800 29.4695 3.04 264.938  87.237  25.596
OT33 129.4500 27.5472 OT29 130.5910 28.3600 3.16 143.965  45.515  51.005
OT31 129.6990 27.9990 OT28 130.2290 28.5500 2.89  80.197  27.750  40.286
OT17 128.4090 28.0396 OT23 130.8810 29.5506 3.35 293.732  87.760  54.655
OT17 128.4090 28.0396 GMZK 129.6510 28.4973 3.50 132.007  37.749  67.112
OT14 128.4990 28.6807 OT11 128.6350 29.4318 3.48  84.294  24.250   8.994
OT13 128.6020 29.0207 OT31 129.6990 27.9990 3.45 156.051  45.255 136.257
OT11 128.6350 29.4318 OT19 129.6600 29.2404 3.67 101.795  27.752 101.779
OT06 128.3050 29.3225 KYK  130.4100 30.3781 3.44 234.640  68.249  59.569
OT05 128.0760 29.0927 TKRS 129.2090 29.1442 3.71 110.390  29.747  86.761
OT01 127.7730 28.6329 OT16 127.9510 28.2012 3.45  50.924  14.752 159.929
GMZK 129.6510 28.4973 OT19 129.6600 29.2404 3.47  82.367  23.750   0.580
TKRS 129.2090 29.1442 MNTN 130.8700 30.4624 3.46 217.128  62.754  47.299
OT33 129.4500 27.5472 GMZK 129.6510 28.4973 3.22 107.134  33.251  10.603
OT30 130.3310 28.1010 OT26 130.4990 28.8494 2.94  84.559  28.752  11.179
OT27 130.2110 28.9197 OT29 130.5910 28.3600 3.05  72.328  23.753 148.962
OT27 130.2110 28.9197 OT23 130.8810 29.5506 3.07  95.578  31.133  42.814
OT26 130.4990 28.8494 OT24 130.8400 29.4501 3.01  74.398  24.750  26.419
OT20 130.1540 29.2781 OT26 130.4990 28.8494 3.02  58.170  19.249 144.687
OT17 128.4090 28.0396 OT14 128.4990 28.6807 3.54  71.594  20.253   7.042
OT16 127.9510 28.2012 OT28 130.2290 28.5500 3.32 226.556  68.240  79.639
OT16 127.9510 28.2012 OT14 128.4990 28.6807 3.39  75.529  22.247  45.155
OT11 128.6350 29.4318 OT20 130.1540 29.2781 3.56 148.530  41.745  96.215
OT06 128.3050 29.3225 OT19 129.6600 29.2404 3.59 131.975  36.752  93.624
OT05 128.0760 29.0927 OT23 130.8810 29.5506 3.33 277.145  83.252  78.767
OT05 128.0760 29.0927 OT21 130.5800 29.4695 3.42 246.878  72.208  79.653
OT03 128.1910 28.8611 OT29 130.5910 28.3600 3.23 241.221  74.751 102.737
OT03 128.1910 28.8611 NOMT 131.0600 30.7369 3.46 346.637 100.242  52.440
OKED 128.6160 27.3855 OT30 130.3310 28.1010 3.23 186.778  57.754  64.484
GMZK 129.6510 28.4973 OT28 130.2290 28.5500 3.03  56.806  18.748  83.960
TKRS 129.2090 29.1442 OT30 130.3310 28.1010 3.24 159.400  49.243 136.228
OT33 129.4500 27.5472 OT20 130.1540 29.2781 3.25 203.864  62.747  19.621
OT31 129.6990 27.9990 OT27 130.2110 28.9197 3.01 113.703  37.750  26.059
OT30 130.3310 28.1010 OT25 130.5810 28.9975 3.03 102.333  33.751  13.790
OT26 130.4990 28.8494 OT21 130.5800 29.4695 3.05  69.184  22.698   6.538
OT26 130.4990 28.8494 MNTN 130.8700 30.4624 3.05 182.369  59.754  11.277
OT20 130.1540 29.2781 OT24 130.8400 29.4501 3.27  69.263  21.175  73.856
OT19 129.6600 29.2404 OT26 130.4990 28.8494 3.16  92.495  29.252 117.736
OT16 127.9510 28.2012 OT23 130.8810 29.5506 3.35 322.582  96.236  61.682
OT16 127.9510 28.2012 OT03 128.1910 28.8611 3.70  76.815  20.750  17.749
OT14 128.4990 28.6807 OT28 130.2290 28.5500 3.32 169.769  51.151  94.482
OT12 128.6050 29.2506 OT29 130.5910 28.3600 3.28 217.552  66.246 116.503
OT12 128.6050 29.2506 OT25 130.5810 28.9975 3.39 194.333  57.258  97.821
OT07 128.4610 29.7510 OT26 130.4990 28.8494 3.35 221.762  66.257 116.285
OT07 128.4610 29.7510 OT23 130.8810 29.5506 3.42 235.346  68.754  94.820
OT06 128.3050 29.3225 OT24 130.8400 29.4501 3.41 246.495  72.244  86.092
OT06 128.3050 29.3225 OT14 128.4990 28.6807 3.55  73.603  20.751 165.072
OT06 128.3050 29.3225 NOMT 131.0600 30.7369 3.42 308.541  90.217  58.779
OT05 128.0760 29.0927 OT26 130.4990 28.8494 3.46 237.671  68.751  95.930
OT03 128.1910 28.8611 OT30 130.3310 28.1010 3.33 225.828  67.736 111.392
OT03 128.1910 28.8611 OT11 128.6350 29.4318 3.63  76.585  21.115  34.207
OT02 127.8730 28.7925 OT13 128.6020 29.0207 3.47  75.489  21.749  70.250
OT02 127.8730 28.7925 OT06 128.3050 29.3225 3.49  72.283  20.688  35.536
OT02 127.8730 28.7925 NOMT 131.0600 30.7369 3.43 376.127 109.754  54.261
OT02 127.8730 28.7925 KYK  130.4100 30.3781 3.44 302.178  87.740  53.819
OT01 127.7730 28.6329 GMZK 129.6510 28.4973 3.57 184.386  51.707  94.228
MNTN 130.8700 30.4624 TAS  130.9090 31.1946 3.22  81.267  25.246   2.623
KYK  130.4100 30.3781 NOMT 131.0600 30.7369 3.12  73.995  23.747  57.314
AMG  128.9210 27.8215 OT19 129.6600 29.2404 3.48 173.082  49.751  24.518
OT13 128.6020 29.0207 OT27 130.2110 28.9197 3.47 157.232  45.247  93.695
OT13 128.6020 29.0207 OT23 130.8810 29.5506 3.33 229.130  68.746  74.595
OT11 128.6350 29.4318 OT23 130.8810 29.5506 3.34 218.228  65.261  85.991
OT07 128.4610 29.7510 GMZK 129.6510 28.4973 3.46 180.898  52.252 139.898
OT05 128.0760 29.0927 OT25 130.5810 28.9975 3.43 244.212  71.240  91.871
OT05 128.0760 29.0927 OT20 130.1540 29.2781 3.49 203.175  58.216  83.692
OT05 128.0760 29.0927 OT19 129.6600 29.2404 3.50 154.942  44.244  83.551
OT03 128.1910 28.8611 TKRS 129.2090 29.1442 3.38 104.008  30.753  72.195
OT03 128.1910 28.8611 OT23 130.8810 29.5506 3.38 272.518  80.746  73.064
OKED 128.6160 27.3855 TAS  130.9090 31.1946 3.49 477.377 136.745  27.275
GMZK 129.6510 28.4973 OT27 130.2110 28.9197 3.10  71.981  23.250  49.295
TKRS 129.2090 29.1442 OT25 130.5810 28.9975 3.30 134.620  40.745  96.606
OT19 129.6600 29.2404 OT25 130.5810 28.9975 3.26  93.622  28.754 106.489
OT17 128.4090 28.0396 OT26 130.4990 28.8494 3.28 223.502  68.245  65.833
OT16 127.9510 28.2012 GMZK 129.6510 28.4973 3.48 169.893  48.750  78.463
OT12 128.6050 29.2506 OT19 129.6600 29.2404 3.57 102.523  28.750  90.376
OT12 128.6050 29.2506 MNTN 130.8700 30.4624 3.46 256.771  74.254  57.902
OT07 128.4610 29.7510 MNTN 130.8700 30.4624 3.44 245.204  71.239  70.643
OT04 128.2550 29.0525 MNTN 130.8700 30.4624 3.45 297.344  86.237  57.653
OT03 128.1910 28.8611 OT26 130.4990 28.8494 3.37 225.183  66.729  89.776
OT01 127.7730 28.6329 OT29 130.5910 28.3600 3.30 277.569  84.239  95.585
OT01 127.7730 28.6329 AMG  128.9210 27.8215 3.54 144.167  40.725 128.318
TKRS 129.2090 29.1442 OT31 129.6990 27.9990 3.41 135.673  39.752 159.194
OT26 130.4990 28.8494 OT23 130.8810 29.5506 3.00  86.151  28.746  25.467
OT05 128.0760 29.0927 AMG  128.9210 27.8215 3.53 163.397  46.249 149.365
OT04 128.2550 29.0525 OT29 130.5910 28.3600 3.24 240.876  74.253 108.019
GMZK 129.6510 28.4973 OT30 130.3310 28.1010 3.22  79.825  24.752 123.219
AMG  128.9210 27.8215 OT33 129.4500 27.5472 3.31  60.378  18.252 120.103
OT11 128.6350 29.4318 OT24 130.8400 29.4501 3.36 213.970  63.757  88.918
OT07 128.4610 29.7510 OKED 128.6160 27.3855 3.49 262.606  75.245 176.664
OT06 128.3050 29.3225 OT25 130.5810 28.9975 3.36 224.356  66.753  98.686
OT06 128.3050 29.3225 MNTN 130.8700 30.4624 3.44 278.119  80.755  62.348
OT05 128.0760 29.0927 MNTN 130.8700 30.4624 3.42 309.909  90.696  59.983
OT02 127.8730 28.7925 OT26 130.4990 28.8494 3.38 256.426  75.754  87.961
OT19 129.6600 29.2404 OT27 130.2110 28.9197 3.34  64.354  19.250 123.394
OT12 128.6050 29.2506 OT27 130.2110 28.9197 3.55 160.564  45.178 102.815
OT04 128.2550 29.0525 OT25 130.5810 28.9975 3.40 226.726  66.743  90.979
AMG  128.9210 27.8215 OT34 129.4000 27.3185 3.14  73.118  23.249 139.555
TKRS 129.2090 29.1442 OT27 130.2110 28.9197 3.65 100.736  27.614 104.060
OT04 128.2550 29.0525 OT19 129.6600 29.2404 3.48 138.314  39.745  81.000
OT27 130.2110 28.9197 OT21 130.5800 29.4695 3.11  70.731  22.750  30.419
OT13 128.6020 29.0207 MNTN 130.8700 30.4624 3.45 271.445  78.703  53.380
OT25 130.5810 28.9975 OT29 130.5910 28.3600 3.40  70.661  20.752 179.197
