KGM  128.2150 26.7567 OT04 128.2550 29.0525 2.89 254.446  88.013   0.864
KGM  128.2150 26.7567 GMZK 129.6510 28.4973 2.97 239.356  80.510  35.983
GMZK 129.6510 28.4973 TAS  130.9090 31.1946 2.88 322.754 111.990  21.815
GMZK 129.6510 28.4973 KYK  130.4100 30.3781 2.85 221.081  77.491  19.258
OT07 128.4610 29.7510 OT30 130.3310 28.1010 2.72 258.218  95.003 134.635
AMG  128.9210 27.8215 KYK  130.4100 30.3781 2.91 318.263 109.482  26.728
OT04 128.2550 29.0525 OT26 130.4990 28.8494 2.91 219.937  75.502  95.333
OT04 128.2550 29.0525 KYK  130.4100 30.3781 3.04 255.097  83.999  54.303
OT14 128.4990 28.6807 KYK  130.4100 30.3781 2.93 264.016  89.985  44.087
OT02 127.8730 28.7925 OT28 130.2290 28.5500 2.85 231.858  81.468  96.093
OT34 129.4000 27.3185 OT27 130.2110 28.9197 2.43 194.496  79.974  23.981
OT02 127.8730 28.7925 OT27 130.2110 28.9197 2.79 228.598  81.964  85.903
OT17 128.4090 28.0396 OT24 130.8400 29.4501 2.73 284.272 104.015  56.063
OT04 128.2550 29.0525 OT30 130.3310 28.1010 2.81 228.867  81.447 116.939
KGM  128.2150 26.7567 OT33 129.4500 27.5472 2.71 150.507  55.476  54.132
KGM  128.2150 26.7567 OT14 128.4990 28.6807 2.95 215.037  72.993   7.413
OT28 130.2290 28.5500 TAS  130.9090 31.1946 2.69 300.437 111.479  12.474
OT11 128.6350 29.4318 OT34 129.4000 27.3185 2.81 245.935  87.490 162.052
OT04 128.2550 29.0525 OT34 129.4000 27.3185 2.86 222.676  77.995 149.381
OT27 130.2110 28.9197 TAS  130.9090 31.1946 2.82 261.015  92.493  14.778
OT20 130.1540 29.2781 TAS  130.9090 31.1946 2.86 224.538  78.510  18.694
OT01 127.7730 28.6329 OT34 129.4000 27.3185 2.87 216.441  75.494 131.914
KYK  130.4100 30.3781 OT25 130.5810 28.9975 2.46 153.933  62.498 173.771
KGM  128.2150 26.7567 OT28 130.2290 28.5500 2.76 280.989 101.992  44.532
KGM  128.2150 26.7567 OT06 128.3050 29.3225 2.88 284.480  98.950   1.758
OT34 129.4000 27.3185 OT28 130.2290 28.5500 2.43 158.962  65.443  30.657
OT34 129.4000 27.3185 KYK  130.4100 30.3781 2.86 353.116 123.510  15.957
OT28 130.2290 28.5500 KYK  130.4100 30.3781 2.64 203.394  77.014   4.913
OT25 130.5810 28.9975 TAS  130.9090 31.1946 2.55 245.602  96.504   7.315
OT21 130.5800 29.4695 TAS  130.9090 31.1946 2.81 193.842  69.007   9.314
OT14 128.4990 28.6807 OT20 130.1540 29.2781 2.81 174.381  62.004  67.287
OT03 128.1910 28.8611 KGM  128.2150 26.7567 2.90 233.215  80.502 179.411
OT01 127.7730 28.6329 KGM  128.2150 26.7567 2.87 212.434  73.967 168.052
AMG  128.9210 27.8215 OT21 130.5800 29.4695 2.91 244.263  83.997  41.213
OT27 130.2110 28.9197 KYK  130.4100 30.3781 2.81 162.802  57.999   6.745
OT20 130.1540 29.2781 NOMT 131.0600 30.7369 2.83 183.816  64.999  28.162
OT16 127.9510 28.2012 OT20 130.1540 29.2781 2.80 246.087  88.014  60.464
OT14 128.4990 28.6807 OT34 129.4000 27.3185 2.92 175.069  59.976 149.361
OT13 128.6020 29.0207 OT34 129.4000 27.3185 2.80 204.294  72.988 157.236
OT06 128.3050 29.3225 TAS  130.9090 31.1946 3.07 325.370 105.984  49.725
KYK  130.4100 30.3781 OT23 130.8810 29.5506 2.73 102.390  37.507 153.505
KGM  128.2150 26.7567 OT34 129.4000 27.3185 2.69 133.056  49.500  61.839
KGM  128.2150 26.7567 OT07 128.4610 29.7510 2.85 332.717 116.948   4.103
OT02 127.8730 28.7925 OT19 129.6600 29.2404 2.87 181.072  63.003  73.658
KGM  128.2150 26.7567 TKRS 129.2090 29.1442 2.95 282.067  95.486  20.052
KGM  128.2150 26.7567 AMG  128.9210 27.8215 2.95 137.132  46.501  30.480
OT17 128.4090 28.0396 OT27 130.2110 28.9197 2.88 201.591  69.997  60.639
OT11 128.6350 29.4318 OT27 130.2110 28.9197 2.80 163.481  58.491 109.932
OT02 127.8730 28.7925 KGM  128.2150 26.7567 2.87 228.114  79.510 171.404
OT01 127.7730 28.6329 OT33 129.4500 27.5472 2.85 204.049  71.496 125.736
OT01 127.7730 28.6329 OT24 130.8400 29.4501 2.74 312.143 114.004  72.396
AMG  128.9210 27.8215 NOMT 131.0600 30.7369 2.93 384.202 130.993  32.235
OT16 127.9510 28.2012 OT34 129.4000 27.3185 2.84 173.145  61.010 124.060
OT04 128.2550 29.0525 OT17 128.4090 28.0396 2.90 113.273  39.006 172.287
OKED 128.6160 27.3855 OT27 130.2110 28.9197 2.96 231.212  77.980  42.291
KYK  130.4100 30.3781 TAS  130.9090 31.1946 2.93 102.368  34.994  27.710
KGM  128.2150 26.7567 OT13 128.6020 29.0207 2.97 253.763  85.500   8.538
OT21 130.5800 29.4695 OT29 130.5910 28.3600 2.07 122.976  59.495 179.488
OT20 130.1540 29.2781 MNTN 130.8700 30.4624 2.80 148.379  52.993  27.606
OT20 130.1540 29.2781 KYK  130.4100 30.3781 2.86 124.410  43.500  11.386
OT16 127.9510 28.2012 TKRS 129.2090 29.1442 2.88 161.354  56.006  49.331
OT16 127.9510 28.2012 OT24 130.8400 29.4501 2.72 314.099 115.478  63.166
OT13 128.6020 29.0207 OT33 129.4500 27.5472 2.82 183.277  64.969 152.797
OT11 128.6350 29.4318 TAS  130.9090 31.1946 3.04 293.316  96.486  47.659
OT07 128.4610 29.7510 AMG  128.9210 27.8215 2.91 218.517  74.963 168.030
OT03 128.1910 28.8611 KYK  130.4100 30.3781 3.12 272.847  87.507  51.415
OT01 127.7730 28.6329 OT30 130.3310 28.1010 2.89 257.563  88.999 102.623
OT01 127.7730 28.6329 OT27 130.2110 28.9197 2.86 240.155  84.000  81.812
OT01 127.7730 28.6329 OT19 129.6600 29.2404 2.88 195.892  67.947  69.444
OT16 127.9510 28.2012 KGM  128.2150 26.7567 2.92 162.181  55.503 170.678
OT13 128.6020 29.0207 KYK  130.4100 30.3781 2.92 230.762  79.001  48.864
OT07 128.4610 29.7510 OT27 130.2110 28.9197 2.74 193.305  70.498 118.039
OT06 128.3050 29.3225 OT28 130.2290 28.5500 2.82 206.164  73.004 114.072
OT06 128.3050 29.3225 GMZK 129.6510 28.4973 2.91 160.013  54.987 124.536
OT02 127.8730 28.7925 OT11 128.6350 29.4318 2.77 102.597  36.999  46.135
OT02 127.8730 28.7925 OT07 128.4610 29.7510 2.74 120.666  44.007  28.161
OT01 127.7730 28.6329 OT11 128.6350 29.4318 2.84 122.008  43.006  43.262
KGM  128.2150 26.7567 OT19 129.6600 29.2404 2.87 309.753 107.965  26.973
AMG  128.9210 27.8215 OT28 130.2290 28.5500 2.71 151.657  56.003  57.530
OT28 130.2290 28.5500 OT24 130.8400 29.4501 2.35 116.202  49.490  30.701
OT24 130.8400 29.4501 NOMT 131.0600 30.7369 2.55 144.219  56.490   8.401
OT23 130.8810 29.5506 NOMT 131.0600 30.7369 2.53 132.637  52.467   7.427
OT16 127.9510 28.2012 OT12 128.6050 29.2506 2.79 132.709  47.498  28.633
OT13 128.6020 29.0207 OT30 130.3310 28.1010 2.62 197.517  75.503 120.654
OT13 128.6020 29.0207 OT28 130.2290 28.5500 2.88 167.186  57.990 107.791
OT04 128.2550 29.0525 GMZK 129.6510 28.4973 2.96 149.628  50.499 113.948
OT03 128.1910 28.8611 AMG  128.9210 27.8215 2.92 135.641  46.500 147.975
OT02 127.8730 28.7925 OT33 129.4500 27.5472 2.82 207.473  73.468 131.322
OT02 127.8730 28.7925 OT24 130.8400 29.4501 2.79 297.867 106.954  75.121
OT01 127.7730 28.6329 OT07 128.4610 29.7510 2.82 140.844  49.998  28.204
KGM  128.2150 26.7567 OT26 130.4990 28.8494 2.71 323.125 119.015  43.614
OT34 129.4000 27.3185 GMZK 129.6510 28.4973 2.83 132.946  46.994  10.650
OT19 129.6600 29.2404 TAS  130.9090 31.1946 2.87 247.779  86.485  28.729
OT17 128.4090 28.0396 OT33 129.4500 27.5472 2.98 116.181  38.987 117.770
OT13 128.6020 29.0207 TAS  130.9090 31.1946 2.93 327.902 111.988  42.132
OT12 128.6050 29.2506 OT31 129.6990 27.9990 2.89 175.139  60.497 142.112
OT06 128.3050 29.3225 OT33 129.4500 27.5472 2.90 226.475  77.987 150.039
OT06 128.3050 29.3225 OT27 130.2110 28.9197 2.91 190.787  65.495 103.070
OT02 127.8730 28.7925 OT20 130.1540 29.2781 2.82 228.681  80.978  75.838
OKED 128.6160 27.3855 OT20 130.1540 29.2781 2.97 258.373  86.994  35.368
GMZK 129.6510 28.4973 OT21 130.5800 29.4695 2.76 140.725  51.006  39.807
OT19 129.6600 29.2404 KYK  130.4100 30.3781 2.88 145.463  50.513  29.707
OT17 128.4090 28.0396 OT34 129.4000 27.3185 2.94 126.280  42.996 129.026
OT16 127.9510 28.2012 TAS  130.9090 31.1946 2.89 438.193 151.519  40.067
OT16 127.9510 28.2012 OT33 129.4500 27.5472 2.84 164.437  58.002 115.801
OT16 127.9510 28.2012 OT11 128.6350 29.4318 2.84 151.842  53.493  25.910
OT12 128.6050 29.2506 OT34 129.4000 27.3185 2.83 227.887  80.497 159.796
OT11 128.6350 29.4318 OT33 129.4500 27.5472 2.92 223.596  76.495 158.891
OT07 128.4610 29.7510 OT21 130.5800 29.4695 2.81 207.595  74.009  98.123
OT07 128.4610 29.7510 OT14 128.4990 28.6807 2.86 118.689  41.500 178.216
OT06 128.3050 29.3225 OT17 128.4090 28.0396 2.85 142.549  50.000 175.878
OT05 128.0760 29.0927 KGM  128.2150 26.7567 2.91 259.234  88.992 176.940
OT04 128.2550 29.0525 OT31 129.6990 27.9990 2.87 183.333  63.991 129.212
OT04 128.2550 29.0525 OT28 130.2290 28.5500 2.79 200.595  71.975 105.645
OT03 128.1910 28.8611 OT34 129.4000 27.3185 2.87 208.204  72.494 144.907
OT03 128.1910 28.8611 OT24 130.8400 29.4501 2.84 265.862  93.515  75.146
OT02 127.8730 28.7925 OT31 129.6990 27.9990 2.98 199.404  67.004 115.734
OT02 127.8730 28.7925 OT25 130.5810 28.9975 2.75 265.169  96.495  84.435
OT02 127.8730 28.7925 GMZK 129.6510 28.4973 2.92 176.966  60.501 100.229
OT01 127.7730 28.6329 KYK  130.4100 30.3781 3.04 320.577 105.488  52.246
OKED 128.6160 27.3855 OT31 129.6990 27.9990 2.88 126.633  44.000  57.278
KYK  130.4100 30.3781 OT26 130.4990 28.8494 2.41 169.670  70.490 177.063
KYK  130.4100 30.3781 OT24 130.8400 29.4501 2.67 110.945  41.506 157.897
AMG  128.9210 27.8215 OT27 130.2110 28.9197 3.03 175.488  57.993  45.785
OT33 129.4500 27.5472 OT28 130.2290 28.5500 2.37 134.943  57.010  34.379
OT33 129.4500 27.5472 OT21 130.5800 29.4695 2.50 240.053  96.021  27.176
OT31 129.6990 27.9990 OT23 130.8810 29.5506 2.57 207.128  80.501  33.596
OT27 130.2110 28.9197 OT30 130.3310 28.1010 1.91  91.492  47.952 172.595
OT24 130.8400 29.4501 MNTN 130.8700 30.4624 2.49 112.248  45.007   1.475
OT21 130.5800 29.4695 MNTN 130.8700 30.4624 2.77 113.566  40.999  14.201
OT19 129.6600 29.2404 OT31 129.6990 27.9990 2.75 137.637  49.995 178.411
OT16 127.9510 28.2012 OT07 128.4610 29.7510 2.77 178.822  64.514  16.019
OT14 128.4990 28.6807 OKED 128.6160 27.3855 2.94 143.997  48.995 175.404
OT13 128.6020 29.0207 AMG  128.9210 27.8215 2.90 136.538  47.001 166.676
OT11 128.6350 29.4318 GMZK 129.6510 28.4973 2.95 143.336  48.506 136.024
OT04 128.2550 29.0525 AMG  128.9210 27.8215 2.91 151.250  51.976 154.265
OT03 128.1910 28.8611 TAS  130.9090 31.1946 3.01 368.285 122.517  44.717
OT02 127.8730 28.7925 OT34 129.4000 27.3185 2.85 221.909  77.917 137.039
OT02 127.8730 28.7925 OT30 130.3310 28.1010 2.62 252.703  96.452 107.068
OT01 127.7730 28.6329 TKRS 129.2090 29.1442 2.85 151.073  52.989  67.624
KGM  128.2150 26.7567 OT31 129.6990 27.9990 2.83 201.206  70.997  46.494
KGM  128.2150 26.7567 OT17 128.4090 28.0396 2.93 143.447  48.996   7.643
AMG  128.9210 27.8215 TKRS 129.2090 29.1442 2.96 149.277  50.500  10.808
OT17 128.4090 28.0396 OT31 129.6990 27.9990 2.92 126.895  43.491  91.730
OT17 128.4090 28.0396 OT13 128.6020 29.0207 2.98 110.356  36.995   9.790
OT16 127.9510 28.2012 OT27 130.2110 28.9197 2.81 235.014  83.516  69.660
OT14 128.4990 28.6807 OT21 130.5800 29.4695 2.74 220.685  80.454  66.161
OT05 128.0760 29.0927 GMZK 129.6510 28.4973 2.91 167.349  57.488 112.845
OT03 128.1910 28.8611 OT17 128.4090 28.0396 2.88  93.517  32.460 166.742
OT01 127.7730 28.6329 OT17 128.4090 28.0396 2.79  90.630  32.495 136.360
OT17 128.4090 28.0396 OT25 130.5810 28.9975 2.61 237.636  90.979  62.953
OT03 128.1910 28.8611 OT27 130.2110 28.9197 2.92 197.120  67.507  87.627
OT02 127.8730 28.7925 OT17 128.4090 28.0396 2.90  98.630  33.990 147.652
OT33 129.4500 27.5472 OT26 130.4990 28.8494 2.30 177.287  77.014  35.266
OT23 130.8810 29.5506 TAS  130.9090 31.1946 2.64 182.272  68.990   0.842
OT19 129.6600 29.2404 OT28 130.2290 28.5500 2.55  94.510  37.005 143.925
OT17 128.4090 28.0396 OT20 130.1540 29.2781 2.92 218.956  75.011  50.766
OT14 128.4990 28.6807 GMZK 129.6510 28.4973 2.97 114.541  38.501  99.948
OT13 128.6020 29.0207 GMZK 129.6510 28.4973 2.91 117.778  40.501 119.256
OT28 130.2290 28.5500 OT30 130.3310 28.1010 1.69  50.762  30.001 168.578
OT28 130.2290 28.5500 OT26 130.4990 28.8494 1.73  42.412  24.501  38.455
OT27 130.2110 28.9197 OT24 130.8400 29.4501 2.27  84.861  37.417  45.999
OT16 127.9510 28.2012 OT06 128.3050 29.3225 2.81 128.992  45.937  15.457
OT14 128.4990 28.6807 OT33 129.4500 27.5472 2.87 156.559  54.474 143.131
OT14 128.4990 28.6807 OT27 130.2110 28.9197 2.84 169.210  59.497  80.584
OT14 128.4990 28.6807 OT25 130.5810 28.9975 2.73 206.210  75.507  79.698
OT14 128.4990 28.6807 AMG  128.9210 27.8215 3.06 103.843  33.947 156.388
OT12 128.6050 29.2506 GMZK 129.6510 28.4973 2.93 131.851  45.000 129.037
OT07 128.4610 29.7510 OT13 128.6020 29.0207 2.88  82.091  28.504 170.395
OT05 128.0760 29.0927 OT11 128.6350 29.4318 2.93  66.040  22.501  55.174
OT04 128.2550 29.0525 OT23 130.8810 29.5506 2.87 261.075  91.005  77.154
OT01 127.7730 28.6329 OT05 128.0760 29.0927 2.74  58.915  21.502  30.046
MNTN 130.8700 30.4624 OT23 130.8810 29.5506 2.50 101.076  40.495 179.401
KGM  128.2150 26.7567 OKED 128.6160 27.3855 2.92  80.197  27.502  29.598
OT19 129.6600 29.2404 OT21 130.5800 29.4695 2.73  92.893  34.002  73.911
OT17 128.4090 28.0396 OT21 130.5800 29.4695 2.85 264.700  93.008  52.709
OT16 127.9510 28.2012 OKED 128.6160 27.3855 2.90 111.626  38.505 143.923
OT14 128.4990 28.6807 OT24 130.8400 29.4501 2.68 243.392  90.954  68.927
OT14 128.4990 28.6807 OT23 130.8810 29.5506 2.70 251.092  92.997  66.846
OT12 128.6050 29.2506 TAS  130.9090 31.1946 3.02 309.234 102.497  45.253
OT02 127.8730 28.7925 OT14 128.4990 28.6807 3.05  62.442  20.500 101.296
OT02 127.8730 28.7925 OT04 128.2550 29.0525 2.69  47.103  17.497  52.189
OT01 127.7730 28.6329 OT20 130.1540 29.2781 2.81 242.882  86.466  72.306
OT01 127.7730 28.6329 OT14 128.4990 28.6807 3.03  71.161  23.501  85.558
OT01 127.7730 28.6329 OT13 128.6020 29.0207 2.86  91.592  32.003  61.815
OT31 129.6990 27.9990 OT29 130.5910 28.3600 1.93  96.350  49.974  65.257
OT31 129.6990 27.9990 OT20 130.1540 29.2781 2.80 148.597  52.995  17.336
OT27 130.2110 28.9197 OT28 130.2290 28.5500 2.10  41.011  19.501 177.579
OT20 130.1540 29.2781 OT28 130.2290 28.5500 2.49  81.023  32.487 174.852
OT19 129.6600 29.2404 OT24 130.8400 29.4501 2.57 116.945  45.504  78.249
OT16 127.9510 28.2012 OT13 128.6020 29.0207 2.88 110.901  38.497  34.864
OT16 127.9510 28.2012 OT04 128.2550 29.0525 2.83  98.907  34.999  17.389
OT04 128.2550 29.0525 OT07 128.4610 29.7510 2.96  79.978  27.001  14.470
OT03 128.1910 28.8611 OT07 128.4610 29.7510 2.96 102.068  34.494  14.832
OT01 127.7730 28.6329 OT06 128.3050 29.3225 2.64  92.353  34.996  34.019
KYK  130.4100 30.3781 OT21 130.5800 29.4695 2.73 102.053  37.375 170.685
OT28 130.2290 28.5500 OT29 130.5910 28.3600 1.56  41.297  26.506 120.571
OT25 130.5810 28.9975 OT24 130.8400 29.4501 2.44  56.127  23.003  26.584
OT14 128.4990 28.6807 TKRS 129.2090 29.1442 2.87  86.201  29.993  53.247
OT13 128.6020 29.0207 OT19 129.6600 29.2404 2.82 105.811  37.491  76.439
OT06 128.3050 29.3225 OT23 130.8810 29.5506 2.75 251.221  91.486  83.595
OT05 128.0760 29.0927 OT17 128.4090 28.0396 2.96 121.179  40.994 164.318
OT02 127.8730 28.7925 OT16 127.9510 28.2012 2.87  65.983  22.999 173.283
OT01 127.7730 28.6329 OT21 130.5800 29.4695 2.82 288.664 102.472  70.589
OT31 129.6990 27.9990 OT30 130.3310 28.1010 1.86  63.174  33.983  79.545
OT27 130.2110 28.9197 OT25 130.5810 28.9975 1.61  37.112  22.994  76.476
OT21 130.5800 29.4695 OT25 130.5810 28.9975 1.77  52.317  29.507 179.883
OT14 128.4990 28.6807 OT30 130.3310 28.1010 2.83 190.681  67.450 109.255
OT07 128.4610 29.7510 OT19 129.6600 29.2404 2.94 129.284  44.004 115.667
OT01 127.7730 28.6329 OT04 128.2550 29.0525 2.76  66.111  23.997  45.180
GMZK 129.6510 28.4973 OT26 130.4990 28.8494 2.32  91.576  39.506  64.575
TAS  130.9090 31.1946 NOMT 131.0600 30.7369 2.85  52.749  18.502 164.101
OT17 128.4090 28.0396 OT23 130.8810 29.5506 2.72 293.732 107.990  54.655
OT16 127.9510 28.2012 OT17 128.4090 28.0396 3.03  48.442  15.998 111.590
OT14 128.4990 28.6807 OT11 128.6350 29.4318 2.86  84.294  29.504   8.994
OT11 128.6350 29.4318 OT19 129.6600 29.2404 2.75 101.795  37.003 101.779
OT05 128.0760 29.0927 OT14 128.4990 28.6807 2.86  61.537  21.502 137.804
OT01 127.7730 28.6329 OT16 127.9510 28.2012 2.91  50.924  17.499 159.929
AMG  128.9210 27.8215 OT31 129.6990 27.9990 2.98  79.033  26.503  75.406
OT27 130.2110 28.9197 OT23 130.8810 29.5506 2.31  95.578  41.448  42.814
OT26 130.4990 28.8494 OT24 130.8400 29.4501 1.86  74.398  39.999  26.419
OT21 130.5800 29.4695 OT23 130.8810 29.5506 2.35  30.537  13.000  72.806
OT20 130.1540 29.2781 OT26 130.4990 28.8494 2.01  58.170  28.998 144.687
OT17 128.4090 28.0396 OT14 128.4990 28.6807 2.92  71.594  24.502   7.042
OT16 127.9510 28.2012 OT14 128.4990 28.6807 2.85  75.529  26.501  45.155
OT11 128.6350 29.4318 OT20 130.1540 29.2781 2.75 148.530  53.991  96.215
OT06 128.3050 29.3225 OT19 129.6600 29.2404 2.97 131.975  44.496  93.624
GMZK 129.6510 28.4973 OT28 130.2290 28.5500 2.47  56.806  22.998  83.960
OT20 130.1540 29.2781 OT24 130.8400 29.4501 2.43  69.263  28.456  73.856
OT20 130.1540 29.2781 OT21 130.5800 29.4695 2.65  46.465  17.501  62.729
OT16 127.9510 28.2012 OT03 128.1910 28.8611 2.74  76.815  28.004  17.749
OT06 128.3050 29.3225 OT14 128.4990 28.6807 2.89  73.603  25.504 165.072
OT02 127.8730 28.7925 OT06 128.3050 29.3225 2.68  72.283  26.971  35.536
OKED 128.6160 27.3855 AMG  128.9210 27.8215 3.00  56.958  18.999  31.903
OT33 129.4500 27.5472 OT31 129.6990 27.9990 2.48  55.746  22.496  26.030
OT19 129.6600 29.2404 OT20 130.1540 29.2781 2.76  48.235  17.457  84.910
OT17 128.4090 28.0396 OKED 128.6160 27.3855 3.14  75.293  24.002 164.264
OT03 128.1910 28.8611 OT12 128.6050 29.2506 2.81  59.083  20.996  42.957
OT01 127.7730 28.6329 OT03 128.1910 28.8611 2.83  48.027  17.001  58.123
OT12 128.6050 29.2506 TKRS 129.2090 29.1442 2.92  59.865  20.502 101.213
OT12 128.6050 29.2506 OT10 128.8440 29.6621 2.84  51.136  17.999  26.820
OT06 128.3050 29.3225 OT07 128.4610 29.7510 2.77  49.852  17.997  17.643
OT04 128.2550 29.0525 OT11 128.6350 29.4318 2.95  55.978  19.001  41.227
OKED 128.6160 27.3855 OT35 129.1000 27.2007 2.74  52.147  18.997 113.005
OT20 130.1540 29.2781 OT23 130.8810 29.5506 2.47  76.729  31.002  66.641
OT04 128.2550 29.0525 TKRS 129.2090 29.1442 2.88  93.442  32.502  83.523
OKED 128.6160 27.3855 NOMT 131.0600 30.7369 2.91 441.159 151.497  32.069
OT14 128.4990 28.6807 OT13 128.6020 29.0207 2.79  38.996  14.002  14.881
OT14 128.4990 28.6807 OT12 128.6050 29.2506 2.91  64.009  21.996   9.289
OT04 128.2550 29.0525 OT14 128.4990 28.6807 2.72  47.610  17.497 149.886
OT03 128.1910 28.8611 OT13 128.6020 29.0207 2.85  43.775  15.354  66.067
OT02 127.8730 28.7925 OT12 128.6050 29.2506 2.83  87.603  30.999  54.402
OT06 128.3050 29.3225 OT13 128.6020 29.0207 3.06  44.188  14.464 139.130
OT05 128.0760 29.0927 OT13 128.6020 29.0207 2.96  51.814  17.499  98.733
OT03 128.1910 28.8611 OT06 128.3050 29.3225 2.91  52.329  18.001  12.207
OKED 128.6160 27.3855 OT34 129.4000 27.3185 2.74  78.001  28.499  95.279
TKRS 129.2090 29.1442 GMZK 129.6510 28.4973 2.89  83.707  29.005 148.828
OT20 130.1540 29.2781 OT27 130.2110 28.9197 2.67  40.104  14.998 172.090
OT13 128.6020 29.0207 OT11 128.6350 29.4318 2.95  45.679  15.500   4.020
OT02 127.8730 28.7925 OT05 128.0760 29.0927 2.58  38.744  15.000  30.771
GMZK 129.6510 28.4973 OT20 130.1540 29.2781 2.84  99.480  35.004  29.430
OT05 128.0760 29.0927 OT12 128.6050 29.2506 2.79  54.372  19.502  71.095
OT27 130.2110 28.9197 OT26 130.4990 28.8494 2.78  29.154  10.498 105.432
OT21 130.5800 29.4695 OT24 130.8400 29.4501 1.95  25.312  13.001  94.810
OT06 128.3050 29.3225 OT11 128.6350 29.4318 2.74  34.234  12.499  69.194
OT05 128.0760 29.0927 OT06 128.3050 29.3225 2.42  33.826  14.001  41.094
OT04 128.2550 29.0525 OT12 128.6050 29.2506 2.73  40.576  14.885  57.154
