KGM  128.2150 26.7567 OT04 128.2550 29.0525 3.69 254.446  68.881   0.864
KGM  128.2150 26.7567 GMZK 129.6510 28.4973 3.72 239.356  64.378  35.983
GMZK 129.6510 28.4973 TAS  130.9090 31.1946 3.65 322.754  88.377  21.815
GMZK 129.6510 28.4973 KYK  130.4100 30.3781 3.72 221.081  59.351  19.258
OT07 128.4610 29.7510 OT30 130.3310 28.1010 3.64 258.218  70.881 134.635
AMG  128.9210 27.8215 KYK  130.4100 30.3781 3.77 318.263  84.353  26.728
OT04 128.2550 29.0525 OT26 130.4990 28.8494 3.70 219.937  59.378  95.333
OT04 128.2550 29.0525 KYK  130.4100 30.3781 3.76 255.097  67.881  54.303
OT14 128.4990 28.6807 KYK  130.4100 30.3781 3.72 264.016  70.877  44.087
OT02 127.8730 28.7925 OT28 130.2290 28.5500 3.90 231.858  59.375  96.093
KGM  128.2150 26.7567 OT29 130.5910 28.3600 3.68 294.320  79.870  52.328
OT34 129.4000 27.3185 OT27 130.2110 28.9197 3.64 194.496  53.374  23.981
OT02 127.8730 28.7925 OT27 130.2110 28.9197 3.76 228.598  60.878  85.903
KGM  128.2150 26.7567 OT24 130.8400 29.4501 3.67 394.467 107.367  40.225
OT28 130.2290 28.5500 NOMT 131.0600 30.7369 3.63 255.433  70.348  18.170
OT17 128.4090 28.0396 OT24 130.8400 29.4501 3.82 284.272  74.378  56.063
OT04 128.2550 29.0525 OT30 130.3310 28.1010 3.64 228.867  62.876 116.939
KGM  128.2150 26.7567 OT33 129.4500 27.5472 3.83 150.507  39.287  54.132
KGM  128.2150 26.7567 OT14 128.4990 28.6807 3.81 215.037  56.381   7.413
OT28 130.2290 28.5500 TAS  130.9090 31.1946 3.65 300.437  82.379  12.474
OT11 128.6350 29.4318 OT34 129.4000 27.3185 3.76 245.935  65.373 162.052
OT04 128.2550 29.0525 OT34 129.4000 27.3185 3.69 222.676  60.379 149.381
KGM  128.2150 26.7567 OT20 130.1540 29.2781 3.76 338.279  89.872  33.865
OT27 130.2110 28.9197 TAS  130.9090 31.1946 3.63 261.015  71.865  14.778
OT20 130.1540 29.2781 TAS  130.9090 31.1946 3.63 224.538  61.873  18.694
OT01 127.7730 28.6329 OT34 129.4000 27.3185 3.68 216.441  58.879 131.914
KYK  130.4100 30.3781 OT25 130.5810 28.9975 3.86 153.933  39.879 173.771
KGM  128.2150 26.7567 OT28 130.2290 28.5500 3.70 280.989  75.881  44.532
KGM  128.2150 26.7567 OT06 128.3050 29.3225 3.70 284.480  76.866   1.758
OT34 129.4000 27.3185 OT28 130.2290 28.5500 3.71 158.962  42.870  30.657
OT34 129.4000 27.3185 KYK  130.4100 30.3781 3.70 353.116  95.385  15.957
OT29 130.5910 28.3600 TAS  130.9090 31.1946 3.61 315.713  87.383   5.510
OT28 130.2290 28.5500 KYK  130.4100 30.3781 3.81 203.394  53.370   4.913
OT25 130.5810 28.9975 TAS  130.9090 31.1946 3.70 245.602  66.379   7.315
OT21 130.5800 29.4695 TAS  130.9090 31.1946 3.70 193.842  52.376   9.314
OT14 128.4990 28.6807 OT20 130.1540 29.2781 3.80 174.381  45.874  67.287
OT13 128.6020 29.0207 OT24 130.8400 29.4501 3.69 222.742  60.380  77.120
OT03 128.1910 28.8611 KGM  128.2150 26.7567 3.74 233.215  62.374 179.411
OT01 127.7730 28.6329 KGM  128.2150 26.7567 3.73 212.434  56.877 168.052
AMG  128.9210 27.8215 OT21 130.5800 29.4695 3.68 244.263  66.340  41.213
OT28 130.2290 28.5500 MNTN 130.8700 30.4624 3.63 220.913  60.874  16.199
OT27 130.2110 28.9197 KYK  130.4100 30.3781 3.84 162.802  42.374   6.745
OT24 130.8400 29.4501 TAS  130.9090 31.1946 3.69 193.506  52.370   1.951
OT20 130.1540 29.2781 NOMT 131.0600 30.7369 3.58 183.816  51.374  28.162
OT16 127.9510 28.2012 OT20 130.1540 29.2781 3.74 246.087  65.869  60.464
OT14 128.4990 28.6807 OT34 129.4000 27.3185 3.78 175.069  46.376 149.361
OT13 128.6020 29.0207 OT34 129.4000 27.3185 3.69 204.294  55.379 157.236
OT10 128.8440 29.6621 NOMT 131.0600 30.7369 3.58 244.431  68.372  60.276
OT06 128.3050 29.3225 TAS  130.9090 31.1946 3.66 325.370  88.875  49.725
KYK  130.4100 30.3781 OT29 130.5910 28.3600 3.69 224.384  60.875 175.451
KYK  130.4100 30.3781 OT23 130.8810 29.5506 3.74 102.390  27.377 153.505
KGM  128.2150 26.7567 OT34 129.4000 27.3185 3.82 133.056  34.877  61.839
KGM  128.2150 26.7567 OT30 130.3310 28.1010 3.73 256.800  68.884  54.065
KGM  128.2150 26.7567 OT21 130.5800 29.4695 3.69 379.947 102.883  37.154
KGM  128.2150 26.7567 OT07 128.4610 29.7510 3.68 332.717  90.363   4.103
GMZK 129.6510 28.4973 MNTN 130.8700 30.4624 3.71 247.821  66.780  28.193
OT33 129.4500 27.5472 KYK  130.4100 30.3781 3.73 327.410  87.872  16.374
OT31 129.6990 27.9990 KYK  130.4100 30.3781 3.74 272.614  72.872  14.525
OT30 130.3310 28.1010 NOMT 131.0600 30.7369 3.58 300.620  83.878  13.438
OT11 128.6350 29.4318 OT29 130.5910 28.3600 3.66 224.778  61.381 121.429
OT07 128.4610 29.7510 OT33 129.4500 27.5472 3.76 262.679  69.880 158.169
OT02 127.8730 28.7925 OT19 129.6600 29.2404 3.86 181.072  46.873  73.658
KGM  128.2150 26.7567 TKRS 129.2090 29.1442 3.74 282.067  75.379  20.052
KGM  128.2150 26.7567 OT27 130.2110 28.9197 3.70 309.992  83.872  38.899
KGM  128.2150 26.7567 OT25 130.5810 28.9975 3.71 340.488  91.875  42.631
KGM  128.2150 26.7567 AMG  128.9210 27.8215 3.72 137.132  36.873  30.480
OT29 130.5910 28.3600 NOMT 131.0600 30.7369 3.60 267.360  74.370   9.670
OT17 128.4090 28.0396 OT27 130.2110 28.9197 3.74 201.591  53.873  60.639
OT11 128.6350 29.4318 OT27 130.2110 28.9197 3.77 163.481  43.375 109.932
OT07 128.4610 29.7510 OT28 130.2290 28.5500 3.76 217.460  57.881 127.312
OT06 128.3050 29.3225 OT30 130.3310 28.1010 3.78 239.806  63.374 123.882
OT02 127.8730 28.7925 KGM  128.2150 26.7567 3.72 228.114  61.370 171.404
OT01 127.7730 28.6329 OT33 129.4500 27.5472 3.75 204.049  54.370 125.736
OT01 127.7730 28.6329 OT24 130.8400 29.4501 3.66 312.143  85.378  72.396
AMG  128.9210 27.8215 NOMT 131.0600 30.7369 3.73 384.202 102.865  32.235
OT33 129.4500 27.5472 MNTN 130.8700 30.4624 3.70 351.478  94.866  22.844
OT16 127.9510 28.2012 OT34 129.4000 27.3185 3.77 173.145  45.878 124.060
OT04 128.2550 29.0525 OT24 130.8400 29.4501 3.79 255.146  67.374  79.427
OT04 128.2550 29.0525 OT17 128.4090 28.0396 3.86 113.273  29.376 172.287
OKED 128.6160 27.3855 OT27 130.2110 28.9197 3.71 231.212  62.355  42.291
KYK  130.4100 30.3781 TAS  130.9090 31.1946 3.61 102.368  28.381  27.710
KGM  128.2150 26.7567 OT13 128.6020 29.0207 3.66 253.763  69.372   8.538
OT21 130.5800 29.4695 OT29 130.5910 28.3600 3.68 122.976  33.372 179.488
OT20 130.1540 29.2781 MNTN 130.8700 30.4624 3.59 148.379  41.377  27.606
OT20 130.1540 29.2781 KYK  130.4100 30.3781 3.73 124.410  33.372  11.386
OT16 127.9510 28.2012 TKRS 129.2090 29.1442 3.76 161.354  42.879  49.331
OT16 127.9510 28.2012 OT24 130.8400 29.4501 3.64 314.099  86.386  63.166
OT13 128.6020 29.0207 OT33 129.4500 27.5472 3.79 183.277  48.371 152.797
OT11 128.6350 29.4318 TAS  130.9090 31.1946 3.67 293.316  79.879  47.659
OT11 128.6350 29.4318 OT30 130.3310 28.1010 3.77 221.783  58.875 131.276
OT07 128.4610 29.7510 AMG  128.9210 27.8215 3.75 218.517  58.302 168.030
OT06 128.3050 29.3225 OT29 130.5910 28.3600 3.73 247.299  66.371 115.002
OT03 128.1910 28.8611 KYK  130.4100 30.3781 3.69 272.847  73.882  51.415
OT01 127.7730 28.6329 OT30 130.3310 28.1010 3.85 257.563  66.882 102.623
OT01 127.7730 28.6329 OT27 130.2110 28.9197 3.67 240.155  65.366  81.812
OT01 127.7730 28.6329 OT19 129.6600 29.2404 3.74 195.892  52.378  69.444
OT30 130.3310 28.1010 KYK  130.4100 30.3781 3.67 252.511  68.879   1.722
OT26 130.4990 28.8494 TAS  130.9090 31.1946 3.63 262.968  72.383   8.555
OT25 130.5810 28.9975 NOMT 131.0600 30.7369 3.65 198.290  54.371  13.376
OT16 127.9510 28.2012 KGM  128.2150 26.7567 3.83 162.181  42.378 170.678
OT13 128.6020 29.0207 KYK  130.4100 30.3781 3.67 230.762  62.878  48.864
OT07 128.4610 29.7510 OT27 130.2110 28.9197 3.66 193.305  52.830 118.039
OT06 128.3050 29.3225 OT28 130.2290 28.5500 3.66 206.164  56.375 114.072
OT06 128.3050 29.3225 GMZK 129.6510 28.4973 3.87 160.013  41.368 124.536
OT02 127.8730 28.7925 OT07 128.4610 29.7510 3.91 120.666  30.877  28.161
OT01 127.7730 28.6329 OT11 128.6350 29.4318 3.83 122.008  31.873  43.262
KGM  128.2150 26.7567 OT19 129.6600 29.2404 3.74 309.753  82.866  26.973
AMG  128.9210 27.8215 OT28 130.2290 28.5500 3.76 151.657  40.377  57.530
OT34 129.4000 27.3185 OT26 130.4990 28.8494 3.66 201.094  54.869  32.216
OT34 129.4000 27.3185 OT20 130.1540 29.2781 3.59 229.415  63.868  18.628
OT33 129.4500 27.5472 OT25 130.5810 28.9975 3.77 195.321  51.878  34.361
OT28 130.2290 28.5500 OT24 130.8400 29.4501 3.65 116.202  31.871  30.701
OT24 130.8400 29.4501 NOMT 131.0600 30.7369 3.71 144.219  38.873   8.401
OT23 130.8810 29.5506 NOMT 131.0600 30.7369 3.88 132.637  34.229   7.427
OT17 128.4090 28.0396 OT28 130.2290 28.5500 3.75 187.217  49.871  71.987
OT16 127.9510 28.2012 OT12 128.6050 29.2506 3.86 132.709  34.372  28.633
OT13 128.6020 29.0207 OT30 130.3310 28.1010 3.67 197.517  53.805 120.654
OT07 128.4610 29.7510 KYK  130.4100 30.3781 3.68 200.335  54.380  69.213
OT05 128.0760 29.0927 OT30 130.3310 28.1010 3.66 246.414  67.326 115.949
OT04 128.2550 29.0525 OT33 129.4500 27.5472 3.68 203.906  55.379 144.614
OT04 128.2550 29.0525 GMZK 129.6510 28.4973 3.85 149.628  38.875 113.948
OT03 128.1910 28.8611 OT33 129.4500 27.5472 3.79 190.989  50.380 139.377
OT03 128.1910 28.8611 AMG  128.9210 27.8215 3.73 135.641  36.375 147.975
OT02 127.8730 28.7925 OT33 129.4500 27.5472 3.68 207.473  56.379 131.322
OT02 127.8730 28.7925 OT24 130.8400 29.4501 3.66 297.867  81.384  75.121
OT01 127.7730 28.6329 OT07 128.4610 29.7510 3.87 140.844  36.375  28.204
OKED 128.6160 27.3855 TKRS 129.2090 29.1442 3.71 203.416  54.829  16.487
OKED 128.6160 27.3855 KYK  130.4100 30.3781 3.77 375.013  99.394  27.392
KGM  128.2150 26.7567 OT26 130.4990 28.8494 3.64 323.125  88.868  43.614
OT34 129.4000 27.3185 GMZK 129.6510 28.4973 3.87 132.946  34.371  10.650
OT33 129.4500 27.5472 OT23 130.8810 29.5506 3.78 262.504  69.372  31.904
OT19 129.6600 29.2404 TAS  130.9090 31.1946 3.70 247.779  66.877  28.729
OT19 129.6600 29.2404 NOMT 131.0600 30.7369 3.71 213.951  57.731  38.816
OT16 127.9510 28.2012 OT19 129.6600 29.2404 3.77 202.820  53.870  54.993
OT13 128.6020 29.0207 TAS  130.9090 31.1946 3.65 327.902  89.885  42.132
OT13 128.6020 29.0207 OT25 130.5810 28.9975 3.83 192.869  50.371  90.286
OT12 128.6050 29.2506 OT31 129.6990 27.9990 3.70 175.139  47.360 142.112
OT06 128.3050 29.3225 OT33 129.4500 27.5472 3.69 226.475  61.375 150.039
OT06 128.3050 29.3225 OT27 130.2110 28.9197 3.86 190.787  49.376 103.070
OT06 128.3050 29.3225 AMG  128.9210 27.8215 3.86 176.941  45.875 159.934
OT03 128.1910 28.8611 OT28 130.2290 28.5500 3.86 202.054  52.373  99.337
OT01 127.7730 28.6329 OKED 128.6160 27.3855 3.80 161.174  42.370 148.862
OKED 128.6160 27.3855 OT20 130.1540 29.2781 3.78 258.373  68.371  35.368
GMZK 129.6510 28.4973 OT21 130.5800 29.4695 3.72 140.725  37.870  39.807
OT34 129.4000 27.3185 OT24 130.8400 29.4501 3.75 275.162  73.377  30.513
OT33 129.4500 27.5472 OT24 130.8400 29.4501 3.72 250.990  67.380  32.508
OT30 130.3310 28.1010 OT24 130.8400 29.4501 3.67 157.574  42.877  18.273
OT19 129.6600 29.2404 OT30 130.3310 28.1010 3.61 142.296  39.374 152.393
OT16 127.9510 28.2012 TAS  130.9090 31.1946 3.65 438.193 119.889  40.067
OT16 127.9510 28.2012 OT30 130.3310 28.1010 3.81 234.014  61.373  92.161
OT12 128.6050 29.2506 OT34 129.4000 27.3185 3.71 227.887  61.375 159.796
OT11 128.6350 29.4318 OT33 129.4500 27.5472 3.70 223.596  60.382 158.891
OT07 128.4610 29.7510 OT24 130.8400 29.4501 3.89 232.842  59.872  97.650
OT07 128.4610 29.7510 OT21 130.5800 29.4695 4.00 207.595  51.873  98.123
OT07 128.4610 29.7510 OT14 128.4990 28.6807 3.72 118.689  31.871 178.216
OT06 128.3050 29.3225 OT34 129.4000 27.3185 3.74 246.705  65.876 153.927
OT05 128.0760 29.0927 OT33 129.4500 27.5472 3.77 217.920  57.880 141.483
OT05 128.0760 29.0927 OT27 130.2110 28.9197 3.84 208.880  54.382  94.751
OT05 128.0760 29.0927 KGM  128.2150 26.7567 3.66 259.234  70.868 176.940
OT04 128.2550 29.0525 OT31 129.6990 27.9990 3.76 183.333  48.824 129.212
OT04 128.2550 29.0525 OT28 130.2290 28.5500 3.79 200.595  52.872 105.645
OT03 128.1910 28.8611 OT34 129.4000 27.3185 3.63 208.204  57.372 144.907
OT03 128.1910 28.8611 OT24 130.8400 29.4501 3.62 265.862  73.382  75.146
OT02 127.8730 28.7925 OT31 129.6990 27.9990 3.67 199.404  54.378 115.734
OT02 127.8730 28.7925 OT25 130.5810 28.9975 3.77 265.169  70.374  84.435
OT02 127.8730 28.7925 GMZK 129.6510 28.4973 3.90 176.966  45.376 100.229
OT01 127.7730 28.6329 MNTN 130.8700 30.4624 3.68 362.224  98.350  55.206
OT01 127.7730 28.6329 KYK  130.4100 30.3781 3.63 320.577  88.386  52.246
KYK  130.4100 30.3781 OT26 130.4990 28.8494 3.83 169.670  44.277 177.063
KYK  130.4100 30.3781 OT24 130.8400 29.4501 3.84 110.945  28.877 157.897
GMZK 129.6510 28.4973 OT24 130.8400 29.4501 3.66 156.767  42.879  47.366
AMG  128.9210 27.8215 OT27 130.2110 28.9197 3.78 175.488  46.376  45.785
AMG  128.9210 27.8215 OT24 130.8400 29.4501 3.60 260.348  72.379  45.656
OT34 129.4000 27.3185 OT30 130.3310 28.1010 3.73 126.256  33.876  46.409
OT33 129.4500 27.5472 OT28 130.2290 28.5500 3.71 134.943  36.373  34.379
OT33 129.4500 27.5472 OT21 130.5800 29.4695 3.62 240.053  66.368  27.176
OT31 129.6990 27.9990 OT25 130.5810 28.9975 3.81 140.395  36.878  37.773
OT31 129.6990 27.9990 OT23 130.8810 29.5506 3.71 207.128  55.875  33.596
OT31 129.6990 27.9990 OT21 130.5800 29.4695 3.59 184.322  51.329  27.638
OT30 130.3310 28.1010 MNTN 130.8700 30.4624 3.62 266.928  73.757  11.192
OT24 130.8400 29.4501 MNTN 130.8700 30.4624 3.69 112.248  30.378   1.475
OT21 130.5800 29.4695 MNTN 130.8700 30.4624 3.68 113.566  30.877  14.201
OT19 129.6600 29.2404 OT31 129.6990 27.9990 3.84 137.637  35.871 178.411
OT16 127.9510 28.2012 OT26 130.4990 28.8494 3.71 259.515  69.875  73.327
OT16 127.9510 28.2012 OT07 128.4610 29.7510 3.83 178.822  46.739  16.019
OT14 128.4990 28.6807 OKED 128.6160 27.3855 3.90 143.997  36.875 175.404
OT13 128.6020 29.0207 AMG  128.9210 27.8215 3.86 136.538  35.373 166.676
OT11 128.6350 29.4318 OT21 130.5800 29.4695 3.86 188.764  48.877  88.256
OT11 128.6350 29.4318 NOMT 131.0600 30.7369 3.67 274.941  74.875  57.651
OT11 128.6350 29.4318 GMZK 129.6510 28.4973 3.99 143.336  35.879 136.024
OT05 128.0760 29.0927 NOMT 131.0600 30.7369 3.67 340.942  92.824  56.952
OT04 128.2550 29.0525 OT21 130.5800 29.4695 3.79 230.696  60.870  77.879
OT04 128.2550 29.0525 AMG  128.9210 27.8215 3.89 151.250  38.842 154.265
OT03 128.1910 28.8611 TAS  130.9090 31.1946 3.63 368.285 101.372  44.717
OT02 127.8730 28.7925 OT34 129.4000 27.3185 3.64 221.909  60.880 137.039
OT02 127.8730 28.7925 OT30 130.3310 28.1010 3.87 252.703  65.382 107.068
OT01 127.7730 28.6329 TKRS 129.2090 29.1442 3.84 151.073  39.373  67.624
OKED 128.6160 27.3855 OT24 130.8400 29.4501 3.66 315.990  86.265  43.085
KGM  128.2150 26.7567 OT31 129.6990 27.9990 3.73 201.206  53.870  46.494
AMG  128.9210 27.8215 TKRS 129.2090 29.1442 3.89 149.277  38.375  10.808
OT34 129.4000 27.3185 OT19 129.6600 29.2404 3.71 214.509  57.882   6.755
OT33 129.4500 27.5472 NOMT 131.0600 30.7369 3.69 386.688 104.879  23.514
OT31 129.6990 27.9990 NOMT 131.0600 30.7369 3.70 331.005  89.388  23.206
OT27 130.2110 28.9197 MNTN 130.8700 30.4624 3.66 182.516  49.881  20.301
OT17 128.4090 28.0396 OT19 129.6600 29.2404 3.82 180.734  47.375  42.282
OT16 127.9510 28.2012 KYK  130.4100 30.3781 3.68 339.529  92.364  44.123
OT14 128.4990 28.6807 TAS  130.9090 31.1946 3.69 363.023  98.380  39.271
OT13 128.6020 29.0207 OKED 128.6160 27.3855 3.83 181.228  47.380 179.567
OT06 128.3050 29.3225 OT21 130.5800 29.4695 3.76 221.431  58.876  85.225
OT05 128.0760 29.0927 OT31 129.6990 27.9990 3.71 199.764  53.874 126.968
OKED 128.6160 27.3855 OT26 130.4990 28.8494 3.68 246.082  66.870  48.319
OKED 128.6160 27.3855 OT25 130.5810 28.9975 3.76 262.978  69.867  46.752
OT20 130.1540 29.2781 OT30 130.3310 28.1010 3.72 131.596  35.375 172.422
OT17 128.4090 28.0396 TKRS 129.2090 29.1442 3.89 145.276  37.375  32.385
OT17 128.4090 28.0396 OT07 128.4610 29.7510 3.74 189.750  50.749   1.519
OT16 127.9510 28.2012 MNTN 130.8700 30.4624 3.75 378.385 100.795  47.820
OT14 128.4990 28.6807 OT31 129.6990 27.9990 3.79 139.803  36.878 122.426
OT14 128.4990 28.6807 NOMT 131.0600 30.7369 3.68 336.684  91.366  46.770
OT13 128.6020 29.0207 OT21 130.5800 29.4695 3.66 198.634  54.301  75.018
OT12 128.6050 29.2506 KYK  130.4100 30.3781 3.74 214.582  57.375  53.935
OT11 128.6350 29.4318 OT25 130.5810 28.9975 3.84 195.285  50.869 103.796
OT07 128.4610 29.7510 TAS  130.9090 31.1946 3.67 284.364  77.378  55.140
OT05 128.0760 29.0927 TAS  130.9090 31.1946 3.68 358.859  97.384  48.814
OT05 128.0760 29.0927 KYK  130.4100 30.3781 3.85 266.957  69.376  57.172
OT02 127.8730 28.7925 TAS  130.9090 31.1946 3.69 395.898 107.377  46.991
OT02 127.8730 28.7925 OT21 130.5800 29.4695 3.66 273.961  74.873  73.451
OT01 127.7730 28.6329 TAS  130.9090 31.1946 3.68 415.117 112.865  46.074
OT01 127.7730 28.6329 OT25 130.5810 28.9975 3.83 277.060  72.377  80.942
OKED 128.6160 27.3855 OT21 130.5800 29.4695 3.67 300.631  81.827  39.343
OKED 128.6160 27.3855 OT19 129.6600 29.2404 3.78 229.670  60.808  26.238
KGM  128.2150 26.7567 OT11 128.6350 29.4318 3.70 299.312  80.873   7.821
OT34 129.4000 27.3185 OT25 130.5810 28.9975 3.76 219.251  58.374  31.660
OT34 129.4000 27.3185 OT23 130.8810 29.5506 3.78 286.760  75.883  30.039
OT33 129.4500 27.5472 OT19 129.6600 29.2404 3.71 188.775  50.869   6.206
OT27 130.2110 28.9197 NOMT 131.0600 30.7369 3.61 217.517  60.304  21.960
OT25 130.5810 28.9975 MNTN 130.8700 30.4624 3.76 164.766  43.879   9.699
OT19 129.6600 29.2404 OT29 130.5910 28.3600 3.67 133.375  36.372 136.796
OT19 129.6600 29.2404 OT23 130.8810 29.5506 3.81 123.421  32.377  73.527
OT16 127.9510 28.2012 OT21 130.5800 29.4695 3.73 292.543  78.346  60.657
OT16 127.9510 28.2012 NOMT 131.0600 30.7369 3.68 412.195 111.888  46.262
OT13 128.6020 29.0207 OT20 130.1540 29.2781 3.81 153.726  40.380  78.929
OT07 128.4610 29.7510 OT34 129.4000 27.3185 3.75 284.826  75.873 160.947
OT05 128.0760 29.0927 OKED 128.6160 27.3855 3.82 196.472  51.379 164.237
OT03 128.1910 28.8611 OT19 129.6600 29.2404 3.99 149.098  37.377  73.269
OT02 127.8730 28.7925 TKRS 129.2090 29.1442 3.74 135.955  36.371  73.016
OKED 128.6160 27.3855 OT11 128.6350 29.4318 3.76 226.797  60.254   0.470
TKRS 129.2090 29.1442 NOMT 131.0600 30.7369 3.68 251.221  68.341  44.895
OT34 129.4000 27.3185 TAS  130.9090 31.1946 3.68 453.951 123.390  18.484
OT14 128.4990 28.6807 MNTN 130.8700 30.4624 3.70 302.957  81.880  48.743
OT05 128.0760 29.0927 OT34 129.4000 27.3185 3.66 235.714  64.368 146.212
OT03 128.1910 28.8611 OT21 130.5800 29.4695 3.62 241.991  66.867  73.243
OT03 128.1910 28.8611 OKED 128.6160 27.3855 3.89 168.768  43.374 165.591
OT01 127.7730 28.6329 NOMT 131.0600 30.7369 3.66 394.441 107.800  52.955
OKED 128.6160 27.3855 OT28 130.2290 28.5500 3.73 204.546  54.794  50.509
KGM  128.2150 26.7567 OT23 130.8810 29.5506 3.71 405.470 109.380  39.603
TKRS 129.2090 29.1442 KYK  130.4100 30.3781 3.71 179.439  48.379  40.045
OT26 130.4990 28.8494 NOMT 131.0600 30.7369 3.52 216.152  61.372  14.400
OT16 127.9510 28.2012 OT31 129.6990 27.9990 3.82 173.193  45.327  97.024
OT13 128.6020 29.0207 OT29 130.5910 28.3600 3.75 207.759  55.373 110.160
OT12 128.6050 29.2506 OT24 130.8400 29.4501 3.67 218.139  59.374  83.638
OT12 128.6050 29.2506 OT21 130.5800 29.4695 3.73 193.280  51.832  82.308
OT11 128.6350 29.4318 OT28 130.2290 28.5500 3.72 183.501  49.381 121.795
OT11 128.6350 29.4318 KYK  130.4100 30.3781 3.80 200.969  52.873  58.099
OT07 128.4610 29.7510 OT29 130.5910 28.3600 3.78 258.452  68.374 126.101
OT02 127.8730 28.7925 OT29 130.5910 28.3600 3.79 270.269  71.368  99.566
OT02 127.8730 28.7925 OKED 128.6160 27.3855 3.71 172.186  46.374 154.727
OT02 127.8730 28.7925 AMG  128.9210 27.8215 3.89 148.859  38.218 136.047
GMZK 129.6510 28.4973 NOMT 131.0600 30.7369 3.68 283.274  76.872  28.450
OT31 129.6990 27.9990 OT24 130.8400 29.4501 3.67 195.700  53.266  34.464
OT30 130.3310 28.1010 TAS  130.9090 31.1946 3.62 347.456  95.876   9.133
OT06 128.3050 29.3225 OT31 129.6990 27.9990 3.79 200.191  52.877 136.779
OT05 128.0760 29.0927 OT24 130.8400 29.4501 3.75 271.513  72.384  80.940
OT04 128.2550 29.0525 OT27 130.2110 28.9197 3.88 191.211  49.332  93.943
OT02 127.8730 28.7925 MNTN 130.8700 30.4624 3.65 344.275  94.374  56.749
OT01 127.7730 28.6329 OT31 129.6990 27.9990 3.78 201.491  53.375 109.949
AMG  128.9210 27.8215 OT25 130.5810 28.9975 3.66 208.434  56.871  50.907
OT34 129.4000 27.3185 OT29 130.5910 28.3600 3.71 164.568  44.370  45.192
OT34 129.4000 27.3185 MNTN 130.8700 30.4624 3.72 376.775 101.311  22.015
OT33 129.4500 27.5472 TAS  130.9090 31.1946 3.68 428.375 116.375  18.959
OT33 129.4500 27.5472 OT27 130.2110 28.9197 3.69 169.449  45.871  25.972
OT31 129.6990 27.9990 TAS  130.9090 31.1946 3.66 373.117 101.889  18.023
OT30 130.3310 28.1010 OT21 130.5800 29.4695 3.71 153.614  41.372   9.055
OT29 130.5910 28.3600 OT24 130.8400 29.4501 3.81 123.233  32.379  11.296
OT28 130.2290 28.5500 OT21 130.5800 29.4695 3.79 107.514  28.375  18.490
OT17 128.4090 28.0396 TAS  130.9090 31.1946 3.72 425.328 114.366  34.090
OT13 128.6020 29.0207 NOMT 131.0600 30.7369 3.61 304.269  84.332  50.698
OT12 128.6050 29.2506 NOMT 131.0600 30.7369 3.68 288.524  78.318  54.572
OT12 128.6050 29.2506 AMG  128.9210 27.8215 3.85 161.375  41.872 168.881
OT07 128.4610 29.7510 NOMT 131.0600 30.7369 3.85 272.968  70.882  65.750
OT05 128.0760 29.0927 OT29 130.5910 28.3600 3.70 258.785  69.866 107.683
OT05 128.0760 29.0927 OT28 130.2290 28.5500 3.74 218.534  58.369 105.458
OT04 128.2550 29.0525 NOMT 131.0600 30.7369 3.66 329.059  89.882  54.741
OKED 128.6160 27.3855 GMZK 129.6510 28.4973 3.73 159.905  42.870  39.360
OT33 129.4500 27.5472 OT30 130.3310 28.1010 3.75 106.293  28.375  54.530
OT30 130.3310 28.1010 OT23 130.8810 29.5506 3.78 169.400  44.874  18.351
OT21 130.5800 29.4695 NOMT 131.0600 30.7369 3.55 147.921  41.691  18.107
OT17 128.4090 28.0396 KYK  130.4100 30.3781 3.75 324.068  86.372  36.409
OT07 128.4610 29.7510 OT31 129.6990 27.9990 3.67 228.646  62.369 147.831
OT07 128.4610 29.7510 OT25 130.5810 28.9975 3.65 222.117  60.871 111.567
OT03 128.1910 28.8611 MNTN 130.8700 30.4624 3.66 314.269  85.866  54.961
OT34 129.4000 27.3185 OT21 130.5800 29.4695 3.69 264.938  71.877  25.596
OT06 128.3050 29.3225 KYK  130.4100 30.3781 3.76 234.640  62.371  59.569
OT03 128.1910 28.8611 NOMT 131.0600 30.7369 3.68 346.637  94.297  52.440
OKED 128.6160 27.3855 OT30 130.3310 28.1010 3.90 186.778  47.880  64.484
OT34 129.4000 27.3185 NOMT 131.0600 30.7369 3.68 411.922 111.814  22.712
OT31 129.6990 27.9990 MNTN 130.8700 30.4624 3.68 295.834  80.281  22.360
KGM  128.2150 26.7567 KYK  130.4100 30.3781 3.73 455.152 121.861  27.631
AMG  128.9210 27.8215 MNTN 130.8700 30.4624 3.76 348.761  92.805  32.472
OT17 128.4090 28.0396 NOMT 131.0600 30.7369 3.73 394.437 105.861  40.079
OT17 128.4090 28.0396 MNTN 130.8700 30.4624 3.71 359.609  96.825  41.103
