KGM  128.2150 26.7567 OT04 128.2550 29.0525 3.60 254.446  70.758   0.864
KGM  128.2150 26.7567 GMZK 129.6510 28.4973 3.46 239.356  69.258  35.983
GMZK 129.6510 28.4973 TAS  130.9090 31.1946 3.52 322.754  91.744  21.815
GMZK 129.6510 28.4973 KYK  130.4100 30.3781 3.55 221.081  62.241  19.258
OT07 128.4610 29.7510 OT30 130.3310 28.1010 3.50 258.218  73.755 134.635
AMG  128.9210 27.8215 KYK  130.4100 30.3781 3.59 318.263  88.727  26.728
OT04 128.2550 29.0525 OT26 130.4990 28.8494 3.65 219.937  60.257  95.333
OT04 128.2550 29.0525 KYK  130.4100 30.3781 3.58 255.097  71.256  54.303
OT14 128.4990 28.6807 KYK  130.4100 30.3781 3.63 264.016  72.752  44.087
OT02 127.8730 28.7925 OT28 130.2290 28.5500 3.61 231.858  64.244  96.093
KGM  128.2150 26.7567 OT29 130.5910 28.3600 3.37 294.320  87.258  52.328
OT34 129.4000 27.3185 OT27 130.2110 28.9197 3.34 194.496  58.180  23.981
OT02 127.8730 28.7925 OT27 130.2110 28.9197 3.61 228.598  63.253  85.903
KGM  128.2150 26.7567 OT24 130.8400 29.4501 3.44 394.467 114.737  40.225
OT28 130.2290 28.5500 NOMT 131.0600 30.7369 3.33 255.433  76.707  18.170
OT17 128.4090 28.0396 OT24 130.8400 29.4501 3.57 284.272  79.740  56.063
OT04 128.2550 29.0525 OT30 130.3310 28.1010 3.48 228.867  65.747 116.939
KGM  128.2150 26.7567 OT33 129.4500 27.5472 3.41 150.507  44.176  54.132
KGM  128.2150 26.7567 OT14 128.4990 28.6807 3.63 215.037  59.255   7.413
OT28 130.2290 28.5500 TAS  130.9090 31.1946 3.37 300.437  89.256  12.474
OT11 128.6350 29.4318 OT34 129.4000 27.3185 3.55 245.935  69.258 162.052
OT04 128.2550 29.0525 OT34 129.4000 27.3185 3.52 222.676  63.242 149.381
KGM  128.2150 26.7567 OT20 130.1540 29.2781 3.46 338.279  97.740  33.865
OT27 130.2110 28.9197 TAS  130.9090 31.1946 3.40 261.015  76.747  14.778
OT20 130.1540 29.2781 TAS  130.9090 31.1946 3.41 224.538  65.751  18.694
OT01 127.7730 28.6329 OT34 129.4000 27.3185 3.53 216.441  61.245 131.914
KYK  130.4100 30.3781 OT25 130.5810 28.9975 3.48 153.933  44.246 173.771
KGM  128.2150 26.7567 OT28 130.2290 28.5500 3.40 280.989  82.741  44.532
KGM  128.2150 26.7567 OT06 128.3050 29.3225 3.57 284.480  79.753   1.758
OT34 129.4000 27.3185 OT28 130.2290 28.5500 3.36 158.962  47.254  30.657
OT34 129.4000 27.3185 KYK  130.4100 30.3781 3.47 353.116 101.763  15.957
OT29 130.5910 28.3600 TAS  130.9090 31.1946 3.39 315.713  93.241   5.510
OT28 130.2290 28.5500 KYK  130.4100 30.3781 3.46 203.394  58.750   4.913
OT25 130.5810 28.9975 TAS  130.9090 31.1946 3.42 245.602  71.751   7.315
OT21 130.5800 29.4695 TAS  130.9090 31.1946 3.39 193.842  57.248   9.314
OT14 128.4990 28.6807 OT20 130.1540 29.2781 3.61 174.381  48.258  67.287
OT13 128.6020 29.0207 OT24 130.8400 29.4501 3.58 222.742  62.253  77.120
OT03 128.1910 28.8611 KGM  128.2150 26.7567 3.63 233.215  64.247 179.411
OT01 127.7730 28.6329 KGM  128.2150 26.7567 3.59 212.434  59.256 168.052
AMG  128.9210 27.8215 OT21 130.5800 29.4695 3.45 244.263  70.719  41.213
OT28 130.2290 28.5500 MNTN 130.8700 30.4624 3.34 220.913  66.241  16.199
OT27 130.2110 28.9197 KYK  130.4100 30.3781 3.52 162.802  46.251   6.745
OT24 130.8400 29.4501 TAS  130.9090 31.1946 3.41 193.506  56.747   1.951
OT20 130.1540 29.2781 NOMT 131.0600 30.7369 3.33 183.816  55.250  28.162
OT16 127.9510 28.2012 OT20 130.1540 29.2781 3.61 246.087  68.244  60.464
OT14 128.4990 28.6807 OT34 129.4000 27.3185 3.56 175.069  49.246 149.361
OT13 128.6020 29.0207 OT34 129.4000 27.3185 3.51 204.294  58.253 157.236
OT10 128.8440 29.6621 NOMT 131.0600 30.7369 3.48 244.431  70.259  60.276
OT06 128.3050 29.3225 TAS  130.9090 31.1946 3.57 325.370  91.242  49.725
KYK  130.4100 30.3781 OT29 130.5910 28.3600 3.52 224.384  63.745 175.451
KYK  130.4100 30.3781 OT23 130.8810 29.5506 3.50 102.390  29.246 153.505
KGM  128.2150 26.7567 OT34 129.4000 27.3185 3.43 133.056  38.747  61.839
KGM  128.2150 26.7567 OT30 130.3310 28.1010 3.43 256.800  74.760  54.065
KGM  128.2150 26.7567 OT21 130.5800 29.4695 3.43 379.947 110.739  37.154
KGM  128.2150 26.7567 OT07 128.4610 29.7510 3.59 332.717  92.756   4.103
GMZK 129.6510 28.4973 MNTN 130.8700 30.4624 3.41 247.821  72.653  28.193
OT33 129.4500 27.5472 KYK  130.4100 30.3781 3.46 327.410  94.737  16.374
OT31 129.6990 27.9990 KYK  130.4100 30.3781 3.46 272.614  78.745  14.525
OT30 130.3310 28.1010 NOMT 131.0600 30.7369 3.37 300.620  89.258  13.438
OT11 128.6350 29.4318 OT29 130.5910 28.3600 3.50 224.778  64.259 121.429
OT07 128.4610 29.7510 OT33 129.4500 27.5472 3.56 262.679  73.745 158.169
OT02 127.8730 28.7925 OT19 129.6600 29.2404 3.71 181.072  48.754  73.658
KGM  128.2150 26.7567 TKRS 129.2090 29.1442 3.58 282.067  78.746  20.052
KGM  128.2150 26.7567 OT27 130.2110 28.9197 3.40 309.992  91.255  38.899
KGM  128.2150 26.7567 OT25 130.5810 28.9975 3.41 340.488  99.762  42.631
KGM  128.2150 26.7567 AMG  128.9210 27.8215 3.41 137.132  40.250  30.480
OT29 130.5910 28.3600 NOMT 131.0600 30.7369 3.42 267.360  78.244   9.670
OT17 128.4090 28.0396 OT27 130.2110 28.9197 3.58 201.591  56.247  60.639
OT11 128.6350 29.4318 OT27 130.2110 28.9197 3.57 163.481  45.755 109.932
OT07 128.4610 29.7510 OT28 130.2290 28.5500 3.61 217.460  60.255 127.312
OT06 128.3050 29.3225 OT30 130.3310 28.1010 3.59 239.806  66.743 123.882
OT02 127.8730 28.7925 KGM  128.2150 26.7567 3.58 228.114  63.755 171.404
OT01 127.7730 28.6329 OT33 129.4500 27.5472 3.56 204.049  57.253 125.736
OT01 127.7730 28.6329 OT24 130.8400 29.4501 3.54 312.143  88.251  72.396
AMG  128.9210 27.8215 NOMT 131.0600 30.7369 3.45 384.202 111.266  32.235
OT33 129.4500 27.5472 MNTN 130.8700 30.4624 3.44 351.478 102.263  22.844
OT16 127.9510 28.2012 OT34 129.4000 27.3185 3.59 173.145  48.243 124.060
OT04 128.2550 29.0525 OT24 130.8400 29.4501 3.61 255.146  70.756  79.427
OT04 128.2550 29.0525 OT17 128.4090 28.0396 3.81 113.273  29.746 172.287
OKED 128.6160 27.3855 OT27 130.2110 28.9197 3.39 231.212  68.224  42.291
KYK  130.4100 30.3781 TAS  130.9090 31.1946 3.50 102.368  29.261  27.710
KGM  128.2150 26.7567 OT13 128.6020 29.0207 3.59 253.763  70.745   8.538
OT21 130.5800 29.4695 OT29 130.5910 28.3600 3.49 122.976  35.247 179.488
OT20 130.1540 29.2781 MNTN 130.8700 30.4624 3.32 148.379  44.746  27.606
OT20 130.1540 29.2781 KYK  130.4100 30.3781 3.43 124.410  36.250  11.386
OT16 127.9510 28.2012 TKRS 129.2090 29.1442 3.65 161.354  44.255  49.331
OT16 127.9510 28.2012 OT24 130.8400 29.4501 3.54 314.099  88.754  63.166
OT13 128.6020 29.0207 OT33 129.4500 27.5472 3.58 183.277  51.252 152.797
OT11 128.6350 29.4318 TAS  130.9090 31.1946 3.57 293.316  82.254  47.659
OT11 128.6350 29.4318 OT30 130.3310 28.1010 3.48 221.783  63.749 131.276
OT07 128.4610 29.7510 AMG  128.9210 27.8215 3.63 218.517  60.198 168.030
OT06 128.3050 29.3225 OT29 130.5910 28.3600 3.52 247.299  70.255 115.002
OT03 128.1910 28.8611 KYK  130.4100 30.3781 3.58 272.847  76.257  51.415
OT01 127.7730 28.6329 OT30 130.3310 28.1010 3.62 257.563  71.248 102.623
OT01 127.7730 28.6329 OT27 130.2110 28.9197 3.55 240.155  67.745  81.812
OT01 127.7730 28.6329 OT19 129.6600 29.2404 3.68 195.892  53.246  69.444
OT30 130.3310 28.1010 KYK  130.4100 30.3781 3.42 252.511  73.747   1.722
OT26 130.4990 28.8494 TAS  130.9090 31.1946 3.40 262.968  77.253   8.555
OT25 130.5810 28.9975 NOMT 131.0600 30.7369 3.35 198.290  59.244  13.376
OT16 127.9510 28.2012 KGM  128.2150 26.7567 3.62 162.181  44.752 170.678
OT13 128.6020 29.0207 KYK  130.4100 30.3781 3.59 230.762  64.243  48.864
OT07 128.4610 29.7510 OT27 130.2110 28.9197 3.53 193.305  54.699 118.039
OT06 128.3050 29.3225 OT28 130.2290 28.5500 3.48 206.164  59.243 114.072
OT06 128.3050 29.3225 GMZK 129.6510 28.4973 3.74 160.013  42.750 124.536
OT02 127.8730 28.7925 OT11 128.6350 29.4318 3.70 102.597  27.751  46.135
OT02 127.8730 28.7925 OT07 128.4610 29.7510 3.86 120.666  31.253  28.161
OT01 127.7730 28.6329 OT11 128.6350 29.4318 3.67 122.008  33.254  43.262
KGM  128.2150 26.7567 OT19 129.6600 29.2404 3.61 309.753  85.757  26.973
AMG  128.9210 27.8215 OT28 130.2290 28.5500 3.39 151.657  44.750  57.530
OT34 129.4000 27.3185 OT26 130.4990 28.8494 3.45 201.094  58.254  32.216
OT34 129.4000 27.3185 OT20 130.1540 29.2781 3.36 229.415  68.258  18.628
OT33 129.4500 27.5472 OT25 130.5810 28.9975 3.41 195.321  57.245  34.361
OT28 130.2290 28.5500 OT24 130.8400 29.4501 3.34 116.202  34.749  30.701
OT24 130.8400 29.4501 NOMT 131.0600 30.7369 3.34 144.219  43.244   8.401
OT23 130.8810 29.5506 NOMT 131.0600 30.7369 3.35 132.637  39.640   7.427
OT17 128.4090 28.0396 OT28 130.2290 28.5500 3.52 187.217  53.247  71.987
OT16 127.9510 28.2012 OT12 128.6050 29.2506 3.66 132.709  36.249  28.633
OT13 128.6020 29.0207 OT30 130.3310 28.1010 3.52 197.517  56.193 120.654
OT13 128.6020 29.0207 OT28 130.2290 28.5500 3.54 167.186  47.228 107.791
OT07 128.4610 29.7510 KYK  130.4100 30.3781 3.63 200.335  55.250  69.213
OT05 128.0760 29.0927 OT30 130.3310 28.1010 3.54 246.414  69.707 115.949
OT04 128.2550 29.0525 OT33 129.4500 27.5472 3.56 203.906  57.245 144.614
OT04 128.2550 29.0525 GMZK 129.6510 28.4973 3.67 149.628  40.748 113.948
OT03 128.1910 28.8611 OT33 129.4500 27.5472 3.59 190.989  53.245 139.377
OT03 128.1910 28.8611 AMG  128.9210 27.8215 3.59 135.641  37.751 147.975
OT02 127.8730 28.7925 OT33 129.4500 27.5472 3.59 207.473  57.744 131.322
OT02 127.8730 28.7925 OT24 130.8400 29.4501 3.56 297.867  83.741  75.121
OT01 127.7730 28.6329 OT07 128.4610 29.7510 3.73 140.844  37.750  28.204
OKED 128.6160 27.3855 TKRS 129.2090 29.1442 3.59 203.416  56.709  16.487
OKED 128.6160 27.3855 KYK  130.4100 30.3781 3.58 375.013 104.723  27.392
KGM  128.2150 26.7567 OT26 130.4990 28.8494 3.38 323.125  95.741  43.614
OT34 129.4000 27.3185 GMZK 129.6510 28.4973 3.48 132.946  38.247  10.650
OT33 129.4500 27.5472 OT23 130.8810 29.5506 3.51 262.504  74.745  31.904
OT19 129.6600 29.2404 TAS  130.9090 31.1946 3.60 247.779  68.751  28.729
OT19 129.6600 29.2404 NOMT 131.0600 30.7369 3.50 213.951  61.146  38.816
OT17 128.4090 28.0396 OT33 129.4500 27.5472 3.61 116.181  32.201 117.770
OT16 127.9510 28.2012 OT19 129.6600 29.2404 3.67 202.820  55.249  54.993
OT13 128.6020 29.0207 TAS  130.9090 31.1946 3.59 327.902  91.261  42.132
OT13 128.6020 29.0207 OT25 130.5810 28.9975 3.62 192.869  53.249  90.286
OT12 128.6050 29.2506 OT31 129.6990 27.9990 3.56 175.139  49.238 142.112
OT06 128.3050 29.3225 OT33 129.4500 27.5472 3.53 226.475  64.248 150.039
OT06 128.3050 29.3225 OT27 130.2110 28.9197 3.72 190.787  51.246 103.070
OT06 128.3050 29.3225 AMG  128.9210 27.8215 3.67 176.941  48.252 159.934
OT03 128.1910 28.8611 OT28 130.2290 28.5500 3.62 202.054  55.754  99.337
OT02 127.8730 28.7925 OT20 130.1540 29.2781 3.51 228.681  65.244  75.838
OT01 127.7730 28.6329 OKED 128.6160 27.3855 3.64 161.174  44.254 148.862
OKED 128.6160 27.3855 OT20 130.1540 29.2781 3.53 258.373  73.256  35.368
GMZK 129.6510 28.4973 OT21 130.5800 29.4695 3.41 140.725  41.244  39.807
OT34 129.4000 27.3185 OT24 130.8400 29.4501 3.41 275.162  80.740  30.513
OT33 129.4500 27.5472 OT24 130.8400 29.4501 3.43 250.990  73.260  32.508
OT30 130.3310 28.1010 OT24 130.8400 29.4501 3.37 157.574  46.744  18.273
OT19 129.6600 29.2404 OT30 130.3310 28.1010 3.45 142.296  41.245 152.393
OT19 129.6600 29.2404 KYK  130.4100 30.3781 3.71 145.463  39.251  29.707
OT17 128.4090 28.0396 OT34 129.4000 27.3185 3.63 126.280  34.750 129.026
OT16 127.9510 28.2012 TAS  130.9090 31.1946 3.58 438.193 122.264  40.067
OT16 127.9510 28.2012 OT33 129.4500 27.5472 3.52 164.437  46.755 115.801
OT16 127.9510 28.2012 OT30 130.3310 28.1010 3.59 234.014  65.258  92.161
OT16 127.9510 28.2012 OT11 128.6350 29.4318 3.64 151.842  41.738  25.910
OT12 128.6050 29.2506 OT34 129.4000 27.3185 3.52 227.887  64.759 159.796
OT11 128.6350 29.4318 OT33 129.4500 27.5472 3.56 223.596  62.755 158.891
OT07 128.4610 29.7510 OT24 130.8400 29.4501 3.71 232.842  62.744  97.650
OT07 128.4610 29.7510 OT21 130.5800 29.4695 3.69 207.595  56.244  98.123
OT07 128.4610 29.7510 OT14 128.4990 28.6807 3.68 118.689  32.252 178.216
OT06 128.3050 29.3225 OT34 129.4000 27.3185 3.56 246.705  69.241 153.927
OT06 128.3050 29.3225 OT17 128.4090 28.0396 3.68 142.549  38.747 175.878
OT05 128.0760 29.0927 OT33 129.4500 27.5472 3.56 217.920  61.248 141.483
OT05 128.0760 29.0927 OT27 130.2110 28.9197 3.71 208.880  56.256  94.751
OT05 128.0760 29.0927 KGM  128.2150 26.7567 3.59 259.234  72.250 176.940
OT04 128.2550 29.0525 OT31 129.6990 27.9990 3.65 183.333  50.228 129.212
OT04 128.2550 29.0525 OT28 130.2290 28.5500 3.57 200.595  56.252 105.645
OT03 128.1910 28.8611 OT34 129.4000 27.3185 3.51 208.204  59.250 144.907
OT03 128.1910 28.8611 OT24 130.8400 29.4501 3.56 265.862  74.743  75.146
OT02 127.8730 28.7925 OT31 129.6990 27.9990 3.58 199.404  55.746 115.734
OT02 127.8730 28.7925 OT25 130.5810 28.9975 3.62 265.169  73.251  84.435
OT02 127.8730 28.7925 GMZK 129.6510 28.4973 3.79 176.966  46.755 100.229
OT01 127.7730 28.6329 MNTN 130.8700 30.4624 3.58 362.224 101.236  55.206
OT01 127.7730 28.6329 KYK  130.4100 30.3781 3.59 320.577  89.247  52.246
OKED 128.6160 27.3855 OT31 129.6990 27.9990 3.40 126.633  37.245  57.278
KYK  130.4100 30.3781 OT26 130.4990 28.8494 3.52 169.670  48.174 177.063
KYK  130.4100 30.3781 OT24 130.8400 29.4501 3.49 110.945  31.753 157.897
GMZK 129.6510 28.4973 OT24 130.8400 29.4501 3.39 156.767  46.244  47.366
AMG  128.9210 27.8215 OT27 130.2110 28.9197 3.42 175.488  51.252  45.785
AMG  128.9210 27.8215 OT24 130.8400 29.4501 3.44 260.348  75.749  45.656
OT34 129.4000 27.3185 OT30 130.3310 28.1010 3.48 126.256  36.249  46.409
OT33 129.4500 27.5472 OT28 130.2290 28.5500 3.31 134.943  40.756  34.379
OT33 129.4500 27.5472 OT21 130.5800 29.4695 3.39 240.053  70.749  27.176
OT31 129.6990 27.9990 OT25 130.5810 28.9975 3.36 140.395  41.747  37.773
OT31 129.6990 27.9990 OT23 130.8810 29.5506 3.41 207.128  60.741  33.596
OT31 129.6990 27.9990 OT21 130.5800 29.4695 3.34 184.322  55.219  27.638
OT30 130.3310 28.1010 MNTN 130.8700 30.4624 3.37 266.928  79.184  11.192
OT27 130.2110 28.9197 OT30 130.3310 28.1010 3.57  91.492  25.635 172.595
OT24 130.8400 29.4501 MNTN 130.8700 30.4624 3.38 112.248  33.249   1.475
OT21 130.5800 29.4695 MNTN 130.8700 30.4624 3.27 113.566  34.751  14.201
OT19 129.6600 29.2404 OT31 129.6990 27.9990 3.55 137.637  38.749 178.411
OT16 127.9510 28.2012 OT26 130.4990 28.8494 3.45 259.515  75.244  73.327
OT16 127.9510 28.2012 OT07 128.4610 29.7510 3.71 178.822  48.135  16.019
OT14 128.4990 28.6807 OKED 128.6160 27.3855 3.67 143.997  39.247 175.404
OT13 128.6020 29.0207 AMG  128.9210 27.8215 3.66 136.538  37.255 166.676
OT11 128.6350 29.4318 OT21 130.5800 29.4695 3.58 188.764  52.757  88.256
OT11 128.6350 29.4318 NOMT 131.0600 30.7369 3.56 274.941  77.252  57.651
OT11 128.6350 29.4318 GMZK 129.6510 28.4973 3.75 143.336  38.254 136.024
OT05 128.0760 29.0927 NOMT 131.0600 30.7369 3.53 340.942  96.694  56.952
OT04 128.2550 29.0525 OT21 130.5800 29.4695 3.54 230.696  65.242  77.879
OT04 128.2550 29.0525 AMG  128.9210 27.8215 3.63 151.250  41.701 154.265
OT03 128.1910 28.8611 TAS  130.9090 31.1946 3.58 368.285 102.758  44.717
OT02 127.8730 28.7925 OT34 129.4000 27.3185 3.54 221.909  62.757 137.039
OT02 127.8730 28.7925 OT30 130.3310 28.1010 3.50 252.703  72.242 107.068
OT01 127.7730 28.6329 TKRS 129.2090 29.1442 3.62 151.073  41.733  67.624
OKED 128.6160 27.3855 OT24 130.8400 29.4501 3.43 315.990  92.179  43.085
KGM  128.2150 26.7567 OT31 129.6990 27.9990 3.40 201.206  59.248  46.494
KGM  128.2150 26.7567 OT17 128.4090 28.0396 3.70 143.447  38.726   7.643
AMG  128.9210 27.8215 TKRS 129.2090 29.1442 3.71 149.277  40.247  10.808
OT34 129.4000 27.3185 OT19 129.6600 29.2404 3.59 214.509  59.752   6.755
OT33 129.4500 27.5472 NOMT 131.0600 30.7369 3.38 386.688 114.236  23.514
OT31 129.6990 27.9990 NOMT 131.0600 30.7369 3.37 331.005  98.221  23.206
OT27 130.2110 28.9197 MNTN 130.8700 30.4624 3.33 182.516  54.744  20.301
OT17 128.4090 28.0396 OT31 129.6990 27.9990 3.70 126.895  34.250  91.730
OT17 128.4090 28.0396 OT19 129.6600 29.2404 3.71 180.734  48.755  42.282
OT17 128.4090 28.0396 OT13 128.6020 29.0207 3.77 110.356  29.249   9.790
OT16 127.9510 28.2012 OT27 130.2110 28.9197 3.49 235.014  67.262  69.660
OT16 127.9510 28.2012 KYK  130.4100 30.3781 3.58 339.529  94.761  44.123
OT14 128.4990 28.6807 TAS  130.9090 31.1946 3.59 363.023 101.262  39.271
OT14 128.4990 28.6807 OT21 130.5800 29.4695 3.49 220.685  63.179  66.161
OT13 128.6020 29.0207 OKED 128.6160 27.3855 3.64 181.228  49.747 179.567
OT06 128.3050 29.3225 OT21 130.5800 29.4695 3.59 221.431  61.749  85.225
OT05 128.0760 29.0927 OT31 129.6990 27.9990 3.58 199.764  55.753 126.968
OT05 128.0760 29.0927 GMZK 129.6510 28.4973 3.62 167.349  46.203 112.845
OT03 128.1910 28.8611 OT17 128.4090 28.0396 3.88  93.517  24.127 166.742
OT01 127.7730 28.6329 OT17 128.4090 28.0396 3.74  90.630  24.252 136.360
OKED 128.6160 27.3855 OT26 130.4990 28.8494 3.36 246.082  73.260  48.319
OKED 128.6160 27.3855 OT25 130.5810 28.9975 3.38 262.978  77.758  46.752
OT20 130.1540 29.2781 OT30 130.3310 28.1010 3.44 131.596  38.255 172.422
OT17 128.4090 28.0396 TKRS 129.2090 29.1442 3.75 145.276  38.751  32.385
OT17 128.4090 28.0396 OT25 130.5810 28.9975 3.51 237.636  67.741  62.953
OT17 128.4090 28.0396 OT07 128.4610 29.7510 3.71 189.750  51.173   1.519
OT16 127.9510 28.2012 MNTN 130.8700 30.4624 3.60 378.385 105.224  47.820
OT14 128.4990 28.6807 OT31 129.6990 27.9990 3.61 139.803  38.748 122.426
OT14 128.4990 28.6807 NOMT 131.0600 30.7369 3.55 336.684  94.760  46.770
OT13 128.6020 29.0207 OT21 130.5800 29.4695 3.57 198.634  55.671  75.018
OT12 128.6050 29.2506 KYK  130.4100 30.3781 3.62 214.582  59.244  53.935
OT11 128.6350 29.4318 OT25 130.5810 28.9975 3.60 195.285  54.246 103.796
OT07 128.4610 29.7510 TAS  130.9090 31.1946 3.57 284.364  79.743  55.140
OT05 128.0760 29.0927 TAS  130.9090 31.1946 3.60 358.859  99.738  48.814
OT05 128.0760 29.0927 KYK  130.4100 30.3781 3.57 266.957  74.757  57.172
OT03 128.1910 28.8611 OT27 130.2110 28.9197 3.54 197.120  55.747  87.627
OT02 127.8730 28.7925 TAS  130.9090 31.1946 3.59 395.898 110.247  46.991
OT02 127.8730 28.7925 OT21 130.5800 29.4695 3.50 273.961  78.252  73.451
OT02 127.8730 28.7925 OT17 128.4090 28.0396 3.76  98.630  26.252 147.652
OT01 127.7730 28.6329 TAS  130.9090 31.1946 3.57 415.117 116.247  46.074
OT01 127.7730 28.6329 OT25 130.5810 28.9975 3.59 277.060  77.240  80.942
OKED 128.6160 27.3855 OT21 130.5800 29.4695 3.45 300.631  87.190  39.343
OKED 128.6160 27.3855 OT19 129.6600 29.2404 3.61 229.670  63.691  26.238
KGM  128.2150 26.7567 OT11 128.6350 29.4318 3.62 299.312  82.751   7.821
OT34 129.4000 27.3185 OT25 130.5810 28.9975 3.47 219.251  63.258  31.660
OT34 129.4000 27.3185 OT23 130.8810 29.5506 3.42 286.760  83.750  30.039
OT33 129.4500 27.5472 OT26 130.4990 28.8494 3.43 177.287  51.748  35.266
OT33 129.4500 27.5472 OT19 129.6600 29.2404 3.58 188.775  52.745   6.206
OT27 130.2110 28.9197 NOMT 131.0600 30.7369 3.34 217.517  65.203  21.960
OT25 130.5810 28.9975 MNTN 130.8700 30.4624 3.41 164.766  48.248   9.699
OT23 130.8810 29.5506 TAS  130.9090 31.1946 3.42 182.272  53.218   0.842
OT19 129.6600 29.2404 OT29 130.5910 28.3600 3.49 133.375  38.249 136.796
OT19 129.6600 29.2404 OT28 130.2290 28.5500 3.60  94.510  26.253 143.925
OT19 129.6600 29.2404 OT23 130.8810 29.5506 3.55 123.421  34.747  73.527
OT17 128.4090 28.0396 OT20 130.1540 29.2781 3.63 218.956  60.252  50.766
OT17 128.4090 28.0396 OT12 128.6050 29.2506 3.69 135.578  36.752   8.083
OT16 127.9510 28.2012 OT21 130.5800 29.4695 3.54 292.543  82.709  60.657
OT16 127.9510 28.2012 NOMT 131.0600 30.7369 3.56 412.195 115.753  46.262
OT14 128.4990 28.6807 GMZK 129.6510 28.4973 3.85 114.541  29.751  99.948
OT13 128.6020 29.0207 OT20 130.1540 29.2781 3.64 153.726  42.256  78.929
OT13 128.6020 29.0207 GMZK 129.6510 28.4973 3.65 117.778  32.250 119.256
OT07 128.4610 29.7510 OT34 129.4000 27.3185 3.55 284.826  80.255 160.947
OT05 128.0760 29.0927 OKED 128.6160 27.3855 3.62 196.472  54.244 164.237
OT03 128.1910 28.8611 OT19 129.6600 29.2404 3.75 149.098  39.749  73.269
OT02 127.8730 28.7925 TKRS 129.2090 29.1442 3.55 135.955  38.254  73.016
OKED 128.6160 27.3855 OT11 128.6350 29.4318 3.62 226.797  62.668   0.470
TKRS 129.2090 29.1442 NOMT 131.0600 30.7369 3.55 251.221  70.707  44.895
OT28 130.2290 28.5500 OT30 130.3310 28.1010 3.69  50.762  13.749 168.578
OT28 130.2290 28.5500 OT26 130.4990 28.8494 3.61  42.412  11.748  38.455
OT27 130.2110 28.9197 OT24 130.8400 29.4501 3.39  84.861  25.025  45.999
OT14 128.4990 28.6807 OT33 129.4500 27.5472 3.54 156.559  44.176 143.131
OT14 128.4990 28.6807 OT27 130.2110 28.9197 3.58 169.210  47.252  80.584
OT14 128.4990 28.6807 OT25 130.5810 28.9975 3.54 206.210  58.251  79.698
OT14 128.4990 28.6807 MNTN 130.8700 30.4624 3.58 302.957  84.743  48.743
OT14 128.4990 28.6807 AMG  128.9210 27.8215 3.77 103.843  27.574 156.388
OT12 128.6050 29.2506 GMZK 129.6510 28.4973 3.74 131.851  35.254 129.037
OT06 128.3050 29.3225 OT20 130.1540 29.2781 3.72 179.737  48.252  91.119
OT05 128.0760 29.0927 OT34 129.4000 27.3185 3.53 235.714  66.756 146.212
OT03 128.1910 28.8611 OT21 130.5800 29.4695 3.52 241.991  68.747  73.243
OT03 128.1910 28.8611 OKED 128.6160 27.3855 3.69 168.768  45.749 165.591
OT01 127.7730 28.6329 NOMT 131.0600 30.7369 3.56 394.441 110.705  52.955
OKED 128.6160 27.3855 OT28 130.2290 28.5500 3.40 204.546  60.196  50.509
MNTN 130.8700 30.4624 OT23 130.8810 29.5506 3.52 101.076  28.747 179.401
KGM  128.2150 26.7567 OT23 130.8810 29.5506 3.41 405.470 118.767  39.603
KGM  128.2150 26.7567 OKED 128.6160 27.3855 3.53  80.197  22.751  29.598
TKRS 129.2090 29.1442 KYK  130.4100 30.3781 3.64 179.439  49.256  40.045
OT31 129.6990 27.9990 OT26 130.4990 28.8494 3.34 122.591  36.748  39.566
OT26 130.4990 28.8494 NOMT 131.0600 30.7369 3.31 216.152  65.244  14.400
OT17 128.4090 28.0396 OT21 130.5800 29.4695 3.52 264.700  75.242  52.709
OT16 127.9510 28.2012 OT31 129.6990 27.9990 3.63 173.193  47.725  97.024
OT16 127.9510 28.2012 OKED 128.6160 27.3855 3.69 111.626  30.251 143.923
OT14 128.4990 28.6807 OT24 130.8400 29.4501 3.52 243.392  69.244  68.927
OT14 128.4990 28.6807 OT23 130.8810 29.5506 3.63 251.092  69.248  66.846
OT13 128.6020 29.0207 OT29 130.5910 28.3600 3.51 207.759  59.258 110.160
OT12 128.6050 29.2506 TAS  130.9090 31.1946 3.59 309.234  86.258  45.253
OT12 128.6050 29.2506 OT24 130.8400 29.4501 3.59 218.139  60.746  83.638
OT12 128.6050 29.2506 OT21 130.5800 29.4695 3.53 193.280  54.723  82.308
OT11 128.6350 29.4318 OT28 130.2290 28.5500 3.48 183.501  52.745 121.795
OT11 128.6350 29.4318 KYK  130.4100 30.3781 3.54 200.969  56.755  58.099
OT07 128.4610 29.7510 OT29 130.5910 28.3600 3.50 258.452  73.759 126.101
OT02 127.8730 28.7925 OT29 130.5910 28.3600 3.57 270.269  75.748  99.566
OT02 127.8730 28.7925 OKED 128.6160 27.3855 3.61 172.186  47.750 154.727
OT02 127.8730 28.7925 AMG  128.9210 27.8215 3.71 148.859  40.135 136.047
OT01 127.7730 28.6329 OT14 128.4990 28.6807 3.80  71.161  18.751  85.558
OT01 127.7730 28.6329 OT13 128.6020 29.0207 3.70  91.592  24.748  61.815
OT01 127.7730 28.6329 OT12 128.6050 29.2506 3.69 106.159  28.754  49.642
GMZK 129.6510 28.4973 NOMT 131.0600 30.7369 3.36 283.274  84.258  28.450
OT31 129.6990 27.9990 OT24 130.8400 29.4501 3.37 195.700  58.158  34.464
OT31 129.6990 27.9990 OT20 130.1540 29.2781 3.36 148.597  44.252  17.336
OT30 130.3310 28.1010 TAS  130.9090 31.1946 3.41 347.456 101.744   9.133
OT28 130.2290 28.5500 OT25 130.5810 28.9975 3.50  60.377  17.251  34.685
OT27 130.2110 28.9197 OT28 130.2290 28.5500 3.49  41.011  11.751 177.579
OT20 130.1540 29.2781 OT29 130.5910 28.3600 3.47 110.334  31.751 157.152
OT20 130.1540 29.2781 OT28 130.2290 28.5500 3.49  81.023  23.236 174.852
OT19 129.6600 29.2404 OT24 130.8400 29.4501 3.68 116.945  31.753  78.249
OT16 127.9510 28.2012 OT05 128.0760 29.0927 3.59  99.558  27.747   7.021
OT16 127.9510 28.2012 OT04 128.2550 29.0525 3.84  98.907  25.750  17.389
OT12 128.6050 29.2506 OT33 129.4500 27.5472 3.57 206.131  57.724 156.122
OT06 128.3050 29.3225 OT31 129.6990 27.9990 3.56 200.191  56.249 136.779
OT05 128.0760 29.0927 OT24 130.8400 29.4501 3.61 271.513  75.253  80.940
OT04 128.2550 29.0525 OT27 130.2110 28.9197 3.70 191.211  51.721  93.943
OT03 128.1910 28.8611 OT31 129.6990 27.9990 3.57 175.905  49.246 122.539
OT03 128.1910 28.8611 OT25 130.5810 28.9975 3.58 233.534  65.230  85.714
OT03 128.1910 28.8611 OT20 130.1540 29.2781 3.59 196.671  54.753  75.935
OT03 128.1910 28.8611 OT07 128.4610 29.7510 3.89 102.068  26.252  14.832
OT02 127.8730 28.7925 MNTN 130.8700 30.4624 3.56 344.275  96.734  56.749
OT01 127.7730 28.6329 OT31 129.6990 27.9990 3.61 201.491  55.753 109.949
OT01 127.7730 28.6329 OT06 128.3050 29.3225 3.89  92.353  23.747  34.019
KYK  130.4100 30.3781 OT21 130.5800 29.4695 3.49 102.053  29.261 170.685
AMG  128.9210 27.8215 TAS  130.9090 31.1946 3.59 420.630 117.265  26.792
AMG  128.9210 27.8215 OT25 130.5810 28.9975 3.40 208.434  61.250  50.907
TKRS 129.2090 29.1442 TAS  130.9090 31.1946 3.63 280.149  77.240  35.354
TKRS 129.2090 29.1442 OT34 129.4000 27.3185 3.55 203.205  57.225 174.644
TKRS 129.2090 29.1442 OT24 130.8400 29.4501 3.50 162.080  46.256  77.530
OT34 129.4000 27.3185 OT29 130.5910 28.3600 3.45 164.568  47.756  45.192
OT34 129.4000 27.3185 MNTN 130.8700 30.4624 3.40 376.775 110.718  22.015
OT33 129.4500 27.5472 TAS  130.9090 31.1946 3.52 428.375 121.767  18.959
OT33 129.4500 27.5472 OT27 130.2110 28.9197 3.31 169.449  51.255  25.972
OT31 129.6990 27.9990 TAS  130.9090 31.1946 3.45 373.117 108.244  18.023
OT30 130.3310 28.1010 OT21 130.5800 29.4695 3.39 153.614  45.247   9.055
OT29 130.5910 28.3600 OT24 130.8400 29.4501 3.60 123.233  34.250  11.296
OT28 130.2290 28.5500 OT21 130.5800 29.4695 3.39 107.514  31.753  18.490
OT17 128.4090 28.0396 TAS  130.9090 31.1946 3.57 425.328 119.240  34.090
OT17 128.4090 28.0396 OT11 128.6350 29.4318 3.73 155.866  41.754   8.075
OT16 127.9510 28.2012 OT29 130.5910 28.3600 3.45 259.612  75.250  85.492
OT16 127.9510 28.2012 OT25 130.5810 28.9975 3.50 271.965  77.749  70.442
OT14 128.4990 28.6807 TKRS 129.2090 29.1442 3.80  86.201  22.702  53.247
OT13 128.6020 29.0207 NOMT 131.0600 30.7369 3.57 304.269  85.229  50.698
OT12 128.6050 29.2506 OKED 128.6160 27.3855 3.68 206.707  56.170 179.716
OT12 128.6050 29.2506 NOMT 131.0600 30.7369 3.55 288.524  81.229  54.572
OT12 128.6050 29.2506 AMG  128.9210 27.8215 3.69 161.375  43.745 168.881
OT07 128.4610 29.7510 NOMT 131.0600 30.7369 3.53 272.968  77.241  65.750
OT05 128.0760 29.0927 OT29 130.5910 28.3600 3.51 258.785  73.749 107.683
OT05 128.0760 29.0927 OT28 130.2290 28.5500 3.57 218.534  61.248 105.458
OT05 128.0760 29.0927 OT17 128.4090 28.0396 3.82 121.179  31.747 164.318
OT04 128.2550 29.0525 TAS  130.9090 31.1946 3.57 349.015  97.763  46.475
OT04 128.2550 29.0525 NOMT 131.0600 30.7369 3.53 329.059  93.244  54.741
OKED 128.6160 27.3855 GMZK 129.6510 28.4973 3.49 159.905  45.753  39.360
KGM  128.2150 26.7567 OT12 128.6050 29.2506 3.61 279.024  77.249   7.813
GMZK 129.6510 28.4973 OT25 130.5810 28.9975 3.40 106.408  31.251  58.378
TKRS 129.2090 29.1442 OT21 130.5800 29.4695 3.47 138.014  39.751  74.524
OT33 129.4500 27.5472 OT30 130.3310 28.1010 3.57 106.293  29.749  54.530
OT30 130.3310 28.1010 OT23 130.8810 29.5506 3.47 169.400  48.748  18.351
OT21 130.5800 29.4695 OT25 130.5810 28.9975 3.67  52.317  14.251 179.883
OT21 130.5800 29.4695 NOMT 131.0600 30.7369 3.24 147.921  45.626  18.107
OT17 128.4090 28.0396 OT30 130.3310 28.1010 3.55 189.020  53.245  87.487
OT17 128.4090 28.0396 OT29 130.5910 28.3600 3.49 217.158  62.259  80.078
OT17 128.4090 28.0396 KYK  130.4100 30.3781 3.61 324.068  89.745  36.409
OT16 127.9510 28.2012 AMG  128.9210 27.8215 3.90 104.273  26.750 113.573
OT14 128.4990 28.6807 OT30 130.3310 28.1010 3.59 190.681  53.174 109.255
OT14 128.4990 28.6807 OT26 130.4990 28.8494 3.40 196.198  57.756  84.053
OT14 128.4990 28.6807 OT19 129.6600 29.2404 3.66 129.048  35.249  60.990
OT12 128.6050 29.2506 OT30 130.3310 28.1010 3.51 211.373  60.255 126.653
OT12 128.6050 29.2506 OT28 130.2290 28.5500 3.52 176.339  50.168 115.734
OT11 128.6350 29.4318 OT31 129.6990 27.9990 3.53 189.793  53.750 146.536
OT11 128.6350 29.4318 OT26 130.4990 28.8494 3.52 192.530  54.680 109.136
OT11 128.6350 29.4318 AMG  128.9210 27.8215 3.63 180.655  49.754 171.015
OT07 128.4610 29.7510 OT31 129.6990 27.9990 3.59 228.646  63.743 147.831
OT07 128.4610 29.7510 OT25 130.5810 28.9975 3.48 222.117  63.753 111.567
OT07 128.4610 29.7510 OT19 129.6600 29.2404 3.78 129.284  34.247 115.667
OT03 128.1910 28.8611 MNTN 130.8700 30.4624 3.56 314.269  88.253  54.961
OT03 128.1910 28.8611 GMZK 129.6510 28.4973 3.69 148.307  40.213 105.427
OT01 127.7730 28.6329 OT28 130.2290 28.5500 3.52 240.368  68.248  91.606
GMZK 129.6510 28.4973 OT26 130.4990 28.8494 3.36  91.576  27.247  64.575
AMG  128.9210 27.8215 OT30 130.3310 28.1010 3.49 142.131  40.749  77.084
TKRS 129.2090 29.1442 OT33 129.4500 27.5472 3.59 178.564  49.753 172.332
TKRS 129.2090 29.1442 OT28 130.2290 28.5500 3.64 119.334  32.748 123.251
OT34 129.4000 27.3185 OT31 129.6990 27.9990 3.56  80.950  22.752  21.253
OT34 129.4000 27.3185 OT21 130.5800 29.4695 3.41 264.938  77.740  25.596
OT33 129.4500 27.5472 OT29 130.5910 28.3600 3.52 143.965  40.946  51.005
OT31 129.6990 27.9990 OT28 130.2290 28.5500 3.31  80.197  24.251  40.286
OT17 128.4090 28.0396 GMZK 129.6510 28.4973 3.64 132.007  36.246  67.112
OT13 128.6020 29.0207 OT31 129.6990 27.9990 3.69 156.051  42.244 136.257
OT06 128.3050 29.3225 KYK  130.4100 30.3781 3.57 234.640  65.744  59.569
OT05 128.0760 29.0927 TKRS 129.2090 29.1442 4.05 110.390  27.250  86.761
GMZK 129.6510 28.4973 OT19 129.6600 29.2404 3.62  82.367  22.747   0.580
TKRS 129.2090 29.1442 MNTN 130.8700 30.4624 3.57 217.128  60.752  47.299
OT33 129.4500 27.5472 GMZK 129.6510 28.4973 3.43 107.134  31.253  10.603
OT30 130.3310 28.1010 OT26 130.4990 28.8494 3.64  84.559  23.250  11.179
OT16 127.9510 28.2012 OT28 130.2290 28.5500 3.53 226.556  64.253  79.639
OT05 128.0760 29.0927 OT23 130.8810 29.5506 3.57 277.145  77.741  78.767
OT05 128.0760 29.0927 OT21 130.5800 29.4695 3.52 246.878  70.176  79.653
OT03 128.1910 28.8611 OT29 130.5910 28.3600 3.64 241.221  66.251 102.737
OT03 128.1910 28.8611 NOMT 131.0600 30.7369 3.57 346.637  97.206  52.440
OKED 128.6160 27.3855 OT30 130.3310 28.1010 3.51 186.778  53.243  64.484
TKRS 129.2090 29.1442 OT30 130.3310 28.1010 3.41 159.400  46.745 136.228
OT33 129.4500 27.5472 OT20 130.1540 29.2781 3.38 203.864  60.243  19.621
OT31 129.6990 27.9990 OT27 130.2110 28.9197 3.27 113.703  34.750  26.059
OT30 130.3310 28.1010 OT25 130.5810 28.9975 3.44 102.333  29.748  13.790
OT26 130.4990 28.8494 MNTN 130.8700 30.4624 3.33 182.369  54.749  11.277
OT19 129.6600 29.2404 OT26 130.4990 28.8494 3.46  92.495  26.748 117.736
OT16 127.9510 28.2012 OT23 130.8810 29.5506 3.50 322.582  92.245  61.682
OT14 128.4990 28.6807 OT28 130.2290 28.5500 3.60 169.769  47.132  94.482
OT12 128.6050 29.2506 OT29 130.5910 28.3600 3.49 217.552  62.247 116.503
OT12 128.6050 29.2506 OT25 130.5810 28.9975 3.65 194.333  53.257  97.821
OT07 128.4610 29.7510 OT26 130.4990 28.8494 3.42 221.762  64.748 116.285
OT06 128.3050 29.3225 OT24 130.8400 29.4501 3.59 246.495  68.757  86.092
OT06 128.3050 29.3225 NOMT 131.0600 30.7369 3.54 308.541  87.208  58.779
OT03 128.1910 28.8611 OT30 130.3310 28.1010 3.49 225.828  64.757 111.392
OT02 127.8730 28.7925 NOMT 131.0600 30.7369 3.54 376.127 106.251  54.261
OT02 127.8730 28.7925 KYK  130.4100 30.3781 3.57 302.178  84.739  53.819
MNTN 130.8700 30.4624 TAS  130.9090 31.1946 3.42  81.267  23.748   2.623
OT34 129.4000 27.3185 NOMT 131.0600 30.7369 3.37 411.922 122.196  22.712
OT31 129.6990 27.9990 MNTN 130.8700 30.4624 3.39 295.834  87.190  22.360
OT13 128.6020 29.0207 OT27 130.2110 28.9197 3.68 157.232  42.749  93.695
OT11 128.6350 29.4318 OT23 130.8810 29.5506 3.65 218.228  59.733  85.991
OT07 128.4610 29.7510 GMZK 129.6510 28.4973 3.71 180.898  48.746 139.898
OT05 128.0760 29.0927 OT20 130.1540 29.2781 3.68 203.175  55.241  83.692
OT05 128.0760 29.0927 OT19 129.6600 29.2404 3.67 154.942  42.253  83.551
KGM  128.2150 26.7567 KYK  130.4100 30.3781 3.56 455.152 127.744  27.631
AMG  128.9210 27.8215 MNTN 130.8700 30.4624 3.46 348.761 100.711  32.472
OT17 128.4090 28.0396 NOMT 131.0600 30.7369 3.50 394.437 112.728  40.079
OT17 128.4090 28.0396 MNTN 130.8700 30.4624 3.48 359.609 103.217  41.103
OT16 127.9510 28.2012 GMZK 129.6510 28.4973 3.56 169.893  47.750  78.463
OT12 128.6050 29.2506 OT19 129.6600 29.2404 3.76 102.523  27.252  90.376
OT12 128.6050 29.2506 MNTN 130.8700 30.4624 3.58 256.771  71.744  57.902
OT11 128.6350 29.4318 MNTN 130.8700 30.4624 3.66 244.163  66.748  61.552
OT04 128.2550 29.0525 MNTN 130.8700 30.4624 3.55 297.344  83.712  57.653
OT01 127.7730 28.6329 OT29 130.5910 28.3600 3.62 277.569  76.740  95.585
TKRS 129.2090 29.1442 OT31 129.6990 27.9990 3.59 135.673  37.750 159.194
OT26 130.4990 28.8494 OT23 130.8810 29.5506 3.48  86.151  24.749  25.467
OT04 128.2550 29.0525 OT29 130.5910 28.3600 3.56 240.876  67.757 108.019
GMZK 129.6510 28.4973 OT30 130.3310 28.1010 3.43  79.825  23.252 123.219
OT11 128.6350 29.4318 OT24 130.8400 29.4501 3.64 213.970  58.751  88.918
OT07 128.4610 29.7510 OKED 128.6160 27.3855 3.61 262.606  72.744 176.664
OT06 128.3050 29.3225 OT25 130.5810 28.9975 3.63 224.356  61.755  98.686
OT06 128.3050 29.3225 MNTN 130.8700 30.4624 3.65 278.119  76.239  62.348
OT05 128.0760 29.0927 MNTN 130.8700 30.4624 3.60 309.909  86.182  59.983
OT02 127.8730 28.7925 OT26 130.4990 28.8494 3.57 256.426  71.748  87.961
OT19 129.6600 29.2404 MNTN 130.8700 30.4624 3.53 178.952  50.752  40.509
