KGM  128.2150 26.7567 OT04 128.2550 29.0525 2.98 254.446  85.242   0.864
KGM  128.2150 26.7567 GMZK 129.6510 28.4973 3.04 239.356  78.761  35.983
GMZK 129.6510 28.4973 TAS  130.9090 31.1946 2.99 322.754 107.764  21.815
GMZK 129.6510 28.4973 KYK  130.4100 30.3781 2.96 221.081  74.740  19.258
OT07 128.4610 29.7510 OT30 130.3310 28.1010 2.85 258.218  90.762 134.635
AMG  128.9210 27.8215 KYK  130.4100 30.3781 3.05 318.263 104.212  26.728
OT04 128.2550 29.0525 OT26 130.4990 28.8494 2.98 219.937  73.755  95.333
OT04 128.2550 29.0525 KYK  130.4100 30.3781 3.27 255.097  78.114  54.303
OT14 128.4990 28.6807 KYK  130.4100 30.3781 3.04 264.016  86.762  44.087
OT02 127.8730 28.7925 OT28 130.2290 28.5500 2.89 231.858  80.228  96.093
KGM  128.2150 26.7567 OT29 130.5910 28.3600 2.55 294.320 115.239  52.328
OT34 129.4000 27.3185 OT27 130.2110 28.9197 2.54 194.496  76.724  23.981
OT02 127.8730 28.7925 OT27 130.2110 28.9197 3.10 228.598  73.718  85.903
OT17 128.4090 28.0396 OT24 130.8400 29.4501 2.82 284.272 100.734  56.063
OT04 128.2550 29.0525 OT30 130.3310 28.1010 3.02 228.867  75.684 116.939
KGM  128.2150 26.7567 OT33 129.4500 27.5472 2.78 150.507  54.198  54.132
KGM  128.2150 26.7567 OT14 128.4990 28.6807 3.11 215.037  69.255   7.413
OT28 130.2290 28.5500 TAS  130.9090 31.1946 2.81 300.437 106.765  12.474
OT11 128.6350 29.4318 OT34 129.4000 27.3185 2.97 245.935  82.751 162.052
OT04 128.2550 29.0525 OT34 129.4000 27.3185 2.94 222.676  75.740 149.381
KGM  128.2150 26.7567 OT20 130.1540 29.2781 3.00 338.279 112.760  33.865
OT27 130.2110 28.9197 TAS  130.9090 31.1946 2.92 261.015  89.236  14.778
OT20 130.1540 29.2781 TAS  130.9090 31.1946 2.98 224.538  75.247  18.694
OT01 127.7730 28.6329 OT34 129.4000 27.3185 2.93 216.441  73.745 131.914
KYK  130.4100 30.3781 OT25 130.5810 28.9975 2.62 153.933  58.753 173.771
KGM  128.2150 26.7567 OT28 130.2290 28.5500 2.85 280.989  98.766  44.532
KGM  128.2150 26.7567 OT06 128.3050 29.3225 3.00 284.480  94.732   1.758
OT34 129.4000 27.3185 OT28 130.2290 28.5500 2.48 158.962  64.175  30.657
OT34 129.4000 27.3185 KYK  130.4100 30.3781 2.94 353.116 120.230  15.957
OT28 130.2290 28.5500 KYK  130.4100 30.3781 2.78 203.394  73.242   4.913
OT25 130.5810 28.9975 TAS  130.9090 31.1946 2.72 245.602  90.262   7.315
OT21 130.5800 29.4695 TAS  130.9090 31.1946 2.90 193.842  66.750   9.314
OT14 128.4990 28.6807 OT20 130.1540 29.2781 2.97 174.381  58.762  67.287
OT13 128.6020 29.0207 OT24 130.8400 29.4501 2.92 222.742  76.255  77.120
OT03 128.1910 28.8611 KGM  128.2150 26.7567 3.02 233.215  77.249 179.411
OT01 127.7730 28.6329 KGM  128.2150 26.7567 3.11 212.434  68.241 168.052
AMG  128.9210 27.8215 OT21 130.5800 29.4695 3.06 244.263  79.720  41.213
OT27 130.2110 28.9197 KYK  130.4100 30.3781 2.92 162.802  55.754   6.745
OT24 130.8400 29.4501 TAS  130.9090 31.1946 2.73 193.506  70.752   1.951
OT20 130.1540 29.2781 NOMT 131.0600 30.7369 2.86 183.816  64.249  28.162
OT16 127.9510 28.2012 OT20 130.1540 29.2781 2.97 246.087  82.746  60.464
OT14 128.4990 28.6807 OT34 129.4000 27.3185 3.01 175.069  58.240 149.361
OT13 128.6020 29.0207 OT34 129.4000 27.3185 2.95 204.294  69.252 157.236
OT10 128.8440 29.6621 NOMT 131.0600 30.7369 3.01 244.431  81.260  60.276
OT06 128.3050 29.3225 TAS  130.9090 31.1946 3.20 325.370 101.742  49.725
KYK  130.4100 30.3781 OT23 130.8810 29.5506 2.86 102.390  35.751 153.505
KGM  128.2150 26.7567 OT34 129.4000 27.3185 2.82 133.056  47.250  61.839
KGM  128.2150 26.7567 OT07 128.4610 29.7510 3.02 332.717 110.208   4.103
OT33 129.4500 27.5472 KYK  130.4100 30.3781 2.90 327.410 112.744  16.374
OT31 129.6990 27.9990 KYK  130.4100 30.3781 2.95 272.614  92.255  14.525
OT07 128.4610 29.7510 OT33 129.4500 27.5472 3.12 262.679  84.246 158.169
OT02 127.8730 28.7925 OT19 129.6600 29.2404 3.13 181.072  57.758  73.658
KGM  128.2150 26.7567 TKRS 129.2090 29.1442 3.06 282.067  92.239  20.052
KGM  128.2150 26.7567 OT25 130.5810 28.9975 2.80 340.488 121.733  42.631
KGM  128.2150 26.7567 AMG  128.9210 27.8215 3.03 137.132  45.243  30.480
OT17 128.4090 28.0396 OT27 130.2110 28.9197 3.07 201.591  65.750  60.639
OT11 128.6350 29.4318 OT27 130.2110 28.9197 3.04 163.481  53.741 109.932
OT06 128.3050 29.3225 OT30 130.3310 28.1010 2.85 239.806  84.261 123.882
OT02 127.8730 28.7925 KGM  128.2150 26.7567 3.09 228.114  73.728 171.404
OT01 127.7730 28.6329 OT33 129.4500 27.5472 3.03 204.049  67.254 125.736
OT01 127.7730 28.6329 OT24 130.8400 29.4501 2.94 312.143 106.280  72.396
AMG  128.9210 27.8215 NOMT 131.0600 30.7369 3.00 384.202 128.238  32.235
OT16 127.9510 28.2012 OT34 129.4000 27.3185 2.90 173.145  59.746 124.060
OT04 128.2550 29.0525 OT17 128.4090 28.0396 3.17 113.273  35.755 172.287
OKED 128.6160 27.3855 OT27 130.2110 28.9197 3.07 231.212  75.240  42.291
KYK  130.4100 30.3781 TAS  130.9090 31.1946 3.03 102.368  33.747  27.710
KGM  128.2150 26.7567 OT13 128.6020 29.0207 3.12 253.763  81.256   8.538
OT21 130.5800 29.4695 OT29 130.5910 28.3600 2.09 122.976  58.756 179.488
OT20 130.1540 29.2781 MNTN 130.8700 30.4624 2.84 148.379  52.246  27.606
OT20 130.1540 29.2781 KYK  130.4100 30.3781 2.98 124.410  41.748  11.386
OT16 127.9510 28.2012 TKRS 129.2090 29.1442 2.95 161.354  54.752  49.331
OT16 127.9510 28.2012 OT24 130.8400 29.4501 2.85 314.099 110.210  63.166
OT13 128.6020 29.0207 OT33 129.4500 27.5472 2.94 183.277  62.254 152.797
OT11 128.6350 29.4318 TAS  130.9090 31.1946 3.14 293.316  93.264  47.659
OT11 128.6350 29.4318 OT30 130.3310 28.1010 2.73 221.783  81.239 131.276
OT07 128.4610 29.7510 AMG  128.9210 27.8215 3.05 218.517  71.715 168.030
OT03 128.1910 28.8611 KYK  130.4100 30.3781 3.20 272.847  85.238  51.415
OT01 127.7730 28.6329 OT30 130.3310 28.1010 3.04 257.563  84.753 102.623
OT01 127.7730 28.6329 OT27 130.2110 28.9197 2.99 240.155  80.239  81.812
OT01 127.7730 28.6329 OT19 129.6600 29.2404 3.05 195.892  64.248  69.444
OT26 130.4990 28.8494 TAS  130.9090 31.1946 2.68 262.968  98.232   8.555
OT25 130.5810 28.9975 NOMT 131.0600 30.7369 2.69 198.290  73.741  13.376
OT16 127.9510 28.2012 KGM  128.2150 26.7567 3.05 162.181  53.244 170.678
OT13 128.6020 29.0207 KYK  130.4100 30.3781 3.07 230.762  75.240  48.864
OT07 128.4610 29.7510 OT27 130.2110 28.9197 2.88 193.305  67.237 118.039
OT06 128.3050 29.3225 OT28 130.2290 28.5500 2.98 206.164  69.252 114.072
OT06 128.3050 29.3225 GMZK 129.6510 28.4973 3.06 160.013  52.258 124.536
OT02 127.8730 28.7925 OT11 128.6350 29.4318 3.00 102.597  34.245  46.135
OT02 127.8730 28.7925 OT07 128.4610 29.7510 2.92 120.666  41.253  28.161
OT01 127.7730 28.6329 OT11 128.6350 29.4318 2.99 122.008  40.751  43.262
KGM  128.2150 26.7567 OT19 129.6600 29.2404 3.03 309.753 102.262  26.973
AMG  128.9210 27.8215 OT28 130.2290 28.5500 2.88 151.657  52.750  57.530
OT34 129.4000 27.3185 OT26 130.4990 28.8494 2.47 201.094  81.250  32.216
OT33 129.4500 27.5472 OT25 130.5810 28.9975 2.50 195.321  78.254  34.361
OT28 130.2290 28.5500 OT24 130.8400 29.4501 2.49 116.202  46.743  30.701
OT24 130.8400 29.4501 NOMT 131.0600 30.7369 2.66 144.219  54.258   8.401
OT23 130.8810 29.5506 NOMT 131.0600 30.7369 2.64 132.637  50.222   7.427
OT17 128.4090 28.0396 OT28 130.2290 28.5500 2.87 187.217  65.255  71.987
OT16 127.9510 28.2012 OT12 128.6050 29.2506 3.00 132.709  44.251  28.633
OT13 128.6020 29.0207 OT30 130.3310 28.1010 2.79 197.517  70.719 120.654
OT13 128.6020 29.0207 OT28 130.2290 28.5500 2.97 167.186  56.235 107.791
OT07 128.4610 29.7510 KYK  130.4100 30.3781 3.19 200.335  62.742  69.213
OT05 128.0760 29.0927 OT30 130.3310 28.1010 2.94 246.414  83.757 115.949
OT04 128.2550 29.0525 OT33 129.4500 27.5472 3.01 203.906  67.743 144.614
OT04 128.2550 29.0525 GMZK 129.6510 28.4973 3.10 149.628  48.252 113.948
OT03 128.1910 28.8611 OT33 129.4500 27.5472 3.20 190.989  59.759 139.377
OT03 128.1910 28.8611 AMG  128.9210 27.8215 3.03 135.641  44.751 147.975
OT02 127.8730 28.7925 OT33 129.4500 27.5472 3.00 207.473  69.227 131.322
OT02 127.8730 28.7925 OT24 130.8400 29.4501 2.96 297.867 100.699  75.121
OT01 127.7730 28.6329 OT07 128.4610 29.7510 2.95 140.844  47.744  28.204
OKED 128.6160 27.3855 TKRS 129.2090 29.1442 3.05 203.416  66.738  16.487
OKED 128.6160 27.3855 KYK  130.4100 30.3781 3.09 375.013 121.246  27.392
KGM  128.2150 26.7567 OT26 130.4990 28.8494 2.78 323.125 116.274  43.614
OT34 129.4000 27.3185 GMZK 129.6510 28.4973 2.91 132.946  45.749  10.650
OT33 129.4500 27.5472 OT23 130.8810 29.5506 2.58 262.504 101.746  31.904
OT19 129.6600 29.2404 TAS  130.9090 31.1946 3.01 247.779  82.237  28.729
OT17 128.4090 28.0396 OT33 129.4500 27.5472 3.08 116.181  37.733 117.770
OT13 128.6020 29.0207 TAS  130.9090 31.1946 3.06 327.902 107.263  42.132
OT12 128.6050 29.2506 OT31 129.6990 27.9990 3.03 175.139  57.744 142.112
OT06 128.3050 29.3225 OT33 129.4500 27.5472 2.95 226.475  76.745 150.039
OT06 128.3050 29.3225 OT27 130.2110 28.9197 2.95 190.787  64.739 103.070
OT06 128.3050 29.3225 AMG  128.9210 27.8215 3.12 176.941  56.748 159.934
OT02 127.8730 28.7925 OT20 130.1540 29.2781 3.12 228.681  73.248  75.838
OT01 127.7730 28.6329 OKED 128.6160 27.3855 3.06 161.174  52.757 148.862
OKED 128.6160 27.3855 OT20 130.1540 29.2781 3.07 258.373  84.243  35.368
GMZK 129.6510 28.4973 OT21 130.5800 29.4695 2.83 140.725  49.744  39.807
OT19 129.6600 29.2404 KYK  130.4100 30.3781 2.98 145.463  48.748  29.707
OT17 128.4090 28.0396 OT34 129.4000 27.3185 2.95 126.280  42.749 129.026
OT16 127.9510 28.2012 TAS  130.9090 31.1946 3.04 438.193 144.237  40.067
OT16 127.9510 28.2012 OT33 129.4500 27.5472 2.87 164.437  57.255 115.801
OT16 127.9510 28.2012 OT11 128.6350 29.4318 2.99 151.842  50.756  25.910
OT12 128.6050 29.2506 OT34 129.4000 27.3185 2.95 227.887  77.250 159.796
OT11 128.6350 29.4318 OT33 129.4500 27.5472 2.97 223.596  75.260 158.891
OT07 128.4610 29.7510 OT21 130.5800 29.4695 3.02 207.595  68.740  98.123
OT07 128.4610 29.7510 OT14 128.4990 28.6807 3.27 118.689  36.252 178.216
OT06 128.3050 29.3225 OT34 129.4000 27.3185 2.93 246.705  84.171 153.927
OT06 128.3050 29.3225 OT17 128.4090 28.0396 3.18 142.549  44.756 175.878
OT05 128.0760 29.0927 KGM  128.2150 26.7567 3.04 259.234  85.246 176.940
OT04 128.2550 29.0525 OT31 129.6990 27.9990 2.92 183.333  62.742 129.212
OT04 128.2550 29.0525 OT28 130.2290 28.5500 2.90 200.595  69.171 105.645
OT03 128.1910 28.8611 OT34 129.4000 27.3185 3.01 208.204  69.240 144.907
OT03 128.1910 28.8611 OT24 130.8400 29.4501 2.88 265.862  92.249  75.146
OT02 127.8730 28.7925 OT31 129.6990 27.9990 3.01 199.404  66.247 115.734
OT02 127.8730 28.7925 OT25 130.5810 28.9975 2.92 265.169  90.749  84.435
OT02 127.8730 28.7925 GMZK 129.6510 28.4973 3.06 176.966  57.757 100.229
OT01 127.7730 28.6329 KYK  130.4100 30.3781 3.23 320.577  99.250  52.246
OKED 128.6160 27.3855 OT31 129.6990 27.9990 3.00 126.633  42.253  57.278
KYK  130.4100 30.3781 OT26 130.4990 28.8494 2.58 169.670  65.713 177.063
KYK  130.4100 30.3781 OT24 130.8400 29.4501 2.83 110.945  39.245 157.897
AMG  128.9210 27.8215 OT27 130.2110 28.9197 3.09 175.488  56.756  45.785
OT33 129.4500 27.5472 OT28 130.2290 28.5500 2.51 134.943  53.741  34.379
OT33 129.4500 27.5472 OT21 130.5800 29.4695 2.60 240.053  92.222  27.176
OT31 129.6990 27.9990 OT23 130.8810 29.5506 2.60 207.128  79.726  33.596
OT27 130.2110 28.9197 OT30 130.3310 28.1010 2.17  91.492  42.201 172.595
OT24 130.8400 29.4501 MNTN 130.8700 30.4624 2.69 112.248  41.743   1.475
OT21 130.5800 29.4695 MNTN 130.8700 30.4624 2.97 113.566  38.251  14.201
OT19 129.6600 29.2404 OT31 129.6990 27.9990 2.98 137.637  46.249 178.411
OT16 127.9510 28.2012 OT07 128.4610 29.7510 3.02 178.822  59.265  16.019
OT14 128.4990 28.6807 OKED 128.6160 27.3855 3.18 143.997  45.254 175.404
OT13 128.6020 29.0207 AMG  128.9210 27.8215 3.16 136.538  43.249 166.676
OT11 128.6350 29.4318 GMZK 129.6510 28.4973 3.07 143.336  46.750 136.024
OT04 128.2550 29.0525 AMG  128.9210 27.8215 3.14 151.250  48.230 154.265
OT03 128.1910 28.8611 TAS  130.9090 31.1946 3.11 368.285 118.268  44.717
OT02 127.8730 28.7925 OT34 129.4000 27.3185 3.05 221.909  72.757 137.039
OT02 127.8730 28.7925 OT30 130.3310 28.1010 2.76 252.703  91.725 107.068
OT01 127.7730 28.6329 TKRS 129.2090 29.1442 3.04 151.073  49.761  67.624
KGM  128.2150 26.7567 OT31 129.6990 27.9990 2.91 201.206  69.238  46.494
KGM  128.2150 26.7567 OT17 128.4090 28.0396 3.07 143.447  46.751   7.643
AMG  128.9210 27.8215 TKRS 129.2090 29.1442 3.06 149.277  48.751  10.808
OT34 129.4000 27.3185 OT19 129.6600 29.2404 2.93 214.509  73.261   6.755
OT17 128.4090 28.0396 OT31 129.6990 27.9990 3.08 126.895  41.253  91.730
OT17 128.4090 28.0396 OT19 129.6600 29.2404 2.97 180.734  60.751  42.282
OT17 128.4090 28.0396 OT13 128.6020 29.0207 3.09 110.356  35.749   9.790
OT16 127.9510 28.2012 OT27 130.2110 28.9197 3.04 235.014  77.231  69.660
OT16 127.9510 28.2012 KYK  130.4100 30.3781 3.05 339.529 111.248  44.123
OT14 128.4990 28.6807 TAS  130.9090 31.1946 3.02 363.023 120.246  39.271
OT14 128.4990 28.6807 OT21 130.5800 29.4695 2.97 220.685  74.230  66.161
OT13 128.6020 29.0207 OKED 128.6160 27.3855 3.17 181.228  57.242 179.567
OT05 128.0760 29.0927 OT31 129.6990 27.9990 2.93 199.764  68.249 126.968
OT05 128.0760 29.0927 GMZK 129.6510 28.4973 3.00 167.349  55.727 112.845
OT03 128.1910 28.8611 OT17 128.4090 28.0396 3.20  93.517  29.188 166.742
OT01 127.7730 28.6329 OT17 128.4090 28.0396 2.95  90.630  30.753 136.360
OT20 130.1540 29.2781 OT30 130.3310 28.1010 2.24 131.596  58.748 172.422
OT17 128.4090 28.0396 TKRS 129.2090 29.1442 3.04 145.276  47.757  32.385
OT17 128.4090 28.0396 OT25 130.5810 28.9975 2.79 237.636  85.235  62.953
OT16 127.9510 28.2012 MNTN 130.8700 30.4624 3.00 378.385 126.255  47.820
OT14 128.4990 28.6807 OT31 129.6990 27.9990 2.99 139.803  46.757 122.426
OT13 128.6020 29.0207 OT21 130.5800 29.4695 3.05 198.634  65.211  75.018
OT05 128.0760 29.0927 TAS  130.9090 31.1946 3.18 358.859 112.742  48.814
OT03 128.1910 28.8611 OT27 130.2110 28.9197 3.02 197.120  65.250  87.627
OT02 127.8730 28.7925 TAS  130.9090 31.1946 3.14 395.898 126.243  46.991
OT02 127.8730 28.7925 OT21 130.5800 29.4695 3.07 273.961  89.151  73.451
OT02 127.8730 28.7925 OT17 128.4090 28.0396 3.26  98.630  30.254 147.652
OT01 127.7730 28.6329 TAS  130.9090 31.1946 3.13 415.117 132.752  46.074
OT01 127.7730 28.6329 OT25 130.5810 28.9975 2.84 277.060  97.728  80.942
OKED 128.6160 27.3855 OT21 130.5800 29.4695 3.08 300.631  97.734  39.343
OKED 128.6160 27.3855 OT19 129.6600 29.2404 3.14 229.670  73.213  26.238
KGM  128.2150 26.7567 OT11 128.6350 29.4318 3.06 299.312  97.719   7.821
OT33 129.4500 27.5472 OT26 130.4990 28.8494 2.47 177.287  71.747  35.266
OT25 130.5810 28.9975 MNTN 130.8700 30.4624 2.67 164.766  61.756   9.699
OT23 130.8810 29.5506 TAS  130.9090 31.1946 2.73 182.272  66.742   0.842
OT19 129.6600 29.2404 OT28 130.2290 28.5500 2.68  94.510  35.252 143.925
OT19 129.6600 29.2404 OT23 130.8810 29.5506 2.70 123.421  45.745  73.527
OT17 128.4090 28.0396 OT20 130.1540 29.2781 3.01 218.956  72.743  50.766
OT17 128.4090 28.0396 OT12 128.6050 29.2506 3.13 135.578  43.247   8.083
OT14 128.4990 28.6807 GMZK 129.6510 28.4973 3.08 114.541  37.249  99.948
OT13 128.6020 29.0207 GMZK 129.6510 28.4973 3.08 117.778  38.252 119.256
OT03 128.1910 28.8611 OT19 129.6600 29.2404 3.06 149.098  48.757  73.269
OT28 130.2290 28.5500 OT30 130.3310 28.1010 1.93  50.762  26.247 168.578
OT28 130.2290 28.5500 OT26 130.4990 28.8494 2.00  42.412  21.248  38.455
OT27 130.2110 28.9197 OT24 130.8400 29.4501 2.38  84.861  35.641  45.999
OT16 127.9510 28.2012 OT06 128.3050 29.3225 2.99 128.992  43.184  15.457
OT14 128.4990 28.6807 OT33 129.4500 27.5472 3.03 156.559  51.721 143.131
OT14 128.4990 28.6807 OT27 130.2110 28.9197 2.96 169.210  57.243  80.584
OT14 128.4990 28.6807 OT25 130.5810 28.9975 2.74 206.210  75.259  79.698
OT14 128.4990 28.6807 AMG  128.9210 27.8215 3.23 103.843  32.169 156.388
OT12 128.6050 29.2506 GMZK 129.6510 28.4973 3.05 131.851  43.244 129.037
OT07 128.4610 29.7510 OT13 128.6020 29.0207 3.32  82.091  24.748 170.395
OT06 128.3050 29.3225 OT20 130.1540 29.2781 3.01 179.737  59.741  91.119
OT05 128.0760 29.0927 OT11 128.6350 29.4318 3.11  66.040  21.249  55.174
OT04 128.2550 29.0525 OT23 130.8810 29.5506 3.01 261.075  86.694  77.154
OT01 127.7730 28.6329 OT05 128.0760 29.0927 2.91  58.915  20.253  30.046
MNTN 130.8700 30.4624 OT23 130.8810 29.5506 2.58 101.076  39.253 179.401
KGM  128.2150 26.7567 OKED 128.6160 27.3855 3.00  80.197  26.750  29.598
OT31 129.6990 27.9990 OT26 130.4990 28.8494 2.37 122.591  51.748  39.566
OT19 129.6600 29.2404 OT21 130.5800 29.4695 2.79  92.893  33.247  73.911
OT17 128.4090 28.0396 OT21 130.5800 29.4695 3.00 264.700  88.263  52.709
OT16 127.9510 28.2012 OKED 128.6160 27.3855 2.92 111.626  38.254 143.923
OT14 128.4990 28.6807 OT24 130.8400 29.4501 2.81 243.392  86.709  68.927
OT14 128.4990 28.6807 OT23 130.8810 29.5506 2.85 251.092  88.257  66.846
OT12 128.6050 29.2506 TAS  130.9090 31.1946 3.09 309.234 100.238  45.253
OT02 127.8730 28.7925 OT14 128.4990 28.6807 3.42  62.442  18.252 101.296
OT02 127.8730 28.7925 OT04 128.2550 29.0525 2.90  47.103  16.248  52.189
OT01 127.7730 28.6329 OT20 130.1540 29.2781 3.05 242.882  79.712  72.306
OT01 127.7730 28.6329 OT14 128.4990 28.6807 3.13  71.161  22.750  85.558
OT01 127.7730 28.6329 OT13 128.6020 29.0207 2.93  91.592  31.250  61.815
OT01 127.7730 28.6329 OT12 128.6050 29.2506 2.97 106.159  35.756  49.642
OT31 129.6990 27.9990 OT29 130.5910 28.3600 2.06  96.350  46.704  65.257
OT31 129.6990 27.9990 OT20 130.1540 29.2781 2.87 148.597  51.758  17.336
OT28 130.2290 28.5500 OT25 130.5810 28.9975 1.96  60.377  30.758  34.685
OT27 130.2110 28.9197 OT28 130.2290 28.5500 2.25  41.011  18.251 177.579
OT20 130.1540 29.2781 OT29 130.5910 28.3600 2.17 110.334  50.752 157.152
OT20 130.1540 29.2781 OT28 130.2290 28.5500 2.47  81.023  32.750 174.852
OT19 129.6600 29.2404 OT24 130.8400 29.4501 2.64 116.945  44.247  78.249
OT16 127.9510 28.2012 OT13 128.6020 29.0207 3.06 110.901  36.238  34.864
OT16 127.9510 28.2012 OT05 128.0760 29.0927 3.09  99.558  32.251   7.021
OT16 127.9510 28.2012 OT04 128.2550 29.0525 2.97  98.907  33.246  17.389
OT12 128.6050 29.2506 OT33 129.4500 27.5472 2.98 206.131  69.241 156.122
OT04 128.2550 29.0525 OT07 128.4610 29.7510 3.05  79.978  26.248  14.470
OT03 128.1910 28.8611 OT20 130.1540 29.2781 3.04 196.671  64.758  75.935
OT03 128.1910 28.8611 OT07 128.4610 29.7510 3.07 102.068  33.247  14.832
OT01 127.7730 28.6329 OT06 128.3050 29.3225 2.95  92.353  31.253  34.019
KYK  130.4100 30.3781 OT21 130.5800 29.4695 2.89 102.053  35.253 170.685
TKRS 129.2090 29.1442 TAS  130.9090 31.1946 3.25 280.149  86.253  35.354
TKRS 129.2090 29.1442 OT34 129.4000 27.3185 3.00 203.205  67.735 174.644
OT28 130.2290 28.5500 OT29 130.5910 28.3600 1.78  41.297  23.253 120.571
OT25 130.5810 28.9975 OT24 130.8400 29.4501 2.77  56.127  20.248  26.584
OT17 128.4090 28.0396 OT11 128.6350 29.4318 3.13 155.866  49.750   8.075
OT16 127.9510 28.2012 OT29 130.5910 28.3600 2.73 259.612  95.236  85.492
OT16 127.9510 28.2012 OT25 130.5810 28.9975 2.87 271.965  94.761  70.442
OT14 128.4990 28.6807 TKRS 129.2090 29.1442 3.06  86.201  28.216  53.247
OT13 128.6020 29.0207 OT19 129.6600 29.2404 2.96 105.811  35.746  76.439
OT12 128.6050 29.2506 OKED 128.6160 27.3855 3.15 206.707  65.705 179.716
OT06 128.3050 29.3225 OT23 130.8810 29.5506 2.90 251.221  86.748  83.595
OT05 128.0760 29.0927 OT17 128.4090 28.0396 3.01 121.179  40.245 164.318
OT04 128.2550 29.0525 TAS  130.9090 31.1946 3.14 349.015 111.258  46.475
OT02 127.8730 28.7925 OT16 127.9510 28.2012 3.18  65.983  20.749 173.283
OT01 127.7730 28.6329 OT21 130.5800 29.4695 3.00 288.664  96.221  70.589
KGM  128.2150 26.7567 OT12 128.6050 29.2506 3.11 279.024  89.747   7.813
GMZK 129.6510 28.4973 OT25 130.5810 28.9975 2.58 106.408  41.243  58.378
TKRS 129.2090 29.1442 OT21 130.5800 29.4695 2.75 138.014  50.242  74.524
OT31 129.6990 27.9990 OT30 130.3310 28.1010 2.12  63.174  29.729  79.545
OT27 130.2110 28.9197 OT25 130.5810 28.9975 1.75  37.112  21.255  76.476
OT21 130.5800 29.4695 OT25 130.5810 28.9975 2.11  52.317  24.748 179.883
OT16 127.9510 28.2012 AMG  128.9210 27.8215 2.96 104.273  35.251 113.573
OT14 128.4990 28.6807 OT30 130.3310 28.1010 2.88 190.681  66.209 109.255
OT14 128.4990 28.6807 OT26 130.4990 28.8494 2.90 196.198  67.748  84.053
OT14 128.4990 28.6807 OT19 129.6600 29.2404 2.92 129.048  44.255  60.990
OT07 128.4610 29.7510 OT19 129.6600 29.2404 3.21 129.284  40.250 115.667
OT01 127.7730 28.6329 OT04 128.2550 29.0525 2.97  66.111  22.252  45.180
GMZK 129.6510 28.4973 OT26 130.4990 28.8494 2.43  91.576  37.748  64.575
AMG  128.9210 27.8215 OT30 130.3310 28.1010 2.64 142.131  53.756  77.084
TAS  130.9090 31.1946 NOMT 131.0600 30.7369 2.89  52.749  18.252 164.101
OT34 129.4000 27.3185 OT31 129.6990 27.9990 2.59  80.950  31.255  21.253
OT31 129.6990 27.9990 OT28 130.2290 28.5500 2.57  80.197  31.254  40.286
OT17 128.4090 28.0396 OT23 130.8810 29.5506 2.83 293.732 103.719  54.655
OT16 127.9510 28.2012 OT17 128.4090 28.0396 3.28  48.442  14.751 111.590
OT14 128.4990 28.6807 OT11 128.6350 29.4318 3.09  84.294  27.253   8.994
OT11 128.6350 29.4318 OT19 129.6600 29.2404 2.89 101.795  35.248 101.779
OT05 128.0760 29.0927 OT14 128.4990 28.6807 3.04  61.537  20.249 137.804
OT01 127.7730 28.6329 OT16 127.9510 28.2012 3.13  50.924  16.249 159.929
GMZK 129.6510 28.4973 OT19 129.6600 29.2404 3.14  82.367  26.248   0.580
AMG  128.9210 27.8215 OT31 129.6990 27.9990 3.07  79.033  25.752  75.406
OT27 130.2110 28.9197 OT29 130.5910 28.3600 1.75  72.328  41.259 148.962
OT27 130.2110 28.9197 OT23 130.8810 29.5506 2.47  95.578  38.680  42.814
OT26 130.4990 28.8494 OT24 130.8400 29.4501 2.00  74.398  37.255  26.419
OT21 130.5800 29.4695 OT23 130.8810 29.5506 2.39  30.537  12.750  72.806
OT20 130.1540 29.2781 OT26 130.4990 28.8494 2.26  58.170  25.750 144.687
OT17 128.4090 28.0396 OT14 128.4990 28.6807 3.08  71.594  23.252   7.042
OT16 127.9510 28.2012 OT14 128.4990 28.6807 2.99  75.529  25.252  45.155
OT11 128.6350 29.4318 OT20 130.1540 29.2781 2.93 148.530  50.745  96.215
OT06 128.3050 29.3225 OT19 129.6600 29.2404 3.09 131.975  42.752  93.624
GMZK 129.6510 28.4973 OT28 130.2290 28.5500 2.55  56.806  22.251  83.960
OT26 130.4990 28.8494 OT21 130.5800 29.4695 2.18  69.184  31.721   6.538
OT20 130.1540 29.2781 OT24 130.8400 29.4501 2.50  69.263  27.705  73.856
OT20 130.1540 29.2781 OT21 130.5800 29.4695 2.77  46.465  16.750  62.729
OT16 127.9510 28.2012 OT03 128.1910 28.8611 2.93  76.815  26.253  17.749
OT07 128.4610 29.7510 OT23 130.8810 29.5506 2.90 235.346  81.238  94.820
OT06 128.3050 29.3225 OT14 128.4990 28.6807 3.31  73.603  22.250 165.072
OT05 128.0760 29.0927 OT26 130.4990 28.8494 2.91 237.671  81.758  95.930
OT03 128.1910 28.8611 OT11 128.6350 29.4318 3.04  76.585  25.168  34.207
OT02 127.8730 28.7925 OT13 128.6020 29.0207 2.93  75.489  25.747  70.250
OT02 127.8730 28.7925 OT06 128.3050 29.3225 2.92  72.283  24.712  35.536
OT01 127.7730 28.6329 GMZK 129.6510 28.4973 3.09 184.386  59.710  94.228
OKED 128.6160 27.3855 AMG  128.9210 27.8215 3.04  56.958  18.748  31.903
KYK  130.4100 30.3781 NOMT 131.0600 30.7369 2.82  73.995  26.249  57.314
AMG  128.9210 27.8215 OT19 129.6600 29.2404 3.11 173.082  55.743  24.518
OT33 129.4500 27.5472 OT31 129.6990 27.9990 2.56  55.746  21.750  26.030
OT19 129.6600 29.2404 OT20 130.1540 29.2781 2.98  48.235  16.192  84.910
OT17 128.4090 28.0396 OKED 128.6160 27.3855 3.31  75.293  22.747 164.264
OT13 128.6020 29.0207 OT23 130.8810 29.5506 2.89 229.130  79.256  74.595
OT05 128.0760 29.0927 OT25 130.5810 28.9975 2.97 244.212  82.254  91.871
OT03 128.1910 28.8611 TKRS 129.2090 29.1442 3.13 104.008  33.251  72.195
OT03 128.1910 28.8611 OT23 130.8810 29.5506 2.86 272.518  95.253  73.064
OT03 128.1910 28.8611 OT12 128.6050 29.2506 2.99  59.083  19.747  42.957
OT01 127.7730 28.6329 OT03 128.1910 28.8611 2.95  48.027  16.253  58.123
OKED 128.6160 27.3855 TAS  130.9090 31.1946 3.12 477.377 153.251  27.275
OT12 128.6050 29.2506 TKRS 129.2090 29.1442 3.28  59.865  18.252 101.213
OT12 128.6050 29.2506 OT10 128.8440 29.6621 2.96  51.136  17.252  26.820
OT06 128.3050 29.3225 OT07 128.4610 29.7510 2.98  49.852  16.751  17.643
OT04 128.2550 29.0525 OT11 128.6350 29.4318 2.98  55.978  18.753  41.227
OKED 128.6160 27.3855 OT35 129.1000 27.2007 2.78  52.147  18.751 113.005
OT26 130.4990 28.8494 OT29 130.5910 28.3600 2.19  54.988  25.063 170.518
OT20 130.1540 29.2781 OT23 130.8810 29.5506 2.62  76.729  29.252  66.641
OT04 128.2550 29.0525 TKRS 129.2090 29.1442 3.09  93.442  30.250  83.523
OKED 128.6160 27.3855 OT33 129.4500 27.5472 2.84  84.396  29.706  77.548
OKED 128.6160 27.3855 NOMT 131.0600 30.7369 3.02 441.159 146.273  32.069
AMG  128.9210 27.8215 OT33 129.4500 27.5472 2.78  60.378  21.750 120.103
OT14 128.4990 28.6807 OT13 128.6020 29.0207 3.18  38.996  12.251  14.881
OT14 128.4990 28.6807 OT12 128.6050 29.2506 3.16  64.009  20.250   9.289
OT11 128.6350 29.4318 TKRS 129.2090 29.1442 2.95  64.239  21.747 119.609
OT07 128.4610 29.7510 TKRS 129.2090 29.1442 2.97  98.913  33.248 132.657
OT04 128.2550 29.0525 OT14 128.4990 28.6807 3.12  47.610  15.250 149.886
OT03 128.1910 28.8611 OT13 128.6020 29.0207 3.01  43.775  14.567  66.067
OT02 127.8730 28.7925 OT12 128.6050 29.2506 3.05  87.603  28.751  54.402
OT05 128.0760 29.0927 OT13 128.6020 29.0207 3.09  51.814  16.752  98.733
OT05 128.0760 29.0927 OT07 128.4610 29.7510 2.95  81.981  27.753  27.025
OT03 128.1910 28.8611 OT06 128.3050 29.3225 3.12  52.329  16.751  12.207
OKED 128.6160 27.3855 OT34 129.4000 27.3185 2.86  78.001  27.254  95.279
TKRS 129.2090 29.1442 GMZK 129.6510 28.4973 3.07  83.707  27.248 148.828
OT20 130.1540 29.2781 OT27 130.2110 28.9197 2.81  40.104  14.252 172.090
OT13 128.6020 29.0207 OT11 128.6350 29.4318 3.21  45.679  14.248   4.020
OT02 127.8730 28.7925 OT05 128.0760 29.0927 2.82  38.744  13.749  30.771
OT13 128.6020 29.0207 TKRS 129.2090 29.1442 3.01  60.663  20.147  76.810
OT05 128.0760 29.0927 OT12 128.6050 29.2506 3.25  54.372  16.751  71.095
OT21 130.5800 29.4695 OT24 130.8400 29.4501 2.15  25.312  11.751  94.810
OT07 128.4610 29.7510 OT12 128.6050 29.2506 3.32  57.199  17.249 165.826
OT06 128.3050 29.3225 OT11 128.6350 29.4318 3.34  34.234  10.250  69.194
OT05 128.0760 29.0927 OT06 128.3050 29.3225 2.88  33.826  11.749  41.094
OT04 128.2550 29.0525 OT12 128.6050 29.2506 2.98  40.576  13.611  57.154
