KGM  128.2150 26.7567 OT04 128.2550 29.0525 3.08 254.446  82.612   0.864
KGM  128.2150 26.7567 GMZK 129.6510 28.4973 3.12 239.356  76.618  35.983
GMZK 129.6510 28.4973 TAS  130.9090 31.1946 3.06 322.754 105.613  21.815
GMZK 129.6510 28.4973 KYK  130.4100 30.3781 3.02 221.081  73.133  19.258
OT07 128.4610 29.7510 OT30 130.3310 28.1010 2.93 258.218  88.129 134.635
AMG  128.9210 27.8215 KYK  130.4100 30.3781 3.15 318.263 101.132  26.728
OT04 128.2550 29.0525 OT26 130.4990 28.8494 2.99 219.937  73.631  95.333
OT04 128.2550 29.0525 KYK  130.4100 30.3781 3.32 255.097  76.875  54.303
OT14 128.4990 28.6807 KYK  130.4100 30.3781 3.08 264.016  85.636  44.087
OT02 127.8730 28.7925 OT28 130.2290 28.5500 3.03 231.858  76.597  96.093
KGM  128.2150 26.7567 OT29 130.5910 28.3600 2.59 294.320 113.637  52.328
OT34 129.4000 27.3185 OT27 130.2110 28.9197 2.61 194.496  74.605  23.981
OT02 127.8730 28.7925 OT27 130.2110 28.9197 3.24 228.598  70.620  85.903
OT17 128.4090 28.0396 OT24 130.8400 29.4501 2.99 284.272  95.106  56.063
OT04 128.2550 29.0525 OT30 130.3310 28.1010 3.11 228.867  73.614 116.939
KGM  128.2150 26.7567 OT33 129.4500 27.5472 2.81 150.507  53.580  54.132
KGM  128.2150 26.7567 OT14 128.4990 28.6807 3.18 215.037  67.622   7.413
OT28 130.2290 28.5500 TAS  130.9090 31.1946 2.88 300.437 104.138  12.474
OT11 128.6350 29.4318 OT34 129.4000 27.3185 2.99 245.935  82.115 162.052
OT04 128.2550 29.0525 OT34 129.4000 27.3185 2.96 222.676  75.127 149.381
KGM  128.2150 26.7567 OT20 130.1540 29.2781 3.03 338.279 111.643  33.865
OT27 130.2110 28.9197 TAS  130.9090 31.1946 2.98 261.015  87.618  14.778
OT20 130.1540 29.2781 TAS  130.9090 31.1946 3.03 224.538  74.129  18.694
OT01 127.7730 28.6329 OT34 129.4000 27.3185 3.01 216.441  71.824 131.914
KYK  130.4100 30.3781 OT25 130.5810 28.9975 2.69 153.933  57.118 173.771
KGM  128.2150 26.7567 OT28 130.2290 28.5500 2.91 280.989  96.626  44.532
KGM  128.2150 26.7567 OT06 128.3050 29.3225 3.11 284.480  91.561   1.758
OT34 129.4000 27.3185 OT28 130.2290 28.5500 2.64 158.962  60.122  30.657
OT34 129.4000 27.3185 KYK  130.4100 30.3781 2.98 353.116 118.615  15.957
OT28 130.2290 28.5500 KYK  130.4100 30.3781 2.82 203.394  72.126   4.913
OT25 130.5810 28.9975 TAS  130.9090 31.1946 2.77 245.602  88.633   7.315
OT21 130.5800 29.4695 TAS  130.9090 31.1946 2.93 193.842  66.135   9.314
OT14 128.4990 28.6807 OT20 130.1540 29.2781 3.08 174.381  56.616  67.287
OT13 128.6020 29.0207 OT24 130.8400 29.4501 3.03 222.742  73.634  77.120
OT03 128.1910 28.8611 KGM  128.2150 26.7567 3.12 233.215  74.629 179.411
OT01 127.7730 28.6329 KGM  128.2150 26.7567 3.14 212.434  67.633 168.052
AMG  128.9210 27.8215 OT21 130.5800 29.4695 3.11 244.263  78.617  41.213
OT27 130.2110 28.9197 KYK  130.4100 30.3781 2.95 162.802  55.131   6.745
OT24 130.8400 29.4501 TAS  130.9090 31.1946 2.78 193.506  69.632   1.951
OT20 130.1540 29.2781 NOMT 131.0600 30.7369 2.91 183.816  63.124  28.162
OT16 127.9510 28.2012 OT20 130.1540 29.2781 3.07 246.087  80.133  60.464
OT14 128.4990 28.6807 OT34 129.4000 27.3185 3.07 175.069  57.119 149.361
OT13 128.6020 29.0207 OT34 129.4000 27.3185 2.98 204.294  68.624 157.236
OT10 128.8440 29.6621 NOMT 131.0600 30.7369 3.05 244.431  80.115  60.276
OT06 128.3050 29.3225 TAS  130.9090 31.1946 3.22 325.370 101.109  49.725
KYK  130.4100 30.3781 OT23 130.8810 29.5506 2.96 102.390  34.628 153.505
KGM  128.2150 26.7567 OT34 129.4000 27.3185 2.82 133.056  47.133  61.839
KGM  128.2150 26.7567 OT30 130.3310 28.1010 2.58 256.800  99.612  54.065
KGM  128.2150 26.7567 OT07 128.4610 29.7510 3.11 332.717 107.017   4.103
OT33 129.4500 27.5472 KYK  130.4100 30.3781 3.00 327.410 109.137  16.374
OT31 129.6990 27.9990 KYK  130.4100 30.3781 2.99 272.614  91.114  14.525
OT07 128.4610 29.7510 OT33 129.4500 27.5472 3.20 262.679  82.113 158.169
OT02 127.8730 28.7925 OT19 129.6600 29.2404 3.17 181.072  57.121  73.658
KGM  128.2150 26.7567 TKRS 129.2090 29.1442 3.08 282.067  91.640  20.052
KGM  128.2150 26.7567 OT25 130.5810 28.9975 2.88 340.488 118.102  42.631
KGM  128.2150 26.7567 AMG  128.9210 27.8215 3.07 137.132  44.625  30.480
OT17 128.4090 28.0396 OT27 130.2110 28.9197 3.10 201.591  65.134  60.639
OT11 128.6350 29.4318 OT27 130.2110 28.9197 3.11 163.481  52.617 109.932
OT07 128.4610 29.7510 OT28 130.2290 28.5500 2.95 217.460  73.615 127.312
OT06 128.3050 29.3225 OT30 130.3310 28.1010 2.88 239.806  83.122 123.882
OT02 127.8730 28.7925 KGM  128.2150 26.7567 3.14 228.114  72.625 171.404
OT01 127.7730 28.6329 OT33 129.4500 27.5472 3.04 204.049  67.121 125.736
OT01 127.7730 28.6329 OT24 130.8400 29.4501 3.00 312.143 104.117  72.396
AMG  128.9210 27.8215 NOMT 131.0600 30.7369 3.03 384.202 126.632  32.235
OT16 127.9510 28.2012 OT34 129.4000 27.3185 2.98 173.145  58.122 124.060
OT04 128.2550 29.0525 OT17 128.4090 28.0396 3.32 113.273  34.129 172.287
OKED 128.6160 27.3855 OT27 130.2110 28.9197 3.12 231.212  74.130  42.291
KYK  130.4100 30.3781 TAS  130.9090 31.1946 3.09 102.368  33.124  27.710
KGM  128.2150 26.7567 OT13 128.6020 29.0207 3.15 253.763  80.636   8.538
OT21 130.5800 29.4695 OT29 130.5910 28.3600 2.17 122.976  56.619 179.488
OT20 130.1540 29.2781 MNTN 130.8700 30.4624 2.90 148.379  51.130  27.606
OT20 130.1540 29.2781 KYK  130.4100 30.3781 3.03 124.410  41.127  11.386
OT16 127.9510 28.2012 TKRS 129.2090 29.1442 2.98 161.354  54.127  49.331
OT16 127.9510 28.2012 OT24 130.8400 29.4501 2.93 314.099 107.091  63.166
OT13 128.6020 29.0207 OT33 129.4500 27.5472 3.00 183.277  61.133 152.797
OT11 128.6350 29.4318 TAS  130.9090 31.1946 3.17 293.316  92.616  47.659
OT11 128.6350 29.4318 OT30 130.3310 28.1010 2.77 221.783  80.124 131.276
OT07 128.4610 29.7510 AMG  128.9210 27.8215 3.07 218.517  71.086 168.030
OT03 128.1910 28.8611 KYK  130.4100 30.3781 3.20 272.847  85.132  51.415
OT01 127.7730 28.6329 OT30 130.3310 28.1010 3.04 257.563  84.613 102.623
OT01 127.7730 28.6329 OT27 130.2110 28.9197 3.18 240.155  75.616  81.812
OT01 127.7730 28.6329 OT19 129.6600 29.2404 3.10 195.892  63.130  69.444
OT26 130.4990 28.8494 TAS  130.9090 31.1946 2.79 262.968  94.119   8.555
OT25 130.5810 28.9975 NOMT 131.0600 30.7369 2.77 198.290  71.637  13.376
OT16 127.9510 28.2012 KGM  128.2150 26.7567 3.11 162.181  52.131 170.678
OT13 128.6020 29.0207 KYK  130.4100 30.3781 3.11 230.762  74.128  48.864
OT07 128.4610 29.7510 OT27 130.2110 28.9197 2.92 193.305  66.110 118.039
OT06 128.3050 29.3225 OT28 130.2290 28.5500 2.96 206.164  69.626 114.072
OT06 128.3050 29.3225 GMZK 129.6510 28.4973 3.16 160.013  50.621 124.536
OT02 127.8730 28.7925 OT11 128.6350 29.4318 3.10 102.597  33.128  46.135
OT02 127.8730 28.7925 OT07 128.4610 29.7510 3.05 120.666  39.628  28.161
OT01 127.7730 28.6329 OT11 128.6350 29.4318 3.12 122.008  39.130  43.262
KGM  128.2150 26.7567 OT19 129.6600 29.2404 3.14 309.753  98.616  26.973
AMG  128.9210 27.8215 OT28 130.2290 28.5500 2.88 151.657  52.622  57.530
OT34 129.4000 27.3185 OT26 130.4990 28.8494 2.51 201.094  80.117  32.216
OT33 129.4500 27.5472 OT25 130.5810 28.9975 2.55 195.321  76.596  34.361
OT28 130.2290 28.5500 OT24 130.8400 29.4501 2.47 116.202  47.122  30.701
OT24 130.8400 29.4501 NOMT 131.0600 30.7369 2.71 144.219  53.119   8.401
OT23 130.8810 29.5506 NOMT 131.0600 30.7369 2.70 132.637  49.070   7.427
OT17 128.4090 28.0396 OT28 130.2290 28.5500 2.99 187.217  62.635  71.987
OT16 127.9510 28.2012 OT12 128.6050 29.2506 3.08 132.709  43.129  28.633
OT13 128.6020 29.0207 OT30 130.3310 28.1010 2.92 197.517  67.597 120.654
OT13 128.6020 29.0207 OT28 130.2290 28.5500 3.06 167.186  54.600 107.791
OT07 128.4610 29.7510 KYK  130.4100 30.3781 3.17 200.335  63.118  69.213
OT05 128.0760 29.0927 OT30 130.3310 28.1010 2.96 246.414  83.108 115.949
OT04 128.2550 29.0525 OT33 129.4500 27.5472 3.04 203.906  67.118 144.614
OT04 128.2550 29.0525 GMZK 129.6510 28.4973 3.14 149.628  47.622 113.948
OT03 128.1910 28.8611 OT33 129.4500 27.5472 3.18 190.989  60.116 139.377
OT03 128.1910 28.8611 AMG  128.9210 27.8215 3.18 135.641  42.628 147.975
OT02 127.8730 28.7925 OT33 129.4500 27.5472 3.14 207.473  66.116 131.322
OT02 127.8730 28.7925 OT24 130.8400 29.4501 3.04 297.867  98.047  75.121
OT01 127.7730 28.6329 OT07 128.4610 29.7510 3.09 140.844  45.625  28.204
OKED 128.6160 27.3855 TKRS 129.2090 29.1442 3.08 203.416  66.109  16.487
OKED 128.6160 27.3855 KYK  130.4100 30.3781 3.16 375.013 118.637  27.392
KGM  128.2150 26.7567 OT26 130.4990 28.8494 2.88 323.125 112.157  43.614
OT34 129.4000 27.3185 GMZK 129.6510 28.4973 2.91 132.946  45.623  10.650
OT33 129.4500 27.5472 OT23 130.8810 29.5506 2.66 262.504  98.612  31.904
OT19 129.6600 29.2404 TAS  130.9090 31.1946 3.11 247.779  79.621  28.729
OT19 129.6600 29.2404 NOMT 131.0600 30.7369 2.93 213.951  73.096  38.816
OT17 128.4090 28.0396 OT33 129.4500 27.5472 3.05 116.181  38.105 117.770
OT16 127.9510 28.2012 OT19 129.6600 29.2404 3.19 202.820  63.620  54.993
OT13 128.6020 29.0207 TAS  130.9090 31.1946 3.09 327.902 106.117  42.132
OT12 128.6050 29.2506 OT31 129.6990 27.9990 3.07 175.139  57.104 142.112
OT06 128.3050 29.3225 OT33 129.4500 27.5472 2.99 226.475  75.618 150.039
OT06 128.3050 29.3225 OT27 130.2110 28.9197 2.97 190.787  64.130 103.070
OT06 128.3050 29.3225 AMG  128.9210 27.8215 3.15 176.941  56.118 159.934
OT02 127.8730 28.7925 OT20 130.1540 29.2781 3.15 228.681  72.620  75.838
OT01 127.7730 28.6329 OKED 128.6160 27.3855 3.09 161.174  52.126 148.862
OKED 128.6160 27.3855 OT20 130.1540 29.2781 3.09 258.373  83.616  35.368
GMZK 129.6510 28.4973 OT21 130.5800 29.4695 2.84 140.725  49.621  39.807
OT19 129.6600 29.2404 KYK  130.4100 30.3781 3.09 145.463  47.121  29.707
OT17 128.4090 28.0396 OT34 129.4000 27.3185 2.93 126.280  43.128 129.026
OT16 127.9510 28.2012 TAS  130.9090 31.1946 3.08 438.193 142.132  40.067
OT16 127.9510 28.2012 OT33 129.4500 27.5472 2.90 164.437  56.624 115.801
OT16 127.9510 28.2012 OT11 128.6350 29.4318 3.06 151.842  49.624  25.910
OT12 128.6050 29.2506 OT34 129.4000 27.3185 3.01 227.887  75.635 159.796
OT11 128.6350 29.4318 OT33 129.4500 27.5472 3.06 223.596  73.118 158.891
OT07 128.4610 29.7510 OT21 130.5800 29.4695 3.03 207.595  68.626  98.123
OT07 128.4610 29.7510 OT14 128.4990 28.6807 3.38 118.689  35.125 178.216
OT06 128.3050 29.3225 OT34 129.4000 27.3185 2.95 246.705  83.544 153.927
OT06 128.3050 29.3225 OT17 128.4090 28.0396 3.27 142.549  43.620 175.878
OT05 128.0760 29.0927 KGM  128.2150 26.7567 3.08 259.234  84.112 176.940
OT04 128.2550 29.0525 OT31 129.6990 27.9990 3.08 183.333  59.601 129.212
OT04 128.2550 29.0525 OT28 130.2290 28.5500 2.99 200.595  67.044 105.645
OT03 128.1910 28.8611 OT34 129.4000 27.3185 3.03 208.204  68.624 144.907
OT03 128.1910 28.8611 OT24 130.8400 29.4501 2.90 265.862  91.613  75.146
OT02 127.8730 28.7925 OT31 129.6990 27.9990 3.04 199.404  65.615 115.734
OT02 127.8730 28.7925 OT25 130.5810 28.9975 2.96 265.169  89.614  84.435
OT02 127.8730 28.7925 GMZK 129.6510 28.4973 3.10 176.966  57.123 100.229
OT01 127.7730 28.6329 KYK  130.4100 30.3781 3.21 320.577  99.930  52.246
OKED 128.6160 27.3855 OT31 129.6990 27.9990 3.04 126.633  41.628  57.278
KYK  130.4100 30.3781 OT26 130.4990 28.8494 2.71 169.670  62.563 177.063
KYK  130.4100 30.3781 OT24 130.8400 29.4501 2.87 110.945  38.630 157.897
AMG  128.9210 27.8215 OT27 130.2110 28.9197 3.13 175.488  56.120  45.785
OT34 129.4000 27.3185 OT30 130.3310 28.1010 2.27 126.256  55.595  46.409
OT33 129.4500 27.5472 OT28 130.2290 28.5500 2.61 134.943  51.623  34.379
OT33 129.4500 27.5472 OT21 130.5800 29.4695 2.66 240.053  90.110  27.176
OT31 129.6990 27.9990 OT23 130.8810 29.5506 2.62 207.128  79.117  33.596
OT27 130.2110 28.9197 OT30 130.3310 28.1010 2.26  91.492  40.573 172.595
OT24 130.8400 29.4501 MNTN 130.8700 30.4624 2.73 112.248  41.132   1.475
OT21 130.5800 29.4695 MNTN 130.8700 30.4624 3.02 113.566  37.630  14.201
OT19 129.6600 29.2404 OT31 129.6990 27.9990 3.05 137.637  45.127 178.411
OT16 127.9510 28.2012 OT26 130.4990 28.8494 3.07 259.515  84.615  73.327
OT16 127.9510 28.2012 OT07 128.4610 29.7510 3.10 178.822  57.618  16.019
OT14 128.4990 28.6807 OKED 128.6160 27.3855 3.26 143.997  44.130 175.404
OT13 128.6020 29.0207 AMG  128.9210 27.8215 3.28 136.538  41.627 166.676
OT11 128.6350 29.4318 GMZK 129.6510 28.4973 3.11 143.336  46.118 136.024
OT04 128.2550 29.0525 AMG  128.9210 27.8215 3.18 151.250  47.608 154.265
OT03 128.1910 28.8611 TAS  130.9090 31.1946 3.13 368.285 117.625  44.717
OT02 127.8730 28.7925 OT34 129.4000 27.3185 3.08 221.909  72.119 137.039
OT02 127.8730 28.7925 OT30 130.3310 28.1010 2.81 252.703  90.058 107.068
OT01 127.7730 28.6329 TKRS 129.2090 29.1442 3.14 151.073  48.128  67.624
KGM  128.2150 26.7567 OT31 129.6990 27.9990 2.95 201.206  68.136  46.494
KGM  128.2150 26.7567 OT17 128.4090 28.0396 3.14 143.447  45.632   7.643
AMG  128.9210 27.8215 TKRS 129.2090 29.1442 3.13 149.277  47.631  10.808
OT34 129.4000 27.3185 OT19 129.6600 29.2404 2.99 214.509  71.622   6.755
OT17 128.4090 28.0396 OT31 129.6990 27.9990 3.24 126.895  39.129  91.730
OT17 128.4090 28.0396 OT19 129.6600 29.2404 3.03 180.734  59.629  42.282
OT17 128.4090 28.0396 OT13 128.6020 29.0207 3.14 110.356  35.123   9.790
OT16 127.9510 28.2012 OT27 130.2110 28.9197 3.05 235.014  77.130  69.660
OT16 127.9510 28.2012 KYK  130.4100 30.3781 3.10 339.529 109.632  44.123
OT14 128.4990 28.6807 TAS  130.9090 31.1946 3.06 363.023 118.635  39.271
OT14 128.4990 28.6807 OT21 130.5800 29.4695 3.00 220.685  73.586  66.161
OT13 128.6020 29.0207 OKED 128.6160 27.3855 3.20 181.228  56.634 179.567
OT05 128.0760 29.0927 OT31 129.6990 27.9990 3.02 199.764  66.125 126.968
OT05 128.0760 29.0927 GMZK 129.6510 28.4973 3.07 167.349  54.600 112.845
OT03 128.1910 28.8611 OT17 128.4090 28.0396 3.33  93.517  28.066 166.742
OT01 127.7730 28.6329 OT17 128.4090 28.0396 3.01  90.630  30.130 136.360
OKED 128.6160 27.3855 OT26 130.4990 28.8494 2.82 246.082  87.140  48.319
OT20 130.1540 29.2781 OT30 130.3310 28.1010 2.32 131.596  56.625 172.422
OT17 128.4090 28.0396 TKRS 129.2090 29.1442 3.15 145.276  46.119  32.385
OT17 128.4090 28.0396 OT25 130.5810 28.9975 2.84 237.636  83.616  62.953
OT16 127.9510 28.2012 MNTN 130.8700 30.4624 3.06 378.385 123.615  47.820
OT14 128.4990 28.6807 OT31 129.6990 27.9990 3.00 139.803  46.632 122.426
OT13 128.6020 29.0207 OT21 130.5800 29.4695 3.12 198.634  63.583  75.018
OT05 128.0760 29.0927 TAS  130.9090 31.1946 3.23 358.859 111.136  48.814
OT03 128.1910 28.8611 OT27 130.2110 28.9197 3.10 197.120  63.628  87.627
OT02 127.8730 28.7925 TAS  130.9090 31.1946 3.18 395.898 124.614  46.991
OT02 127.8730 28.7925 OT21 130.5800 29.4695 3.09 273.961  88.575  73.451
OT02 127.8730 28.7925 OT17 128.4090 28.0396 3.33  98.630  29.627 147.652
OT01 127.7730 28.6329 TAS  130.9090 31.1946 3.17 415.117 131.117  46.074
OT01 127.7730 28.6329 OT25 130.5810 28.9975 2.96 277.060  93.633  80.942
OKED 128.6160 27.3855 OT21 130.5800 29.4695 3.11 300.631  96.604  39.343
OKED 128.6160 27.3855 OT19 129.6600 29.2404 3.19 229.670  72.087  26.238
KGM  128.2150 26.7567 OT11 128.6350 29.4318 3.11 299.312  96.118   7.821
OT33 129.4500 27.5472 OT26 130.4990 28.8494 2.51 177.287  70.632  35.266
OT33 129.4500 27.5472 OT19 129.6600 29.2404 3.01 188.775  62.633   6.206
OT25 130.5810 28.9975 MNTN 130.8700 30.4624 2.72 164.766  60.620   9.699
OT23 130.8810 29.5506 TAS  130.9090 31.1946 2.78 182.272  65.589   0.842
OT19 129.6600 29.2404 OT29 130.5910 28.3600 2.56 133.375  52.120 136.796
OT19 129.6600 29.2404 OT28 130.2290 28.5500 2.73  94.510  34.619 143.925
OT19 129.6600 29.2404 OT23 130.8810 29.5506 2.73 123.421  45.127  73.527
OT17 128.4090 28.0396 OT20 130.1540 29.2781 3.08 218.956  71.136  50.766
OT17 128.4090 28.0396 OT12 128.6050 29.2506 3.18 135.578  42.621   8.083
OT14 128.4990 28.6807 GMZK 129.6510 28.4973 3.09 114.541  37.128  99.948
OT13 128.6020 29.0207 OT20 130.1540 29.2781 2.98 153.726  51.621  78.929
OT13 128.6020 29.0207 GMZK 129.6510 28.4973 3.17 117.778  37.131 119.256
OT07 128.4610 29.7510 OT34 129.4000 27.3185 3.16 284.826  90.135 160.947
OT03 128.1910 28.8611 OT19 129.6600 29.2404 3.07 149.098  48.629  73.269
OKED 128.6160 27.3855 OT11 128.6350 29.4318 3.24 226.797  70.086   0.470
OT28 130.2290 28.5500 OT30 130.3310 28.1010 1.98  50.762  25.624 168.578
OT28 130.2290 28.5500 OT26 130.4990 28.8494 2.11  42.412  20.129  38.455
OT27 130.2110 28.9197 OT24 130.8400 29.4501 2.65  84.861  32.011  45.999
OT16 127.9510 28.2012 OT06 128.3050 29.3225 3.07 128.992  42.044  15.457
OT14 128.4990 28.6807 OT33 129.4500 27.5472 3.12 156.559  50.099 143.131
OT14 128.4990 28.6807 OT27 130.2110 28.9197 3.07 169.210  55.117  80.584
OT14 128.4990 28.6807 OT25 130.5810 28.9975 2.80 206.210  73.620  79.698
OT14 128.4990 28.6807 AMG  128.9210 27.8215 3.29 103.843  31.534 156.388
OT12 128.6050 29.2506 GMZK 129.6510 28.4973 3.09 131.851  42.629 129.037
OT07 128.4610 29.7510 OT13 128.6020 29.0207 3.40  82.091  24.123 170.395
OT06 128.3050 29.3225 OT20 130.1540 29.2781 3.07 179.737  58.636  91.119
OT05 128.0760 29.0927 OT11 128.6350 29.4318 3.20  66.040  20.625  55.174
OT04 128.2550 29.0525 OT23 130.8810 29.5506 3.03 261.075  86.135  77.154
OT01 127.7730 28.6329 OT05 128.0760 29.0927 3.08  58.915  19.122  30.046
MNTN 130.8700 30.4624 OT23 130.8810 29.5506 2.62 101.076  38.623 179.401
KGM  128.2150 26.7567 OKED 128.6160 27.3855 3.07  80.197  26.123  29.598
OT31 129.6990 27.9990 OT26 130.4990 28.8494 2.47 122.591  49.632  39.566
OT19 129.6600 29.2404 OT21 130.5800 29.4695 2.80  92.893  33.129  73.911
OT17 128.4090 28.0396 OT21 130.5800 29.4695 3.06 264.700  86.616  52.709
OT16 127.9510 28.2012 OKED 128.6160 27.3855 3.05 111.626  36.623 143.923
OT14 128.4990 28.6807 OT24 130.8400 29.4501 2.91 243.392  83.611  68.927
OT14 128.4990 28.6807 OT23 130.8810 29.5506 2.88 251.092  87.124  66.846
OT12 128.6050 29.2506 TAS  130.9090 31.1946 3.10 309.234  99.624  45.253
OT02 127.8730 28.7925 OT14 128.4990 28.6807 3.54  62.442  17.624 101.296
OT02 127.8730 28.7925 OT04 128.2550 29.0525 3.02  47.103  15.623  52.189
OT01 127.7730 28.6329 OT20 130.1540 29.2781 3.09 242.882  78.577  72.306
OT01 127.7730 28.6329 OT14 128.4990 28.6807 3.22  71.161  22.127  85.558
OT01 127.7730 28.6329 OT13 128.6020 29.0207 3.04  91.592  30.129  61.815
OT01 127.7730 28.6329 OT12 128.6050 29.2506 3.07 106.159  34.625  49.642
OT31 129.6990 27.9990 OT29 130.5910 28.3600 2.14  96.350  45.065  65.257
OT31 129.6990 27.9990 OT20 130.1540 29.2781 2.91 148.597  51.117  17.336
OT28 130.2290 28.5500 OT25 130.5810 28.9975 2.07  60.377  29.126  34.685
OT27 130.2110 28.9197 OT28 130.2290 28.5500 2.39  41.011  17.124 177.579
OT20 130.1540 29.2781 OT29 130.5910 28.3600 2.27 110.334  48.627 157.152
OT20 130.1540 29.2781 OT28 130.2290 28.5500 2.48  81.023  32.631 174.852
OT19 129.6600 29.2404 OT24 130.8400 29.4501 2.71 116.945  43.121  78.249
OT16 127.9510 28.2012 OT13 128.6020 29.0207 3.11 110.901  35.611  34.864
OT16 127.9510 28.2012 OT05 128.0760 29.0927 3.15  99.558  31.626   7.021
OT16 127.9510 28.2012 OT04 128.2550 29.0525 3.03  98.907  32.621  17.389
OT12 128.6050 29.2506 OT33 129.4500 27.5472 3.05 206.131  67.606 156.122
OT04 128.2550 29.0525 OT07 128.4610 29.7510 3.18  79.978  25.127  14.470
OT03 128.1910 28.8611 OT31 129.6990 27.9990 3.03 175.905  58.131 122.539
OT03 128.1910 28.8611 OT25 130.5810 28.9975 3.03 233.534  77.123  85.714
OT03 128.1910 28.8611 OT20 130.1540 29.2781 3.04 196.671  64.631  75.935
OT03 128.1910 28.8611 OT07 128.4610 29.7510 3.13 102.068  32.620  14.832
OT01 127.7730 28.6329 OT06 128.3050 29.3225 3.07  92.353  30.122  34.019
KYK  130.4100 30.3781 OT21 130.5800 29.4695 2.95 102.053  34.633 170.685
AMG  128.9210 27.8215 TAS  130.9090 31.1946 3.17 420.630 132.607  26.792
TKRS 129.2090 29.1442 TAS  130.9090 31.1946 3.31 280.149  84.637  35.354
TKRS 129.2090 29.1442 OT34 129.4000 27.3185 3.01 203.205  67.622 174.644
OT28 130.2290 28.5500 OT29 130.5910 28.3600 1.91  41.297  21.621 120.571
OT25 130.5810 28.9975 OT24 130.8400 29.4501 2.93  56.127  19.123  26.584
OT17 128.4090 28.0396 OT11 128.6350 29.4318 3.20 155.866  48.632   8.075
OT16 127.9510 28.2012 OT29 130.5910 28.3600 2.79 259.612  93.118  85.492
OT16 127.9510 28.2012 OT25 130.5810 28.9975 2.90 271.965  93.620  70.442
OT14 128.4990 28.6807 TKRS 129.2090 29.1442 3.07  86.201  28.106  53.247
OT13 128.6020 29.0207 OT19 129.6600 29.2404 3.01 105.811  35.125  76.439
OT12 128.6050 29.2506 OKED 128.6160 27.3855 3.23 206.707  64.075 179.716
OT06 128.3050 29.3225 OT23 130.8810 29.5506 2.92 251.221  86.123  83.595
OT05 128.0760 29.0927 OT17 128.4090 28.0396 3.06 121.179  39.627 164.318
OT04 128.2550 29.0525 TAS  130.9090 31.1946 3.17 349.015 110.134  46.475
OT02 127.8730 28.7925 OT16 127.9510 28.2012 3.36  65.983  19.626 173.283
OT01 127.7730 28.6329 OT21 130.5800 29.4695 3.07 288.664  94.089  70.589
KGM  128.2150 26.7567 OT12 128.6050 29.2506 3.15 279.024  88.607   7.813
GMZK 129.6510 28.4973 OT25 130.5810 28.9975 2.65 106.408  40.124  58.378
TKRS 129.2090 29.1442 OT21 130.5800 29.4695 2.81 138.014  49.133  74.524
OT31 129.6990 27.9990 OT30 130.3310 28.1010 2.21  63.174  28.598  79.545
OT27 130.2110 28.9197 OT25 130.5810 28.9975 1.84  37.112  20.126  76.476
OT21 130.5800 29.4695 OT25 130.5810 28.9975 2.21  52.317  23.630 179.883
OT17 128.4090 28.0396 OT29 130.5910 28.3600 2.68 217.158  81.120  80.078
OT16 127.9510 28.2012 AMG  128.9210 27.8215 3.01 104.273  34.619 113.573
OT14 128.4990 28.6807 OT30 130.3310 28.1010 2.91 190.681  65.594 109.255
OT14 128.4990 28.6807 OT26 130.4990 28.8494 2.88 196.198  68.124  84.053
OT14 128.4990 28.6807 OT19 129.6600 29.2404 3.10 129.048  41.628  60.990
OT12 128.6050 29.2506 OT30 130.3310 28.1010 2.85 211.373  74.114 126.653
OT11 128.6350 29.4318 OT26 130.4990 28.8494 2.89 192.530  66.596 109.136
OT11 128.6350 29.4318 AMG  128.9210 27.8215 3.31 180.655  54.628 171.015
OT07 128.4610 29.7510 OT19 129.6600 29.2404 3.30 129.284  39.130 115.667
OT03 128.1910 28.8611 GMZK 129.6510 28.4973 3.08 148.307  48.105 105.427
OT01 127.7730 28.6329 OT28 130.2290 28.5500 2.98 240.368  80.633  91.606
OT01 127.7730 28.6329 OT04 128.2550 29.0525 3.06  66.111  21.626  45.180
GMZK 129.6510 28.4973 OT26 130.4990 28.8494 2.57  91.576  35.619  64.575
AMG  128.9210 27.8215 OT30 130.3310 28.1010 2.75 142.131  51.628  77.084
TAS  130.9090 31.1946 NOMT 131.0600 30.7369 2.91  52.749  18.127 164.101
OT34 129.4000 27.3185 OT31 129.6990 27.9990 2.69  80.950  30.127  21.253
OT31 129.6990 27.9990 OT28 130.2290 28.5500 2.58  80.197  31.120  40.286
OT17 128.4090 28.0396 OT23 130.8810 29.5506 2.92 293.732 100.628  54.655
OT16 127.9510 28.2012 OT17 128.4090 28.0396 3.43  48.442  14.127 111.590
OT14 128.4990 28.6807 OT11 128.6350 29.4318 3.11  84.294  27.122   8.994
OT13 128.6020 29.0207 OT31 129.6990 27.9990 3.08 156.051  50.632 136.257
OT11 128.6350 29.4318 OT19 129.6600 29.2404 2.94 101.795  34.624 101.779
OT05 128.0760 29.0927 TKRS 129.2090 29.1442 2.97 110.390  37.131  86.761
OT05 128.0760 29.0927 OT14 128.4990 28.6807 3.14  61.537  19.623 137.804
OT01 127.7730 28.6329 OT16 127.9510 28.2012 3.16  50.924  16.125 159.929
GMZK 129.6510 28.4973 OT19 129.6600 29.2404 3.15  82.367  26.123   0.580
AMG  128.9210 27.8215 OT31 129.6990 27.9990 3.15  79.033  25.122  75.406
OT27 130.2110 28.9197 OT29 130.5910 28.3600 1.92  72.328  37.631 148.962
OT27 130.2110 28.9197 OT23 130.8810 29.5506 2.51  95.578  38.049  42.814
OT26 130.4990 28.8494 OT24 130.8400 29.4501 2.18  74.398  34.128  26.419
OT21 130.5800 29.4695 OT23 130.8810 29.5506 2.42  30.537  12.624  72.806
OT20 130.1540 29.2781 OT26 130.4990 28.8494 2.36  58.170  24.627 144.687
OT17 128.4090 28.0396 OT14 128.4990 28.6807 3.16  71.594  22.628   7.042
OT16 127.9510 28.2012 OT14 128.4990 28.6807 3.07  75.529  24.626  45.155
OT11 128.6350 29.4318 OT20 130.1540 29.2781 2.96 148.530  50.128  96.215
OT06 128.3050 29.3225 OT19 129.6600 29.2404 3.17 131.975  41.619  93.624
GMZK 129.6510 28.4973 OT28 130.2290 28.5500 2.57  56.806  22.129  83.960
OT26 130.4990 28.8494 OT21 130.5800 29.4695 2.30  69.184  30.106   6.538
OT20 130.1540 29.2781 OT24 130.8400 29.4501 2.56  69.263  27.077  73.856
OT20 130.1540 29.2781 OT21 130.5800 29.4695 2.80  46.465  16.624  62.729
OT16 127.9510 28.2012 OT03 128.1910 28.8611 3.06  76.815  25.128  17.749
OT07 128.4610 29.7510 OT23 130.8810 29.5506 2.96 235.346  79.616  94.820
OT06 128.3050 29.3225 OT14 128.4990 28.6807 3.40  73.603  21.623 165.072
OT05 128.0760 29.0927 OT26 130.4990 28.8494 2.93 237.671  81.116  95.930
OT03 128.1910 28.8611 OT11 128.6350 29.4318 3.12  76.585  24.539  34.207
OT02 127.8730 28.7925 OT13 128.6020 29.0207 3.07  75.489  24.621  70.250
OT02 127.8730 28.7925 OT06 128.3050 29.3225 3.07  72.283  23.576  35.536
OT01 127.7730 28.6329 GMZK 129.6510 28.4973 3.15 184.386  58.610  94.228
OKED 128.6160 27.3855 AMG  128.9210 27.8215 3.06  56.958  18.626  31.903
KYK  130.4100 30.3781 NOMT 131.0600 30.7369 2.83  73.995  26.128  57.314
AMG  128.9210 27.8215 OT19 129.6600 29.2404 3.17 173.082  54.617  24.518
OT33 129.4500 27.5472 OT31 129.6990 27.9990 2.64  55.746  21.124  26.030
OT19 129.6600 29.2404 OT20 130.1540 29.2781 3.10  48.235  15.565  84.910
OT17 128.4090 28.0396 OKED 128.6160 27.3855 3.33  75.293  22.624 164.264
OT13 128.6020 29.0207 OT23 130.8810 29.5506 2.91 229.130  78.631  74.595
OT05 128.0760 29.0927 OT25 130.5810 28.9975 3.03 244.212  80.625  91.871
OT03 128.1910 28.8611 TKRS 129.2090 29.1442 3.14 104.008  33.124  72.195
OT03 128.1910 28.8611 OT23 130.8810 29.5506 2.89 272.518  94.134  73.064
OT03 128.1910 28.8611 OT12 128.6050 29.2506 3.09  59.083  19.127  42.957
OT01 127.7730 28.6329 OT03 128.1910 28.8611 3.07  48.027  15.623  58.123
OKED 128.6160 27.3855 TAS  130.9090 31.1946 3.17 477.377 150.592  27.275
GMZK 129.6510 28.4973 OT27 130.2110 28.9197 2.76  71.981  26.127  49.295
TKRS 129.2090 29.1442 OT25 130.5810 28.9975 2.92 134.620  46.119  96.606
OT19 129.6600 29.2404 OT25 130.5810 28.9975 2.91  93.622  32.128 106.489
OT17 128.4090 28.0396 OT26 130.4990 28.8494 2.97 223.502  75.127  65.833
OT12 128.6050 29.2506 TKRS 129.2090 29.1442 3.40  59.865  17.623 101.213
OT12 128.6050 29.2506 OT10 128.8440 29.6621 3.08  51.136  16.624  26.820
OT07 128.4610 29.7510 MNTN 130.8700 30.4624 3.12 245.204  78.616  70.643
OT06 128.3050 29.3225 OT07 128.4610 29.7510 3.09  49.852  16.123  17.643
OT04 128.2550 29.0525 OT11 128.6350 29.4318 3.09  55.978  18.128  41.227
OT03 128.1910 28.8611 OT26 130.4990 28.8494 2.96 225.183  76.119  89.776
OT01 127.7730 28.6329 AMG  128.9210 27.8215 3.16 144.167  45.608 128.318
OKED 128.6160 27.3855 OT35 129.1000 27.2007 2.88  52.147  18.126 113.005
OT26 130.4990 28.8494 OT29 130.5910 28.3600 2.16  54.988  25.434 170.518
OT20 130.1540 29.2781 OT23 130.8810 29.5506 2.63  76.729  29.130  66.641
OT04 128.2550 29.0525 TKRS 129.2090 29.1442 3.26  93.442  28.628  83.523
OKED 128.6160 27.3855 OT33 129.4500 27.5472 2.90  84.396  29.082  77.548
OKED 128.6160 27.3855 NOMT 131.0600 30.7369 3.06 441.159 144.122  32.069
AMG  128.9210 27.8215 OT33 129.4500 27.5472 2.79  60.378  21.625 120.103
OT14 128.4990 28.6807 OT13 128.6020 29.0207 3.35  38.996  11.627  14.881
OT14 128.4990 28.6807 OT12 128.6050 29.2506 3.26  64.009  19.623   9.289
OT11 128.6350 29.4318 TKRS 129.2090 29.1442 2.97  64.239  21.622 119.609
OT07 128.4610 29.7510 TKRS 129.2090 29.1442 3.03  98.913  32.623 132.657
OT04 128.2550 29.0525 OT14 128.4990 28.6807 3.26  47.610  14.627 149.886
OT03 128.1910 28.8611 OT13 128.6020 29.0207 3.14  43.775  13.932  66.067
OT02 127.8730 28.7925 OT12 128.6050 29.2506 3.12  87.603  28.123  54.402
OT05 128.0760 29.0927 OT13 128.6020 29.0207 3.12  51.814  16.623  98.733
OT05 128.0760 29.0927 OT07 128.4610 29.7510 3.08  81.981  26.626  27.025
OT03 128.1910 28.8611 OT06 128.3050 29.3225 3.24  52.329  16.126  12.207
OKED 128.6160 27.3855 OT34 129.4000 27.3185 2.93  78.001  26.631  95.279
TKRS 129.2090 29.1442 GMZK 129.6510 28.4973 3.20  83.707  26.126 148.828
OT13 128.6020 29.0207 OT11 128.6350 29.4318 3.35  45.679  13.623   4.020
OT02 127.8730 28.7925 OT05 128.0760 29.0927 2.95  38.744  13.125  30.771
OT13 128.6020 29.0207 TKRS 129.2090 29.1442 3.03  60.663  20.001  76.810
OT05 128.0760 29.0927 OT12 128.6050 29.2506 3.37  54.372  16.125  71.095
OT07 128.4610 29.7510 OT12 128.6050 29.2506 3.34  57.199  17.125 165.826
OT04 128.2550 29.0525 OT12 128.6050 29.2506 3.13  40.576  12.963  57.154
