KGM  128.2150 26.7567 OT04 128.2550 29.0525 3.29 254.446  77.386   0.864
KGM  128.2150 26.7567 GMZK 129.6510 28.4973 3.26 239.356  73.377  35.983
GMZK 129.6510 28.4973 TAS  130.9090 31.1946 3.20 322.754 100.861  21.815
GMZK 129.6510 28.4973 KYK  130.4100 30.3781 3.16 221.081  69.852  19.258
OT07 128.4610 29.7510 OT30 130.3310 28.1010 3.06 258.218  84.385 134.635
AMG  128.9210 27.8215 KYK  130.4100 30.3781 3.25 318.263  97.897  26.728
OT04 128.2550 29.0525 OT26 130.4990 28.8494 3.12 219.937  70.380  95.333
OT04 128.2550 29.0525 KYK  130.4100 30.3781 3.28 255.097  77.868  54.303
OT14 128.4990 28.6807 KYK  130.4100 30.3781 3.17 264.016  83.365  44.087
OT02 127.8730 28.7925 OT28 130.2290 28.5500 3.14 231.858  73.864  96.093
KGM  128.2150 26.7567 OT29 130.5910 28.3600 2.73 294.320 107.889  52.328
OT34 129.4000 27.3185 OT27 130.2110 28.9197 2.83 194.496  68.824  23.981
OT02 127.8730 28.7925 OT27 130.2110 28.9197 3.30 228.598  69.377  85.903
OT17 128.4090 28.0396 OT24 130.8400 29.4501 3.06 284.272  92.869  56.063
OT04 128.2550 29.0525 OT30 130.3310 28.1010 3.12 228.867  73.378 116.939
KGM  128.2150 26.7567 OT33 129.4500 27.5472 2.93 150.507  51.333  54.132
KGM  128.2150 26.7567 OT14 128.4990 28.6807 3.26 215.037  65.881   7.413
OT28 130.2290 28.5500 TAS  130.9090 31.1946 2.98 300.437 100.885  12.474
OT11 128.6350 29.4318 OT34 129.4000 27.3185 3.08 245.935  79.875 162.052
OT04 128.2550 29.0525 OT34 129.4000 27.3185 3.10 222.676  71.877 149.381
KGM  128.2150 26.7567 OT20 130.1540 29.2781 3.15 338.279 107.390  33.865
OT27 130.2110 28.9197 TAS  130.9090 31.1946 3.06 261.015  85.383  14.778
OT20 130.1540 29.2781 TAS  130.9090 31.1946 3.12 224.538  71.875  18.694
OT01 127.7730 28.6329 OT34 129.4000 27.3185 3.12 216.441  69.372 131.914
KYK  130.4100 30.3781 OT25 130.5810 28.9975 2.81 153.933  54.878 173.771
KGM  128.2150 26.7567 OT28 130.2290 28.5500 2.98 280.989  94.387  44.532
KGM  128.2150 26.7567 OT06 128.3050 29.3225 3.29 284.480  86.363   1.758
OT34 129.4000 27.3185 OT28 130.2290 28.5500 2.68 158.962  59.381  30.657
OT34 129.4000 27.3185 KYK  130.4100 30.3781 3.10 353.116 113.872  15.957
OT29 130.5910 28.3600 TAS  130.9090 31.1946 2.74 315.713 115.350   5.510
OT28 130.2290 28.5500 KYK  130.4100 30.3781 2.93 203.394  69.370   4.913
OT25 130.5810 28.9975 TAS  130.9090 31.1946 2.86 245.602  85.875   7.315
OT21 130.5800 29.4695 TAS  130.9090 31.1946 3.04 193.842  63.869   9.314
OT14 128.4990 28.6807 OT20 130.1540 29.2781 3.18 174.381  54.879  67.287
OT13 128.6020 29.0207 OT24 130.8400 29.4501 3.08 222.742  72.366  77.120
OT03 128.1910 28.8611 KGM  128.2150 26.7567 3.27 233.215  71.385 179.411
OT01 127.7730 28.6329 KGM  128.2150 26.7567 3.20 212.434  66.365 168.052
AMG  128.9210 27.8215 OT21 130.5800 29.4695 3.14 244.263  77.865  41.213
OT27 130.2110 28.9197 KYK  130.4100 30.3781 3.02 162.802  53.872   6.745
OT24 130.8400 29.4501 TAS  130.9090 31.1946 2.85 193.506  67.873   1.951
OT20 130.1540 29.2781 NOMT 131.0600 30.7369 2.99 183.816  61.374  28.162
OT16 127.9510 28.2012 OT20 130.1540 29.2781 3.18 246.087  77.386  60.464
OT14 128.4990 28.6807 OT34 129.4000 27.3185 3.11 175.069  56.365 149.361
OT13 128.6020 29.0207 OT34 129.4000 27.3185 3.08 204.294  66.372 157.236
OT10 128.8440 29.6621 NOMT 131.0600 30.7369 3.16 244.431  77.376  60.276
OT06 128.3050 29.3225 TAS  130.9090 31.1946 3.24 325.370 100.361  49.725
KYK  130.4100 30.3781 OT29 130.5910 28.3600 2.65 224.384  84.801 175.451
KYK  130.4100 30.3781 OT23 130.8810 29.5506 3.02 102.390  33.882 153.505
KGM  128.2150 26.7567 OT34 129.4000 27.3185 2.87 133.056  46.377  61.839
KGM  128.2150 26.7567 OT30 130.3310 28.1010 2.77 256.800  92.875  54.065
KGM  128.2150 26.7567 OT21 130.5800 29.4695 3.17 379.947 119.857  37.154
KGM  128.2150 26.7567 OT07 128.4610 29.7510 3.28 332.717 101.376   4.103
OT33 129.4500 27.5472 KYK  130.4100 30.3781 3.11 327.410 105.378  16.374
OT31 129.6990 27.9990 KYK  130.4100 30.3781 3.10 272.614  87.883  14.525
OT11 128.6350 29.4318 OT29 130.5910 28.3600 2.94 224.778  76.377 121.429
OT07 128.4610 29.7510 OT33 129.4500 27.5472 3.29 262.679  79.866 158.169
OT02 127.8730 28.7925 OT19 129.6600 29.2404 3.21 181.072  56.374  73.658
KGM  128.2150 26.7567 TKRS 129.2090 29.1442 3.21 282.067  87.871  20.052
KGM  128.2150 26.7567 OT25 130.5810 28.9975 3.03 340.488 112.372  42.631
KGM  128.2150 26.7567 AMG  128.9210 27.8215 3.16 137.132  43.369  30.480
OT17 128.4090 28.0396 OT27 130.2110 28.9197 3.16 201.591  63.875  60.639
OT11 128.6350 29.4318 OT27 130.2110 28.9197 3.18 163.481  51.377 109.932
OT07 128.4610 29.7510 OT28 130.2290 28.5500 3.09 217.460  70.375 127.312
OT06 128.3050 29.3225 OT30 130.3310 28.1010 2.93 239.806  81.873 123.882
OT02 127.8730 28.7925 KGM  128.2150 26.7567 3.27 228.114  69.845 171.404
OT01 127.7730 28.6329 OT33 129.4500 27.5472 3.07 204.049  66.379 125.736
OT01 127.7730 28.6329 OT24 130.8400 29.4501 3.06 312.143 101.874  72.396
AMG  128.9210 27.8215 NOMT 131.0600 30.7369 3.11 384.202 123.379  32.235
OT16 127.9510 28.2012 OT34 129.4000 27.3185 3.07 173.145  56.381 124.060
OT04 128.2550 29.0525 OT24 130.8400 29.4501 3.08 255.146  82.867  79.427
OT04 128.2550 29.0525 OT17 128.4090 28.0396 3.39 113.273  33.374 172.287
OKED 128.6160 27.3855 OT27 130.2110 28.9197 3.13 231.212  73.870  42.291
KYK  130.4100 30.3781 TAS  130.9090 31.1946 3.26 102.368  31.373  27.710
KGM  128.2150 26.7567 OT13 128.6020 29.0207 3.20 253.763  79.375   8.538
OT21 130.5800 29.4695 OT29 130.5910 28.3600 2.35 122.976  52.375 179.488
OT20 130.1540 29.2781 MNTN 130.8700 30.4624 3.04 148.379  48.873  27.606
OT20 130.1540 29.2781 KYK  130.4100 30.3781 3.12 124.410  39.875  11.386
OT16 127.9510 28.2012 TKRS 129.2090 29.1442 3.17 161.354  50.868  49.331
OT16 127.9510 28.2012 OT24 130.8400 29.4501 3.04 314.099 103.356  63.166
OT13 128.6020 29.0207 OT33 129.4500 27.5472 3.17 183.277  57.871 152.797
OT11 128.6350 29.4318 TAS  130.9090 31.1946 3.21 293.316  91.376  47.659
OT11 128.6350 29.4318 OT30 130.3310 28.1010 2.92 221.783  75.875 131.276
OT07 128.4610 29.7510 AMG  128.9210 27.8215 3.15 218.517  69.326 168.030
OT06 128.3050 29.3225 OT29 130.5910 28.3600 2.97 247.299  83.378 115.002
OT03 128.1910 28.8611 KYK  130.4100 30.3781 3.23 272.847  84.368  51.415
OT01 127.7730 28.6329 OT30 130.3310 28.1010 3.13 257.563  82.367 102.623
OT01 127.7730 28.6329 OT27 130.2110 28.9197 3.23 240.155  74.374  81.812
OT01 127.7730 28.6329 OT19 129.6600 29.2404 3.17 195.892  61.874  69.444
OT26 130.4990 28.8494 TAS  130.9090 31.1946 2.86 262.968  91.883   8.555
OT25 130.5810 28.9975 NOMT 131.0600 30.7369 2.92 198.290  67.884  13.376
OT16 127.9510 28.2012 KGM  128.2150 26.7567 3.25 162.181  49.871 170.678
OT13 128.6020 29.0207 KYK  130.4100 30.3781 3.19 230.762  72.385  48.864
OT07 128.4610 29.7510 OT27 130.2110 28.9197 3.08 193.305  62.843 118.039
OT06 128.3050 29.3225 OT28 130.2290 28.5500 3.18 206.164  64.872 114.072
OT06 128.3050 29.3225 GMZK 129.6510 28.4973 3.31 160.013  48.372 124.536
OT02 127.8730 28.7925 OT11 128.6350 29.4318 3.27 102.597  31.375  46.135
OT02 127.8730 28.7925 OT07 128.4610 29.7510 3.27 120.666  36.878  28.161
OT01 127.7730 28.6329 OT11 128.6350 29.4318 3.26 122.008  37.380  43.262
KGM  128.2150 26.7567 OT19 129.6600 29.2404 3.23 309.753  95.869  26.973
AMG  128.9210 27.8215 OT28 130.2290 28.5500 2.92 151.657  51.866  57.530
OT34 129.4000 27.3185 OT26 130.4990 28.8494 2.65 201.094  75.885  32.216
OT33 129.4500 27.5472 OT25 130.5810 28.9975 2.63 195.321  74.380  34.361
OT28 130.2290 28.5500 OT24 130.8400 29.4501 2.51 116.202  46.370  30.701
OT24 130.8400 29.4501 NOMT 131.0600 30.7369 2.81 144.219  51.378   8.401
OT23 130.8810 29.5506 NOMT 131.0600 30.7369 2.80 132.637  47.303   7.427
OT17 128.4090 28.0396 OT28 130.2290 28.5500 3.13 187.217  59.871  71.987
OT16 127.9510 28.2012 OT12 128.6050 29.2506 3.29 132.709  40.374  28.633
OT13 128.6020 29.0207 OT30 130.3310 28.1010 3.02 197.517  65.338 120.654
OT13 128.6020 29.0207 OT28 130.2290 28.5500 3.16 167.186  52.857 107.791
OT07 128.4610 29.7510 KYK  130.4100 30.3781 3.19 200.335  62.880  69.213
OT05 128.0760 29.0927 OT30 130.3310 28.1010 3.01 246.414  81.865 115.949
OT04 128.2550 29.0525 OT33 129.4500 27.5472 3.12 203.906  65.375 144.614
OT04 128.2550 29.0525 GMZK 129.6510 28.4973 3.26 149.628  45.870 113.948
OT03 128.1910 28.8611 OT33 129.4500 27.5472 3.19 190.989  59.871 139.377
OT03 128.1910 28.8611 AMG  128.9210 27.8215 3.32 135.641  40.880 147.975
OT02 127.8730 28.7925 OT33 129.4500 27.5472 3.17 207.473  65.366 131.322
OT02 127.8730 28.7925 OT24 130.8400 29.4501 3.08 297.867  96.867  75.121
OT01 127.7730 28.6329 OT07 128.4610 29.7510 3.29 140.844  42.875  28.204
OKED 128.6160 27.3855 TKRS 129.2090 29.1442 3.21 203.416  63.350  16.487
OKED 128.6160 27.3855 KYK  130.4100 30.3781 3.25 375.013 115.389  27.392
KGM  128.2150 26.7567 OT26 130.4990 28.8494 2.97 323.125 108.870  43.614
OT34 129.4000 27.3185 GMZK 129.6510 28.4973 3.00 132.946  44.374  10.650
OT33 129.4500 27.5472 OT23 130.8810 29.5506 2.72 262.504  96.367  31.904
OT19 129.6600 29.2404 TAS  130.9090 31.1946 3.27 247.779  75.866  28.729
OT19 129.6600 29.2404 NOMT 131.0600 30.7369 3.07 213.951  69.805  38.816
OT17 128.4090 28.0396 OT33 129.4500 27.5472 3.15 116.181  36.859 117.770
OT16 127.9510 28.2012 OT19 129.6600 29.2404 3.23 202.820  62.870  54.993
OT13 128.6020 29.0207 TAS  130.9090 31.1946 3.17 327.902 103.374  42.132
OT13 128.6020 29.0207 OT25 130.5810 28.9975 3.14 192.869  61.384  90.286
OT12 128.6050 29.2506 OT31 129.6990 27.9990 3.19 175.139  54.868 142.112
OT06 128.3050 29.3225 OT33 129.4500 27.5472 3.13 226.475  72.379 150.039
OT06 128.3050 29.3225 OT27 130.2110 28.9197 3.16 190.787  60.376 103.070
OT06 128.3050 29.3225 AMG  128.9210 27.8215 3.25 176.941  54.376 159.934
OT03 128.1910 28.8611 OT28 130.2290 28.5500 3.07 202.054  65.880  99.337
OT02 127.8730 28.7925 OT20 130.1540 29.2781 3.25 228.681  70.385  75.838
OT01 127.7730 28.6329 OKED 128.6160 27.3855 3.26 161.174  49.379 148.862
OKED 128.6160 27.3855 OT20 130.1540 29.2781 3.17 258.373  81.377  35.368
GMZK 129.6510 28.4973 OT21 130.5800 29.4695 2.91 140.725  48.376  39.807
OT19 129.6600 29.2404 OT30 130.3310 28.1010 3.00 142.296  47.369 152.393
OT19 129.6600 29.2404 KYK  130.4100 30.3781 3.24 145.463  44.868  29.707
OT17 128.4090 28.0396 OT34 129.4000 27.3185 3.02 126.280  41.870 129.026
OT16 127.9510 28.2012 TAS  130.9090 31.1946 3.18 438.193 137.883  40.067
OT16 127.9510 28.2012 OT33 129.4500 27.5472 3.17 164.437  51.873 115.801
OT16 127.9510 28.2012 OT30 130.3310 28.1010 3.12 234.014  74.884  92.161
OT16 127.9510 28.2012 OT11 128.6350 29.4318 3.24 151.842  46.861  25.910
OT12 128.6050 29.2506 OT34 129.4000 27.3185 3.11 227.887  73.370 159.796
OT11 128.6350 29.4318 OT33 129.4500 27.5472 3.18 223.596  70.380 158.891
OT07 128.4610 29.7510 OT24 130.8400 29.4501 3.13 232.842  74.367  97.650
OT07 128.4610 29.7510 OT21 130.5800 29.4695 3.13 207.595  66.367  98.123
OT07 128.4610 29.7510 OT14 128.4990 28.6807 3.45 118.689  34.373 178.216
OT06 128.3050 29.3225 OT34 129.4000 27.3185 3.15 246.705  78.245 153.927
OT06 128.3050 29.3225 OT17 128.4090 28.0396 3.33 142.549  42.872 175.878
OT05 128.0760 29.0927 OT33 129.4500 27.5472 3.23 217.920  67.384 141.483
OT05 128.0760 29.0927 OT27 130.2110 28.9197 3.17 208.880  65.872  94.751
OT05 128.0760 29.0927 KGM  128.2150 26.7567 3.27 259.234  79.374 176.940
OT04 128.2550 29.0525 OT31 129.6990 27.9990 3.20 183.333  57.345 129.212
OT04 128.2550 29.0525 OT28 130.2290 28.5500 3.30 200.595  60.879 105.645
OT03 128.1910 28.8611 OT34 129.4000 27.3185 3.09 208.204  67.380 144.907
OT03 128.1910 28.8611 OT24 130.8400 29.4501 3.01 265.862  88.385  75.146
OT02 127.8730 28.7925 OT31 129.6990 27.9990 3.30 199.404  60.371 115.734
OT02 127.8730 28.7925 OT25 130.5810 28.9975 3.20 265.169  82.865  84.435
OT02 127.8730 28.7925 GMZK 129.6510 28.4973 3.26 176.966  54.367 100.229
OT01 127.7730 28.6329 MNTN 130.8700 30.4624 3.19 362.224 113.372  55.206
OT01 127.7730 28.6329 KYK  130.4100 30.3781 3.28 320.577  97.886  52.246
OKED 128.6160 27.3855 OT31 129.6990 27.9990 3.06 126.633  41.370  57.278
KYK  130.4100 30.3781 OT26 130.4990 28.8494 2.88 169.670  58.811 177.063
KYK  130.4100 30.3781 OT24 130.8400 29.4501 2.93 110.945  37.878 157.897
AMG  128.9210 27.8215 OT27 130.2110 28.9197 3.14 175.488  55.870  45.785
OT34 129.4000 27.3185 OT30 130.3310 28.1010 2.48 126.256  50.848  46.409
OT33 129.4500 27.5472 OT28 130.2290 28.5500 2.68 134.943  50.371  34.379
OT33 129.4500 27.5472 OT21 130.5800 29.4695 2.90 240.053  82.863  27.176
OT31 129.6990 27.9990 OT23 130.8810 29.5506 2.69 207.128  76.856  33.596
OT31 129.6990 27.9990 OT21 130.5800 29.4695 2.74 184.322  67.369  27.638
OT27 130.2110 28.9197 OT30 130.3310 28.1010 2.36  91.492  38.801 172.595
OT24 130.8400 29.4501 MNTN 130.8700 30.4624 2.82 112.248  39.875   1.475
OT21 130.5800 29.4695 MNTN 130.8700 30.4624 3.04 113.566  37.370  14.201
OT19 129.6600 29.2404 OT31 129.6990 27.9990 3.10 137.637  44.370 178.411
OT16 127.9510 28.2012 OT26 130.4990 28.8494 3.13 259.515  82.886  73.327
OT16 127.9510 28.2012 OT07 128.4610 29.7510 3.26 178.822  54.878  16.019
OT14 128.4990 28.6807 OKED 128.6160 27.3855 3.36 143.997  42.869 175.404
OT13 128.6020 29.0207 AMG  128.9210 27.8215 3.38 136.538  40.372 166.676
OT11 128.6350 29.4318 GMZK 129.6510 28.4973 3.16 143.336  45.374 136.024
OT05 128.0760 29.0927 NOMT 131.0600 30.7369 3.22 340.942 105.850  56.952
OT04 128.2550 29.0525 OT21 130.5800 29.4695 3.19 230.696  72.364  77.879
OT04 128.2550 29.0525 AMG  128.9210 27.8215 3.30 151.250  45.847 154.265
OT03 128.1910 28.8611 TAS  130.9090 31.1946 3.21 368.285 114.874  44.717
OT02 127.8730 28.7925 OT34 129.4000 27.3185 3.13 221.909  70.875 137.039
OT02 127.8730 28.7925 OT30 130.3310 28.1010 2.98 252.703  84.800 107.068
OT01 127.7730 28.6329 TKRS 129.2090 29.1442 3.26 151.073  46.384  67.624
OKED 128.6160 27.3855 OT24 130.8400 29.4501 3.03 315.990 104.356  43.085
KGM  128.2150 26.7567 OT31 129.6990 27.9990 3.03 201.206  66.383  46.494
KGM  128.2150 26.7567 OT17 128.4090 28.0396 3.23 143.447  44.386   7.643
AMG  128.9210 27.8215 TKRS 129.2090 29.1442 3.29 149.277  45.373  10.808
OT34 129.4000 27.3185 OT19 129.6600 29.2404 3.07 214.509  69.873   6.755
OT17 128.4090 28.0396 OT31 129.6990 27.9990 3.35 126.895  37.879  91.730
OT17 128.4090 28.0396 OT19 129.6600 29.2404 3.26 180.734  55.372  42.282
OT17 128.4090 28.0396 OT13 128.6020 29.0207 3.26 110.356  33.872   9.790
OT16 127.9510 28.2012 OT27 130.2110 28.9197 3.12 235.014  75.373  69.660
OT16 127.9510 28.2012 KYK  130.4100 30.3781 3.19 339.529 106.369  44.123
OT14 128.4990 28.6807 TAS  130.9090 31.1946 3.17 363.023 114.374  39.271
OT14 128.4990 28.6807 OT21 130.5800 29.4695 3.03 220.685  72.833  66.161
OT13 128.6020 29.0207 OKED 128.6160 27.3855 3.27 181.228  55.371 179.567
OT05 128.0760 29.0927 OT31 129.6990 27.9990 3.20 199.764  62.368 126.968
OT05 128.0760 29.0927 GMZK 129.6510 28.4973 3.23 167.349  51.843 112.845
OT03 128.1910 28.8611 OT17 128.4090 28.0396 3.42  93.517  27.304 166.742
OT01 127.7730 28.6329 OT17 128.4090 28.0396 3.19  90.630  28.375 136.360
OKED 128.6160 27.3855 OT26 130.4990 28.8494 2.93 246.082  83.873  48.319
OT20 130.1540 29.2781 OT30 130.3310 28.1010 2.40 131.596  54.877 172.422
OT17 128.4090 28.0396 TKRS 129.2090 29.1442 3.31 145.276  43.877  32.385
OT17 128.4090 28.0396 OT25 130.5810 28.9975 3.05 237.636  77.862  62.953
OT17 128.4090 28.0396 OT07 128.4610 29.7510 3.37 189.750  56.322   1.519
OT16 127.9510 28.2012 MNTN 130.8700 30.4624 3.14 378.385 120.313  47.820
OT14 128.4990 28.6807 OT31 129.6990 27.9990 3.19 139.803  43.880 122.426
OT13 128.6020 29.0207 OT21 130.5800 29.4695 3.14 198.634  63.320  75.018
OT12 128.6050 29.2506 KYK  130.4100 30.3781 3.23 214.582  66.372  53.935
OT05 128.0760 29.0927 TAS  130.9090 31.1946 3.27 358.859 109.877  48.814
OT03 128.1910 28.8611 OT27 130.2110 28.9197 3.27 197.120  60.374  87.627
OT02 127.8730 28.7925 TAS  130.9090 31.1946 3.25 395.898 121.890  46.991
OT02 127.8730 28.7925 OT21 130.5800 29.4695 3.21 273.961  85.266  73.451
OT02 127.8730 28.7925 OT17 128.4090 28.0396 3.36  98.630  29.372 147.652
OT01 127.7730 28.6329 TAS  130.9090 31.1946 3.23 415.117 128.360  46.074
OT01 127.7730 28.6329 OT25 130.5810 28.9975 3.10 277.060  89.374  80.942
OKED 128.6160 27.3855 OT21 130.5800 29.4695 3.15 300.631  95.348  39.343
OKED 128.6160 27.3855 OT19 129.6600 29.2404 3.27 229.670  70.321  26.238
KGM  128.2150 26.7567 OT11 128.6350 29.4318 3.20 299.312  93.389   7.821
OT33 129.4500 27.5472 OT26 130.4990 28.8494 2.57 177.287  68.876  35.266
OT33 129.4500 27.5472 OT19 129.6600 29.2404 3.13 188.775  60.369   6.206
OT25 130.5810 28.9975 MNTN 130.8700 30.4624 2.82 164.766  58.366   9.699
OT23 130.8810 29.5506 TAS  130.9090 31.1946 2.88 182.272  63.333   0.842
OT19 129.6600 29.2404 OT29 130.5910 28.3600 2.62 133.375  50.868 136.796
OT19 129.6600 29.2404 OT28 130.2290 28.5500 2.88  94.510  32.873 143.925
OT19 129.6600 29.2404 OT23 130.8810 29.5506 2.88 123.421  42.869  73.527
OT17 128.4090 28.0396 OT20 130.1540 29.2781 3.23 218.956  67.872  50.766
OT17 128.4090 28.0396 OT12 128.6050 29.2506 3.32 135.578  40.874   8.083
OT14 128.4990 28.6807 GMZK 129.6510 28.4973 3.19 114.541  35.873  99.948
OT13 128.6020 29.0207 OT20 130.1540 29.2781 3.24 153.726  47.373  78.929
OT13 128.6020 29.0207 GMZK 129.6510 28.4973 3.28 117.778  35.875 119.256
OT07 128.4610 29.7510 OT34 129.4000 27.3185 3.20 284.826  88.869 160.947
OT03 128.1910 28.8611 OT19 129.6600 29.2404 3.15 149.098  47.378  73.269
OT02 127.8730 28.7925 TKRS 129.2090 29.1442 3.37 135.955  40.379  73.016
OKED 128.6160 27.3855 OT11 128.6350 29.4318 3.32 226.797  68.333   0.470
TKRS 129.2090 29.1442 NOMT 131.0600 30.7369 3.17 251.221  79.350  44.895
OT28 130.2290 28.5500 OT30 130.3310 28.1010 2.22  50.762  22.876 168.578
OT28 130.2290 28.5500 OT26 130.4990 28.8494 2.37  42.412  17.873  38.455
OT27 130.2110 28.9197 OT24 130.8400 29.4501 2.76  84.861  30.747  45.999
OT16 127.9510 28.2012 OT06 128.3050 29.3225 3.24 128.992  39.763  15.457
OT14 128.4990 28.6807 OT33 129.4500 27.5472 3.21 156.559  48.833 143.131
OT14 128.4990 28.6807 OT27 130.2110 28.9197 3.20 169.210  52.878  80.584
OT14 128.4990 28.6807 OT25 130.5810 28.9975 3.04 206.210  67.877  79.698
OT14 128.4990 28.6807 AMG  128.9210 27.8215 3.32 103.843  31.269 156.388
OT12 128.6050 29.2506 GMZK 129.6510 28.4973 3.27 131.851  40.371 129.037
OT07 128.4610 29.7510 OT13 128.6020 29.0207 3.51  82.091  23.374 170.395
OT06 128.3050 29.3225 OT20 130.1540 29.2781 3.19 179.737  56.373  91.119
OT05 128.0760 29.0927 OT34 129.4000 27.3185 3.13 235.714  75.380 146.212
OT05 128.0760 29.0927 OT11 128.6350 29.4318 3.32  66.040  19.874  55.174
OT04 128.2550 29.0525 OT23 130.8810 29.5506 3.08 261.075  84.875  77.154
OT03 128.1910 28.8611 OT21 130.5800 29.4695 3.17 241.991  76.386  73.243
OT01 127.7730 28.6329 OT05 128.0760 29.0927 3.30  58.915  17.875  30.046
OT01 127.7730 28.6329 NOMT 131.0600 30.7369 3.18 394.441 123.843  52.955
OKED 128.6160 27.3855 OT28 130.2290 28.5500 2.99 204.546  68.319  50.509
MNTN 130.8700 30.4624 OT23 130.8810 29.5506 2.74 101.076  36.876 179.401
KGM  128.2150 26.7567 OT23 130.8810 29.5506 3.04 405.470 133.378  39.603
KGM  128.2150 26.7567 OKED 128.6160 27.3855 3.16  80.197  25.379  29.598
TKRS 129.2090 29.1442 KYK  130.4100 30.3781 3.33 179.439  53.869  40.045
OT31 129.6990 27.9990 OT26 130.4990 28.8494 2.64 122.591  46.383  39.566
OT19 129.6600 29.2404 OT21 130.5800 29.4695 2.91  92.893  31.878  73.911
OT17 128.4090 28.0396 OT21 130.5800 29.4695 3.12 264.700  84.867  52.709
OT16 127.9510 28.2012 OT31 129.6990 27.9990 3.40 173.193  50.864  97.024
OT16 127.9510 28.2012 OKED 128.6160 27.3855 3.20 111.626  34.872 143.923
OT14 128.4990 28.6807 OT24 130.8400 29.4501 2.97 243.392  81.867  68.927
OT14 128.4990 28.6807 OT23 130.8810 29.5506 2.94 251.092  85.376  66.846
OT13 128.6020 29.0207 OT29 130.5910 28.3600 2.97 207.759  69.882 110.160
OT12 128.6050 29.2506 TAS  130.9090 31.1946 3.19 309.234  96.878  45.253
OT12 128.6050 29.2506 OT24 130.8400 29.4501 3.12 218.139  69.872  83.638
OT12 128.6050 29.2506 OT21 130.5800 29.4695 3.28 193.280  58.855  82.308
OT11 128.6350 29.4318 OT28 130.2290 28.5500 3.17 183.501  57.868 121.795
OT11 128.6350 29.4318 KYK  130.4100 30.3781 3.30 200.969  60.881  58.099
OT07 128.4610 29.7510 OT29 130.5910 28.3600 3.03 258.452  85.382 126.101
OT02 127.8730 28.7925 OT29 130.5910 28.3600 2.96 270.269  91.369  99.566
OT02 127.8730 28.7925 OT14 128.4990 28.6807 3.59  62.442  17.374 101.296
OT02 127.8730 28.7925 OT04 128.2550 29.0525 3.17  47.103  14.873  52.189
OT02 127.8730 28.7925 OKED 128.6160 27.3855 3.35 172.186  51.368 154.727
OT02 127.8730 28.7925 AMG  128.9210 27.8215 3.32 148.859  44.797 136.047
OT01 127.7730 28.6329 OT20 130.1540 29.2781 3.22 242.882  75.336  72.306
OT01 127.7730 28.6329 OT14 128.4990 28.6807 3.33  71.161  21.376  85.558
OT01 127.7730 28.6329 OT13 128.6020 29.0207 3.23  91.592  28.374  61.815
OT01 127.7730 28.6329 OT12 128.6050 29.2506 3.23 106.159  32.877  49.642
GMZK 129.6510 28.4973 NOMT 131.0600 30.7369 3.00 283.274  94.362  28.450
OT31 129.6990 27.9990 OT29 130.5910 28.3600 2.33  96.350  41.334  65.257
OT31 129.6990 27.9990 OT20 130.1540 29.2781 2.98 148.597  49.882  17.336
OT28 130.2290 28.5500 OT25 130.5810 28.9975 2.17  60.377  27.875  34.685
OT27 130.2110 28.9197 OT28 130.2290 28.5500 2.58  41.011  15.877 177.579
OT20 130.1540 29.2781 OT29 130.5910 28.3600 2.43 110.334  45.368 157.152
OT20 130.1540 29.2781 OT28 130.2290 28.5500 2.67  81.023  30.369 174.852
OT19 129.6600 29.2404 OT24 130.8400 29.4501 2.86 116.945  40.876  78.249
OT16 127.9510 28.2012 OT13 128.6020 29.0207 3.27 110.901  33.882  34.864
OT16 127.9510 28.2012 OT05 128.0760 29.0927 3.28  99.558  30.372   7.021
OT16 127.9510 28.2012 OT04 128.2550 29.0525 3.26  98.907  30.377  17.389
OT12 128.6050 29.2506 OT33 129.4500 27.5472 3.18 206.131  64.862 156.122
OT04 128.2550 29.0525 OT07 128.4610 29.7510 3.35  79.978  23.874  14.470
OT03 128.1910 28.8611 OT31 129.6990 27.9990 3.21 175.905  54.867 122.539
OT03 128.1910 28.8611 OT25 130.5810 28.9975 3.14 233.534  74.358  85.714
OT03 128.1910 28.8611 OT20 130.1540 29.2781 3.10 196.671  63.381  75.935
OT03 128.1910 28.8611 OT07 128.4610 29.7510 3.31 102.068  30.874  14.832
OT01 127.7730 28.6329 OT06 128.3050 29.3225 3.26  92.353  28.373  34.019
KYK  130.4100 30.3781 OT21 130.5800 29.4695 3.01 102.053  33.890 170.685
AMG  128.9210 27.8215 TAS  130.9090 31.1946 3.28 420.630 128.358  26.792
TKRS 129.2090 29.1442 TAS  130.9090 31.1946 3.36 280.149  83.378  35.354
TKRS 129.2090 29.1442 OT34 129.4000 27.3185 3.11 203.205  65.360 174.644
TKRS 129.2090 29.1442 OT24 130.8400 29.4501 2.90 162.080  55.870  77.530
OT28 130.2290 28.5500 OT29 130.5910 28.3600 2.38  41.297  17.374 120.571
OT25 130.5810 28.9975 OT24 130.8400 29.4501 3.06  56.127  18.372  26.584
OT17 128.4090 28.0396 OT11 128.6350 29.4318 3.33 155.866  46.877   8.075
OT16 127.9510 28.2012 OT29 130.5910 28.3600 2.92 259.612  88.878  85.492
OT16 127.9510 28.2012 OT25 130.5810 28.9975 3.03 271.965  89.876  70.442
OT14 128.4990 28.6807 TKRS 129.2090 29.1442 3.15  86.201  27.348  53.247
OT13 128.6020 29.0207 OT19 129.6600 29.2404 3.17 105.811  33.368  76.439
OT12 128.6050 29.2506 OKED 128.6160 27.3855 3.29 206.707  62.848 179.716
OT06 128.3050 29.3225 OT23 130.8810 29.5506 3.05 251.221  82.368  83.595
OT05 128.0760 29.0927 OT17 128.4090 28.0396 3.29 121.179  36.877 164.318
OT04 128.2550 29.0525 TAS  130.9090 31.1946 3.22 349.015 108.390  46.475
OT02 127.8730 28.7925 OT16 127.9510 28.2012 3.41  65.983  19.373 173.283
OT01 127.7730 28.6329 OT21 130.5800 29.4695 3.18 288.664  90.832  70.589
KGM  128.2150 26.7567 OT12 128.6050 29.2506 3.21 279.024  86.869   7.813
GMZK 129.6510 28.4973 OT25 130.5810 28.9975 2.70 106.408  39.381  58.378
TKRS 129.2090 29.1442 OT21 130.5800 29.4695 2.97 138.014  46.391  74.524
OT31 129.6990 27.9990 OT30 130.3310 28.1010 2.49  63.174  25.341  79.545
OT27 130.2110 28.9197 OT25 130.5810 28.9975 2.49  37.112  14.874  76.476
OT21 130.5800 29.4695 OT25 130.5810 28.9975 2.45  52.317  21.371 179.883
OT17 128.4090 28.0396 OT30 130.3310 28.1010 3.01 189.020  62.881  87.487
OT17 128.4090 28.0396 OT29 130.5910 28.3600 2.81 217.158  77.363  80.078
OT16 127.9510 28.2012 AMG  128.9210 27.8215 3.22 104.273  32.373 113.573
OT14 128.4990 28.6807 OT30 130.3310 28.1010 2.96 190.681  64.332 109.255
OT14 128.4990 28.6807 OT26 130.4990 28.8494 2.96 196.198  66.373  84.053
OT14 128.4990 28.6807 OT19 129.6600 29.2404 3.24 129.048  39.879  60.990
OT12 128.6050 29.2506 OT30 130.3310 28.1010 2.98 211.373  70.883 126.653
OT11 128.6350 29.4318 OT26 130.4990 28.8494 3.06 192.530  62.857 109.136
OT11 128.6350 29.4318 AMG  128.9210 27.8215 3.35 180.655  53.879 171.015
OT07 128.4610 29.7510 OT19 129.6600 29.2404 3.28 129.284  39.380 115.667
OT03 128.1910 28.8611 GMZK 129.6510 28.4973 3.23 148.307  45.845 105.427
OT01 127.7730 28.6329 OT28 130.2290 28.5500 3.05 240.368  78.887  91.606
OT01 127.7730 28.6329 OT04 128.2550 29.0525 3.24  66.111  20.373  45.180
GMZK 129.6510 28.4973 OT26 130.4990 28.8494 2.83  91.576  32.370  64.575
AMG  128.9210 27.8215 OT30 130.3310 28.1010 2.85 142.131  49.871  77.084
TKRS 129.2090 29.1442 OT33 129.4500 27.5472 3.22 178.564  55.369 172.332
TAS  130.9090 31.1946 NOMT 131.0600 30.7369 2.95  52.749  17.875 164.101
OT34 129.4000 27.3185 OT31 129.6990 27.9990 2.85  80.950  28.374  21.253
OT31 129.6990 27.9990 OT28 130.2290 28.5500 2.60  80.197  30.881  40.286
OT17 128.4090 28.0396 OT23 130.8810 29.5506 3.05 293.732  96.369  54.655
OT17 128.4090 28.0396 GMZK 129.6510 28.4973 3.31 132.007  39.869  67.112
OT16 127.9510 28.2012 OT17 128.4090 28.0396 3.49  48.442  13.876 111.590
OT14 128.4990 28.6807 OT11 128.6350 29.4318 3.26  84.294  25.873   8.994
OT13 128.6020 29.0207 OT31 129.6990 27.9990 3.13 156.051  49.873 136.257
OT11 128.6350 29.4318 OT19 129.6600 29.2404 3.19 101.795  31.871 101.779
OT05 128.0760 29.0927 TKRS 129.2090 29.1442 3.26 110.390  33.872  86.761
OT05 128.0760 29.0927 OT14 128.4990 28.6807 3.26  61.537  18.877 137.804
OT01 127.7730 28.6329 OT16 127.9510 28.2012 3.21  50.924  15.874 159.929
GMZK 129.6510 28.4973 OT19 129.6600 29.2404 3.31  82.367  24.877   0.580
AMG  128.9210 27.8215 OT31 129.6990 27.9990 3.18  79.033  24.877  75.406
TKRS 129.2090 29.1442 MNTN 130.8700 30.4624 3.15 217.128  68.886  47.299
OT33 129.4500 27.5472 GMZK 129.6510 28.4973 3.07 107.134  34.874  10.603
OT30 130.3310 28.1010 OT26 130.4990 28.8494 2.12  84.559  39.868  11.179
OT27 130.2110 28.9197 OT29 130.5910 28.3600 2.23  72.328  32.376 148.962
OT27 130.2110 28.9197 OT23 130.8810 29.5506 2.71  95.578  35.295  42.814
OT26 130.4990 28.8494 OT24 130.8400 29.4501 2.45  74.398  30.379  26.419
OT21 130.5800 29.4695 OT23 130.8810 29.5506 2.57  30.537  11.873  72.806
OT20 130.1540 29.2781 OT26 130.4990 28.8494 2.60  58.170  22.373 144.687
OT17 128.4090 28.0396 OT14 128.4990 28.6807 3.27  71.594  21.874   7.042
OT16 127.9510 28.2012 OT28 130.2290 28.5500 3.15 226.556  71.877  79.639
OT16 127.9510 28.2012 OT14 128.4990 28.6807 3.23  75.529  23.376  45.155
OT11 128.6350 29.4318 OT20 130.1540 29.2781 3.17 148.530  46.870  96.215
OT06 128.3050 29.3225 OT19 129.6600 29.2404 3.39 131.975  38.873  93.624
OT05 128.0760 29.0927 OT23 130.8810 29.5506 3.14 277.145  88.375  78.767
OT03 128.1910 28.8611 OT29 130.5910 28.3600 2.93 241.221  82.384 102.737
GMZK 129.6510 28.4973 OT28 130.2290 28.5500 2.66  56.806  21.372  83.960
OT26 130.4990 28.8494 OT21 130.5800 29.4695 2.49  69.184  27.829   6.538
OT20 130.1540 29.2781 OT24 130.8400 29.4501 2.73  69.263  25.325  73.856
OT20 130.1540 29.2781 OT21 130.5800 29.4695 2.84  46.465  16.372  62.729
OT19 129.6600 29.2404 OT26 130.4990 28.8494 3.00  92.495  30.873 117.736
OT16 127.9510 28.2012 OT03 128.1910 28.8611 3.36  76.815  22.875  17.749
OT07 128.4610 29.7510 OT23 130.8810 29.5506 3.10 235.346  75.869  94.820
OT06 128.3050 29.3225 OT14 128.4990 28.6807 3.37  73.603  21.873 165.072
OT05 128.0760 29.0927 OT26 130.4990 28.8494 3.03 237.671  78.388  95.930
OT03 128.1910 28.8611 OT11 128.6350 29.4318 3.29  76.585  23.285  34.207
OT02 127.8730 28.7925 OT13 128.6020 29.0207 3.23  75.489  23.379  70.250
OT02 127.8730 28.7925 OT06 128.3050 29.3225 3.24  72.283  22.330  35.536
OT02 127.8730 28.7925 NOMT 131.0600 30.7369 3.19 376.127 117.871  54.261
OT01 127.7730 28.6329 GMZK 129.6510 28.4973 3.24 184.386  56.839  94.228
OKED 128.6160 27.3855 AMG  128.9210 27.8215 3.19  56.958  17.877  31.903
MNTN 130.8700 30.4624 TAS  130.9090 31.1946 2.97  81.267  27.372   2.623
KYK  130.4100 30.3781 NOMT 131.0600 30.7369 2.92  73.995  25.375  57.314
AMG  128.9210 27.8215 OT19 129.6600 29.2404 3.27 173.082  52.882  24.518
OT33 129.4500 27.5472 OT31 129.6990 27.9990 2.81  55.746  19.874  26.030
OT19 129.6600 29.2404 OT20 130.1540 29.2781 3.26  48.235  14.819  84.910
OT17 128.4090 28.0396 OKED 128.6160 27.3855 3.37  75.293  22.375 164.264
OT13 128.6020 29.0207 OT27 130.2110 28.9197 3.25 157.232  48.379  93.695
OT13 128.6020 29.0207 OT23 130.8810 29.5506 3.04 229.130  75.372  74.595
OT11 128.6350 29.4318 OT23 130.8810 29.5506 3.15 218.228  69.381  85.991
OT05 128.0760 29.0927 OT25 130.5810 28.9975 3.08 244.212  79.367  91.871
OT03 128.1910 28.8611 TKRS 129.2090 29.1442 3.26 104.008  31.875  72.195
OT03 128.1910 28.8611 OT23 130.8810 29.5506 3.05 272.518  89.379  73.064
OT01 127.7730 28.6329 OT03 128.1910 28.8611 3.23  48.027  14.874  58.123
OKED 128.6160 27.3855 TAS  130.9090 31.1946 3.28 477.377 145.365  27.275
GMZK 129.6510 28.4973 OT27 130.2110 28.9197 2.84  71.981  25.372  49.295
TKRS 129.2090 29.1442 OT25 130.5810 28.9975 3.03 134.620  44.370  96.606
OT19 129.6600 29.2404 OT25 130.5810 28.9975 2.98  93.622  31.375 106.489
OT17 128.4090 28.0396 OT26 130.4990 28.8494 3.07 223.502  72.873  65.833
OT12 128.6050 29.2506 TKRS 129.2090 29.1442 3.66  59.865  16.374 101.213
OT12 128.6050 29.2506 OT10 128.8440 29.6621 3.22  51.136  15.876  26.820
OT07 128.4610 29.7510 MNTN 130.8700 30.4624 3.23 245.204  75.868  70.643
OT06 128.3050 29.3225 OT07 128.4610 29.7510 3.35  49.852  14.877  17.643
OT04 128.2550 29.0525 OT11 128.6350 29.4318 3.32  55.978  16.876  41.227
OT04 128.2550 29.0525 MNTN 130.8700 30.4624 3.18 297.344  93.358  57.653
OT03 128.1910 28.8611 OT26 130.4990 28.8494 3.13 225.183  71.863  89.776
OT01 127.7730 28.6329 AMG  128.9210 27.8215 3.32 144.167  43.372 128.318
OKED 128.6160 27.3855 OT35 129.1000 27.2007 3.00  52.147  17.377 113.005
OT26 130.4990 28.8494 OT29 130.5910 28.3600 2.28  54.988  24.139 170.518
OT20 130.1540 29.2781 OT23 130.8810 29.5506 2.70  76.729  28.376  66.641
OT05 128.0760 29.0927 AMG  128.9210 27.8215 3.38 163.397  48.371 149.365
OT04 128.2550 29.0525 TKRS 129.2090 29.1442 3.41  93.442  27.378  83.523
OKED 128.6160 27.3855 OT33 129.4500 27.5472 2.98  84.396  28.311  77.548
OKED 128.6160 27.3855 NOMT 131.0600 30.7369 3.13 441.159 140.855  32.069
AMG  128.9210 27.8215 OT33 129.4500 27.5472 2.89  60.378  20.878 120.103
OT14 128.4990 28.6807 OT13 128.6020 29.0207 3.59  38.996  10.874  14.881
OT14 128.4990 28.6807 OT12 128.6050 29.2506 3.48  64.009  18.378   9.289
OT11 128.6350 29.4318 TKRS 129.2090 29.1442 3.15  64.239  20.374 119.609
OT07 128.4610 29.7510 TKRS 129.2090 29.1442 3.20  98.913  30.872 132.657
OT02 127.8730 28.7925 OT12 128.6050 29.2506 3.26  87.603  26.872  54.402
OT19 129.6600 29.2404 OT27 130.2110 28.9197 3.01  64.354  21.373 123.394
OT05 128.0760 29.0927 OT13 128.6020 29.0207 3.26  51.814  15.874  98.733
OT05 128.0760 29.0927 OT07 128.4610 29.7510 3.30  81.981  24.873  27.025
OT03 128.1910 28.8611 OT06 128.3050 29.3225 3.52  52.329  14.875  12.207
OKED 128.6160 27.3855 OT34 129.4000 27.3185 2.96  78.001  26.378  95.279
OT13 128.6020 29.0207 TKRS 129.2090 29.1442 3.15  60.663  19.228  76.810
OT07 128.4610 29.7510 OT12 128.6050 29.2506 3.39  57.199  16.873 165.826
